5848472.0,1777928.0,7680.0
5848472.0,1777928.0,7680.0
3135649.3333,2109889.0667,7839.4666667
2718292.0,2160960.0,7864.0
2718292.0,2160960.0,7864.0
1091032.8,2809891.7333,7923.7333333
974800.0,2856244.0,7928.0
974800.0,2856244.0,7928.0
196803.2,3063455.2,7987.7333333
141232.0,3078256.0,7992.0
141732.26667,2924401.6,8044.2666667
141768.0,2913412.0,8048.0
141768.0,2913412.0,8048.0
412126.4,2591812.8,7573.0666667
453720.0,2542336.0,7500.0
453720.0,2542336.0,7500.0
287018.4,2706465.3333,7555.4666667
261372.0,2731716.0,7564.0
143085.06667,2863357.0667,7623.7333333
134636.0,2872760.0,7628.0
134636.0,2872760.0,7628.0
122002.4,2830957.8667,7684.0
121100.0,2827972.0,7688.0
121100.0,2827972.0,7688.0
133656.0,2815076.0,7756.0
133656.0,2815076.0,7756.0
134530.13333,2814383.7333,7764.5333333
140212.0,2809884.0,7820.0
139231.73333,2810274.4,7827.4666667
132860.0,2812812.0,7876.0
132860.0,2812812.0,7876.0
189274.4,2754063.4667,7879.7333333
979076.0,1931584.0,7932.0
979076.0,1931584.0,7932.0
979076.0,1931584.0,7932.0
782532.0,2130060.0,7996.0
782532.0,2130060.0,7996.0
627312.0,2264520.0,8068.0
627312.0,2264520.0,8068.0
614046.66667,2277766.9333,8072.2666667
428332.0,2463224.0,8132.0
428332.0,2463224.0,8132.0
428332.0,2463224.0,8132.0
278192.0,2597724.0,8188.0
269021.33333,2606473.3333,8191.7333333
140632.0,2728964.0,8244.0
140632.0,2728964.0,8244.0
141288.53333,2724478.6667,8252.5333333
145556.0,2695324.0,8308.0
145556.0,2695324.0,8308.0
264279.73333,2577562.4,8316.5333333
1035984.0,1812112.0,8372.0
1016558.4,1836872.8,8383.2
938856.0,1935916.0,8428.0
938856.0,1935916.0,8428.0
896851.2,1977816.8,8445.6
728832.0,2145420.0,8516.0
728832.0,2145420.0,8516.0
703208.8,2170179.2,8527.2
600716.0,2269216.0,8572.0
560536.0,2309128.0,8583.2
399816.0,2468776.0,8628.0
399816.0,2468776.0,8628.0
595384.8,2272436.8,8640.8
1377660.0,1487080.0,8692.0
1377660.0,1487080.0,8692.0
2012446.1333,1487054.9333,8699.4666667
