vda,0.60,0.00,0.00,0,0
vda,1.60,0.00,0.01,0,0
vda,0.00,0.00,0.00,0,0
vda,0.60,0.00,0.00,0,0
vda,0.00,0.00,0.00,0,0
vda,32.00,0.34,0.01,1,0
vda,23.40,0.00,0.11,0,0
vda,363.60,4.47,0.01,22,0
vda,376.40,5.08,0.01,25,0
vda,189.00,19.43,0.02,97,0
vda,43.40,9.71,0.01,48,0
vda,46.80,16.42,0.02,82,0
vda,2.60,0.00,0.01,0,0
vda,21.40,0.09,0.03,0,0
vda,1.80,0.00,0.01,0,0
vda,75.40,0.77,0.06,3,0
vda,72.40,0.56,0.03,2,0
vda,7.80,0.03,0.03,0,0
vda,28.20,0.00,3.46,0,17
vda,10.00,0.00,0.04,0,0
vda,7.80,0.00,0.03,0,0
vda,5.20,0.00,0.02,0,0
vda,6.00,0.00,0.02,0,0
vda,10.80,0.00,0.04,0,0
vda,7.20,0.00,0.03,0,0
vda,6.20,0.00,0.07,0,0
vda,5.60,0.00,0.02,0,0
vda,9.00,0.00,0.04,0,0
vda,24.40,0.08,4.17,0,20
vda,8.40,0.00,0.03,0,0
vda,0.00,0.00,0.00,0,0
vda,0.60,0.00,0.00,0,0
vda,0.00,0.00,0.00,0,0
vda,0.60,0.00,0.00,0,0
vda,6.00,0.00,0.03,0,0
vda,3.80,0.00,0.01,0,0
vda,1.20,0.00,0.00,0,0
vda,0.00,0.00,0.00,0,0
