vda,28.40,0.07,0.12,0,0
vda,2.00,0.00,0.01,0,0
vda,0.00,0.00,0.00,0,0
vda,0.60,0.00,0.00,0,0
vda,0.80,0.00,0.00,0,0
vda,0.00,0.00,0.00,0,0
vda,1.40,0.00,0.01,0,0
vda,2.80,0.00,0.01,0,0
vda,1.00,0.00,0.00,0,0
vda,0.00,0.00,0.00,0,0
vda,2.00,0.00,0.01,0,0
vda,10.20,0.00,0.04,0,0
vda,291.40,3.61,0.02,18,0
vda,233.40,2.61,0.02,13,0
vda,228.80,3.32,0.01,16,0
vda,155.00,1.66,0.09,8,0
vda,135.20,1.16,0.02,5,0
vda,6.20,0.00,0.02,0,0
vda,15.60,0.01,0.05,0,0
vda,6.00,0.00,0.02,0,0
vda,30.80,0.09,3.03,0,15
vda,8.00,0.00,0.03,0,0
vda,0.00,0.00,0.00,0,0
vda,0.60,0.00,0.00,0,0
vda,0.00,0.00,0.00,0,0
vda,6.40,0.00,0.04,0,0
vda,1.00,0.00,0.00,0,0
vda,0.80,0.00,0.00,0,0
vda,0.00,0.00,0.00,0,0
vda,1.80,0.00,0.01,0,0
