vda,0.60,0.00,0.00,0,0
vda,1.60,0.00,0.01,0,0
vda,0.00,0.00,0.00,0,0
vda,0.60,0.00,0.00,0,0
vda,0.00,0.00,0.00,0,0
vda,1.40,0.00,0.01,0,0
vda,42.60,0.12,0.12,0,0
vda,347.40,4.26,0.01,21,0
vda,376.20,4.76,0.02,23,0
vda,201.00,10.57,0.02,52,0
vda,37.00,2.11,0.15,10,0
vda,17.80,4.42,0.01,22,0
vda,2.60,0.00,0.01,0,0
vda,25.00,8.10,0.03,40,0
vda,7.20,0.00,0.04,0,0
vda,5.80,0.04,0.01,0,0
vda,131.20,1.25,0.00,6,0
vda,8.00,0.01,0.04,0,0
vda,7.40,0.03,0.02,0,0
vda,17.80,0.00,3.01,0,15
vda,0.00,0.00,0.00,0,0
vda,10.80,0.00,0.04,0,0
vda,3.80,0.00,0.01,0,0
vda,2.40,0.00,0.01,0,0
vda,4.00,0.00,0.01,0,0
vda,8.60,0.00,0.04,0,0
vda,12.40,0.00,3.13,0,15
vda,0.00,0.00,0.00,0,0
vda,5.40,0.00,0.02,0,0
vda,2.80,0.00,0.01,0,0
vda,5.40,0.00,0.02,0,0
vda,10.40,0.02,0.04,0,0
vda,14.20,0.00,0.09,0,0
vda,3.80,0.00,0.01,0,0
vda,3.20,0.00,0.01,0,0
vda,10.00,0.00,3.09,0,15
vda,5.20,0.00,0.02,0,0
vda,5.20,0.00,0.02,0,0
vda,3.60,0.00,0.01,0,0
vda,0.00,0.00,0.00,0,0
vda,3.80,0.00,0.01,0,0
vda,6.20,0.00,0.03,0,0
vda,8.60,0.00,0.04,0,0
vda,2.80,0.00,0.01,0,0
vda,12.60,0.00,0.05,0,0
vda,7.20,0.00,0.03,0,0
vda,0.00,0.00,0.00,0,0
vda,6.40,0.00,0.03,0,0
vda,9.20,0.00,0.04,0,0
vda,12.00,0.08,0.05,0,0
vda,0.00,0.00,0.00,0,0
vda,0.60,0.00,0.00,0,0
vda,0.00,0.00,0.00,0,0
vda,1.80,0.00,0.01,0,0
vda,2.60,0.00,0.01,0,0
vda,1.20,0.00,0.00,0,0
vda,5.40,0.00,0.03,0,0
vda,1.20,0.00,0.00,0,0
