vda,143.20,0.00,0.58,0,2
vda,3.40,0.00,0.01,0,0
vda,5.20,0.00,0.02,0,0
vda,127.40,0.00,0.52,0,2
vda,1.20,0.00,0.00,0,0
vda,5.20,0.00,0.02,0,0
vda,127.00,0.00,0.51,0,2
vda,3.00,0.00,0.01,0,0
vda,11.60,0.00,0.04,0,0
vda,11.80,0.00,0.24,0,1
vda,14.20,3.67,0.01,18,0
vda,9.20,0.00,0.04,0,0
vda,213.60,0.00,0.98,0,4
vda,9.40,0.00,0.09,0,0
vda,5.40,0.00,0.02,0,0
vda,0.20,0.00,0.00,0,0
vda,0.60,0.00,0.00,0,0
vda,137.60,0.00,0.62,0,3
vda,1.80,0.00,0.01,0,0
vda,6.20,0.00,0.02,0,0
vda,1.60,0.00,0.01,0,0
vda,146.00,0.00,0.79,0,3
