vda,1.20,0.00,0.01,0,0
vda,29.40,0.00,0.12,0,0
vda,2.00,0.00,0.01,0,0
vda,2.00,0.00,0.01,0,0
vda,1.80,0.00,0.01,0,0
vda,1.80,0.00,0.01,0,0
vda,5.60,0.00,0.02,0,0
vda,2.20,0.00,0.01,0,0
vda,2.00,0.00,0.01,0,0
vda,2.00,0.00,0.01,0,0
vda,1.80,0.00,0.01,0,0
vda,1.80,0.00,0.01,0,0
vda,365.80,4.51,0.01,22,0
vda,418.60,5.44,0.05,27,0
vda,175.20,20.91,0.04,104,0
vda,81.20,23.43,0.03,117,0
vda,13.20,3.25,0.02,16,0
vda,0.00,0.00,0.00,0,0
vda,2.20,0.00,0.01,0,0
vda,3.20,0.00,0.02,0,0
vda,3.80,0.00,0.06,0,0
vda,14.00,0.00,0.06,0,0
vda,136.80,1.30,0.00,6,0
vda,6.20,0.03,0.02,0,0
vda,27.80,0.00,0.11,0,0
vda,13.00,0.00,0.05,0,0
vda,0.00,0.00,0.00,0,0
vda,9.00,0.09,0.05,0,0
vda,22.20,0.00,0.11,0,0
vda,2.00,0.00,0.01,0,0
vda,3.00,0.00,0.01,0,0
vda,1.80,0.00,0.01,0,0
vda,2.00,0.00,0.01,0,0
vda,2.80,0.00,0.01,0,0
vda,3.00,0.00,0.01,0,0
vda,2.00,0.00,0.01,0,0
