vda,87.40,0.00,0.34,0,1
vda,7.20,0.00,0.03,0,0
vda,1.60,0.00,0.01,0,0
vda,169.40,0.00,0.69,0,3
vda,5.80,0.00,0.02,0,0
vda,1.80,0.00,0.01,0,0
vda,0.00,0.00,0.00,0,0
vda,138.00,0.00,0.56,0,2
vda,12.20,0.00,0.05,0,0
vda,1.80,0.00,0.01,0,0
vda,1.40,0.00,0.01,0,0
vda,8.80,0.00,0.03,0,0
vda,200.00,0.00,0.93,0,4
vda,5.40,0.00,0.02,0,0
vda,11.60,0.00,0.05,0,0
vda,5.60,0.00,0.28,0,1
vda,9.80,0.00,0.04,0,0
vda,0.00,0.00,0.00,0,0
vda,2.40,0.00,0.02,0,0
vda,134.40,0.00,0.60,0,2
vda,9.00,0.00,0.04,0,0
vda,0.00,0.00,0.00,0,0
vda,1.80,0.00,0.01,0,0
vda,195.00,0.00,0.78,0,3
