vda,26.20,0.00,0.12,0,0
vda,3.00,0.00,0.01,0,0
vda,0.00,0.00,0.00,0,0
vda,0.80,0.00,0.00,0,0
vda,0.00,0.00,0.00,0,0
vda,0.60,0.00,0.00,0,0
vda,0.80,0.00,0.01,0,0
vda,2.80,0.00,0.01,0,0
vda,0.60,0.00,0.00,0,0
vda,0.80,0.00,0.00,0,0
vda,2.20,0.00,0.01,0,0
vda,1.00,0.00,0.00,0,0
vda,201.80,2.43,0.01,12,0
vda,319.80,3.79,0.01,18,0
vda,332.00,4.41,0.01,22,0
vda,177.80,1.70,0.04,8,0
vda,14.00,0.03,0.05,0,0
vda,15.40,0.00,0.06,0,0
vda,8.20,0.09,0.04,0,0
vda,4.20,0.00,0.02,0,0
vda,2.00,0.00,0.01,0,0
vda,0.20,0.00,0.00,0,0
vda,9.00,0.00,0.06,0,0
vda,0.00,0.00,0.00,0,0
vda,1.40,0.00,0.01,0,0
vda,8.20,0.00,0.03,0,0
vda,0.00,0.00,0.00,0,0
