vda,0.20,0.00,0.00,0,0
vda,41.20,0.08,0.11,0,0
vda,2.40,0.00,0.01,0,0
vda,0.00,0.00,0.00,0,0
vda,0.60,0.00,0.00,0,0
vda,1.40,0.00,0.01,0,0
vda,1.00,0.00,0.00,0,0
vda,0.80,0.00,0.01,0,0
vda,1.20,0.00,0.00,0,0
vda,2.60,0.00,0.01,0,0
vda,0.00,0.00,0.00,0,0
vda,8.00,0.00,0.03,0,0
vda,275.40,3.45,0.00,17,0
vda,246.00,2.77,0.02,13,0
vda,303.40,8.94,0.02,44,0
vda,91.60,7.03,0.02,35,0
vda,148.40,1.34,0.04,6,0
vda,6.60,0.00,0.03,0,0
vda,16.40,0.01,0.05,0,0
vda,7.80,0.00,0.05,0,0
vda,16.40,0.09,0.07,0,0
vda,0.00,0.00,0.00,0,0
vda,10.20,0.00,0.06,0,0
vda,3.20,0.00,0.01,0,0
vda,16.00,0.09,0.00,0,0
vda,17.20,0.00,0.07,0,0
vda,0.80,0.00,0.00,0,0
vda,0.00,0.00,0.00,0,0
vda,0.80,0.00,0.00,0,0
vda,2.80,0.00,0.01,0,0
