vda,0.60,0.00,0.00,0,0
vda,0.80,0.00,0.00,0,0
vda,0.00,0.00,0.00,0,0
vda,28.60,0.28,0.00,1,0
vda,2.40,0.07,0.00,0,0
vda,1.40,0.00,0.01,0,0
vda,28.40,0.00,0.12,0,0
vda,192.60,2.30,0.00,11,0
vda,339.40,4.03,0.01,20,0
vda,361.80,8.19,0.02,40,0
vda,46.20,11.18,0.01,55,0
vda,9.80,1.62,0.02,8,0
vda,4.40,1.62,0.00,8,0
vda,22.40,2.56,0.07,12,0
vda,2.20,0.00,0.02,0,0
vda,2.60,0.00,0.06,0,0
vda,0.00,0.00,0.00,0,0
vda,1.00,0.00,0.01,0,0
vda,137.60,1.28,0.01,6,0
vda,13.00,0.04,0.04,0,0
vda,6.40,0.00,0.04,0,0
vda,5.00,0.00,0.02,0,0
vda,0.00,0.00,0.00,0,0
vda,11.60,0.00,0.05,0,0
vda,6.20,0.00,0.03,0,0
vda,4.80,0.00,0.02,0,0
vda,7.80,0.00,0.03,0,0
vda,3.60,0.00,0.06,0,0
vda,6.20,0.09,0.02,0,0
vda,6.20,0.00,0.03,0,0
vda,0.00,0.00,0.00,0,0
vda,8.00,0.00,0.03,0,0
vda,2.00,0.00,0.01,0,0
vda,0.00,0.00,0.00,0,0
vda,5.80,0.00,0.03,0,0
vda,2.80,0.00,0.01,0,0
vda,0.80,0.00,0.00,0,0
vda,0.00,0.00,0.00,0,0
