3451235.7333,76262.933333,3452.5333333
3393736.0,87576.0,4212.0
3393736.0,87576.0,4212.0
2667457.0667,225733.6,4943.7333333
1837424.0,383628.0,5780.0
1810427.2,383628.0,5807.2
1769932.0,383628.0,5848.0
1769932.0,383628.0,5848.0
1689370.4,391048.0,5943.2
1597300.0,399528.0,6052.0
1597300.0,399528.0,6052.0
1604811.4667,418894.4,6118.1333333
1611384.0,435840.0,6176.0
1563751.2,433123.2,6228.8
1531996.0,431312.0,6264.0
1531996.0,431312.0,6264.0
1451961.3333,434453.33333,6306.6666667
1411944.0,436024.0,6328.0
1411944.0,436024.0,6328.0
2467296.0,408851.2,6359.2
