vda,21.20,0.00,0.09,0,0
vda,3.60,0.00,0.01,0,0
vda,2.00,0.00,0.01,0,0
vda,12.40,0.00,0.06,0,0
vda,2.40,0.00,0.01,0,0
vda,10.78,0.00,0.05,0,0
vda,2.00,0.00,0.01,0,0
vda,1.80,0.00,0.01,0,0
vda,1.80,0.00,0.01,0,0
vda,2.00,0.00,0.01,0,0
vda,1.80,0.00,0.01,0,0
vda,3.00,0.00,0.01,0,0
vda,369.00,4.46,0.02,22,0
vda,152.40,1.75,0.01,8,0
vda,364.40,4.82,0.02,24,0
vda,144.00,1.33,0.02,6,0
vda,9.60,0.00,0.04,0,0
vda,14.40,0.00,0.06,0,0
vda,8.00,0.09,0.04,0,0
vda,16.20,0.00,0.09,0,0
vda,2.60,0.00,0.01,0,0
vda,1.80,0.00,0.01,0,0
vda,4.20,0.00,0.02,0,0
vda,2.40,0.00,0.01,0,0
vda,2.60,0.00,0.01,0,0
vda,11.80,0.00,0.05,0,0
vda,0.00,0.00,0.00,0,0
