6763156.0,870020.0,12536.0
6763156.0,870020.0,12536.0
4761796.0,1178108.0,12588.8
3427556.0,1383500.0,12624.0
2259447.2,1957402.4,12655.2
1480708.0,2340004.0,12676.0
1480708.0,2340004.0,12676.0
498366.93333,2783374.4,11338.4
141152.0,2944600.0,10852.0
141152.0,2944600.0,10852.0
137500.0,2506492.0,10904.8
136172.0,2347180.0,10924.0
136172.0,2347180.0,10924.0
404626.4,1940725.6,10978.4
471740.0,1839112.0,10992.0
226575.2,2144772.8,11043.2
165284.0,2221188.0,11056.0
165284.0,2221188.0,11056.0
133075.2,2253285.8667,11208.533333
128120.0,2258224.0,11232.0
128120.0,2258224.0,11232.0
766336.8,1590329.0667,11277.066667
864524.0,1487576.0,11284.0
5767981.8667,1161206.6667,11342.933333
6522360.0,1110996.0,11352.0
