vda,0.20,0.00,0.00,0,0
vda,1.60,0.00,0.01,0,0
vda,0.60,0.00,0.00,0,0
vda,0.80,0.00,0.01,0,0
vda,2.79,0.00,0.01,0,0
vda,4.60,0.00,0.02,0,0
vda,26.60,0.00,0.13,0,0
vda,2.00,0.00,0.01,0,0
vda,5.60,0.00,0.02,0,0
vda,3.00,0.00,0.02,0,0
vda,3.20,0.00,0.01,0,0
vda,3.80,0.00,0.01,0,0
vda,12.80,0.00,1.76,0,8
vda,8.20,0.00,0.03,0,0
vda,5.00,0.00,0.02,0,0
vda,0.00,0.00,0.00,0,0
vda,4.00,0.00,0.02,0,0
vda,4.60,0.00,0.02,0,0
vda,5.00,0.00,0.03,0,0
vda,16.40,0.00,0.52,0,2
vda,5.20,0.00,0.44,0,2
vda,3.80,0.00,0.86,0,4
vda,14.20,0.00,0.06,0,0
vda,3.40,0.00,0.01,0,0
vda,7.40,0.00,0.04,0,0
vda,0.00,0.00,0.00,0,0
vda,18.00,0.00,0.11,0,0
vda,0.00,0.00,0.00,0,0
vda,0.80,0.00,0.00,0,0
vda,3.00,0.00,0.01,0,0
vda,0.00,0.00,0.00,0,0
vda,1.00,0.00,0.00,0,0
vda,12.20,0.00,0.05,0,0
