vda,0.60,0.00,0.00,0,0
vda,24.60,0.00,0.11,0,0
vda,34.00,0.34,0.02,1,0
vda,2.20,0.00,0.01,0,0
vda,0.00,0.00,0.00,0,0
vda,11.20,0.00,0.05,0,0
vda,2.40,0.00,0.01,0,0
vda,420.40,5.14,0.02,25,0
vda,433.40,5.54,0.02,27,0
vda,95.40,16.45,0.02,82,0
vda,19.40,2.23,0.02,11,0
vda,133.00,1.14,0.02,5,0
vda,14.00,0.03,0.06,0,0
vda,7.20,0.00,0.04,0,0
vda,13.60,0.00,0.10,0,0
vda,7.20,0.00,0.03,0,0
vda,9.20,0.00,0.03,0,0
vda,8.00,0.00,0.03,0,0
vda,7.40,0.00,0.03,0,0
vda,20.20,0.00,0.12,0,0
vda,8.00,0.09,0.04,0,0
vda,8.60,0.00,0.03,0,0
vda,2.00,0.00,0.01,0,0
vda,0.80,0.00,0.01,0,0
vda,2.20,0.00,0.01,0,0
vda,2.00,0.00,0.01,0,0
vda,7.20,0.00,0.04,0,0
vda,9.20,0.00,0.04,0,0
vda,0.00,0.00,0.00,0,0
vda,2.60,0.00,0.01,0,0
vda,2.20,0.00,0.01,0,0
vda,2.40,0.00,0.01,0,0
vda,2.20,0.00,0.01,0,0
vda,0.40,0.00,0.00,0,0
vda,3.20,0.00,0.01,0,0
