vda,0.60,0.00,0.00,0,0
vda,0.80,0.00,0.00,0,0
vda,0.00,0.00,0.00,0,0
vda,19.60,0.00,0.10,0,0
vda,1.60,0.00,0.01,0,0
vda,27.80,0.27,0.00,1,0
vda,12.80,0.07,0.05,0,0
vda,338.60,4.22,0.01,21,0
vda,173.00,1.95,0.01,9,0
vda,359.40,4.72,0.02,23,0
vda,154.20,1.43,0.02,7,0
vda,12.00,0.00,0.04,0,0
vda,13.20,0.09,0.05,0,0
vda,9.40,0.00,0.09,0,0
vda,0.00,0.00,0.00,0,0
vda,1.00,0.00,0.00,0,0
vda,1.20,0.00,0.00,0,0
vda,1.40,0.00,0.01,0,0
vda,1.60,0.00,0.01,0,0
vda,1.00,0.00,0.00,0,0
vda,4.20,0.00,0.02,0,0
vda,0.80,0.00,0.00,0,0
