vda,0.00,0.00,0.00,0,0
vda,28.60,0.00,0.11,0,0
vda,106.20,0.00,0.42,0,2
vda,1.60,0.00,0.01,0,0
vda,5.80,0.00,0.02,0,0
vda,1.20,0.00,0.00,0,0
vda,7.20,0.00,0.22,0,1
vda,8.00,0.00,0.04,0,0
vda,202.40,0.00,0.81,0,4
vda,2.60,0.00,0.01,0,0
vda,0.00,0.00,0.00,0,0
vda,5.00,0.00,0.02,0,0
vda,131.20,0.00,0.54,0,2
vda,9.20,0.00,0.04,0,0
vda,5.40,0.00,0.02,0,0
vda,8.80,0.47,0.01,2,0
vda,22.00,0.00,0.09,0,0
vda,142.00,0.00,0.70,0,3
vda,8.60,0.00,0.23,0,1
vda,6.80,0.00,0.03,0,0
vda,0.00,0.00,0.00,0,0
vda,194.00,0.00,0.78,0,3
vda,1.00,0.00,0.00,0,0
vda,5.00,0.00,0.02,0,0
vda,0.60,0.00,0.00,0,0
vda,8.60,0.01,0.03,0,0
