vda,5.60,1.20,0.01,6,0
vda,5.00,0.80,0.01,4,0
vda,4.60,1.20,0.01,6,0
vda,3.80,0.80,0.01,4,0
vda,4.00,1.20,0.00,6,0
vda,25.00,0.80,0.10,4,0
vda,4.19,1.22,0.00,6,0
vda,4.40,0.83,0.01,4,0
vda,19.60,1.23,0.12,6,0
vda,6.80,0.80,0.02,4,0
vda,6.00,1.20,0.01,6,0
vda,11.60,0.80,0.04,4,0
vda,8.60,1.23,0.02,6,0
vda,2.20,0.80,0.00,4,0
vda,7.20,1.20,0.02,6,0
vda,6.00,0.80,0.01,4,0
vda,6.20,0.80,0.02,4,0
vda,7.60,1.20,0.02,6,0
vda,21.40,0.80,0.09,4,0
vda,9.80,1.22,1.80,6,9
vda,7.80,0.83,1.83,4,9
vda,7.40,1.23,1.81,6,9
vda,8.20,0.80,1.86,4,9
vda,9.20,1.20,1.84,6,9
vda,7.60,0.80,1.86,4,9
vda,23.60,1.23,0.10,6,0
vda,6.00,0.80,0.02,4,0
vda,6.00,1.20,0.01,6,0
vda,5.80,0.80,0.01,4,0
vda,15.60,1.20,1.86,6,9
vda,4.80,0.80,1.85,4,9
vda,13.60,1.20,1.84,6,9
vda,9.80,0.82,1.87,4,9
vda,11.80,1.23,0.04,6,0
vda,4.80,0.83,3.66,4,18
vda,5.20,1.20,0.01,6,0
vda,8.80,0.80,0.03,4,0
vda,10.60,1.23,0.03,6,0
vda,3.00,0.80,0.00,4,0
vda,3.00,0.80,0.00,4,0
vda,8.60,1.20,0.03,6,0
vda,4.20,0.80,0.01,4,0
vda,3.80,1.20,0.00,6,0
vda,2.20,0.80,0.00,4,0
vda,4.00,1.21,0.00,6,0
