vda,26.40,0.00,0.12,0,0
vda,2.80,0.00,0.01,0,0
vda,32.80,0.34,0.02,1,0
vda,10.00,0.00,0.05,0,0
vda,17.40,0.08,0.01,0,0
vda,2.00,0.00,0.01,0,0
vda,1.80,0.00,0.01,0,0
vda,1.80,0.00,0.01,0,0
vda,1.80,0.00,0.01,0,0
vda,3.00,0.00,0.01,0,0
vda,4.20,0.00,0.02,0,0
vda,0.00,0.00,0.00,0,0
vda,287.00,3.61,0.01,18,0
vda,358.40,4.06,0.02,20,0
vda,237.40,7.68,0.02,38,0
vda,17.60,1.69,0.02,8,0
vda,134.00,1.16,0.02,5,0
vda,11.20,0.00,0.05,0,0
vda,13.40,0.00,0.05,0,0
vda,8.60,0.00,0.05,0,0
vda,16.40,0.09,0.11,0,0
vda,0.60,0.00,0.01,0,0
vda,4.80,0.00,0.02,0,0
vda,17.80,0.00,0.10,0,0
vda,2.20,0.00,0.01,0,0
vda,0.00,0.00,0.00,0,0
vda,1.80,0.00,0.01,0,0
vda,4.00,0.00,0.02,0,0
vda,2.60,0.00,0.01,0,0
