vda,0.60,0.00,0.00,0,0
vda,1.80,0.00,0.01,0,0
vda,0.00,0.00,0.00,0,0
vda,0.80,0.00,0.00,0,0
vda,0.00,0.00,0.00,0,0
vda,1.40,0.00,0.01,0,0
vda,47.40,0.18,0.10,0,0
vda,356.20,4.39,0.02,21,0
vda,404.80,5.40,0.01,26,0
vda,160.80,7.98,0.02,39,0
vda,144.20,4.36,0.01,21,0
vda,18.60,0.06,0.06,0,0
vda,12.40,0.09,0.06,0,0
vda,20.80,0.00,0.14,0,0
vda,0.00,0.00,0.00,0,0
vda,1.00,0.00,0.00,0,0
vda,6.40,0.00,0.03,0,0
vda,2.40,0.00,0.01,0,0
vda,11.00,0.00,0.05,0,0
vda,1.00,0.00,0.00,0,0
vda,0.00,0.00,0.00,0,0
vda,0.60,0.00,0.00,0,0
