3473820.0,67204.0,2796.0
3261120.8,89663.2,3386.4
2410324.0,179500.0,5748.0
2410324.0,179500.0,5748.0
2369020.0,182836.0,5764.8
2203804.0,196180.0,5832.0
2203804.0,196180.0,5832.0
2161899.4667,202269.06667,5842.6666667
1889520.0,241848.0,5912.0
1889921.6,244169.06667,5920.0
1895544.0,276664.0,6032.0
1895544.0,276664.0,6032.0
1895515.7333,275753.86667,6041.6
1895120.0,263012.0,6176.0
1895120.0,263012.0,6176.0
1895193.0667,263014.13333,6181.8666667
1896216.0,263044.0,6264.0
1893722.1333,270478.66667,6310.9333333
1893722.1333,270478.66667,6310.9333333
1891540.0,276984.0,6352.0
1887446.4,278846.13333,6356.2666667
1830136.0,304916.0,6416.0
1830136.0,304916.0,6416.0
1773542.9333,282626.93333,6452.2666667
1773542.9333,282626.93333,6452.2666667
1724024.0,263124.0,6484.0
1676672.0,291020.0,6540.0
1676672.0,291020.0,6540.0
1676672.0,291020.0,6540.0
1720404.0,263164.0,6588.0
1720404.0,263164.0,6588.0
1825330.4,261778.93333,6591.4666667
