vda,28.20,0.27,0.00,1,0
vda,4.80,0.07,0.01,0,0
vda,2.20,0.00,0.01,0,0
vda,1.80,0.00,0.01,0,0
vda,2.80,0.00,0.01,0,0
vda,4.00,0.00,0.02,0,0
vda,25.20,0.00,0.11,0,0
vda,441.00,5.40,0.02,26,0
vda,453.60,7.19,0.02,35,0
vda,63.80,14.17,0.03,70,0
vda,139.40,3.34,0.00,16,0
vda,10.60,0.06,0.02,0,0
vda,22.80,0.09,0.11,0,0
vda,7.40,0.00,0.03,0,0
vda,2.20,0.00,0.01,0,0
vda,1.40,0.00,0.01,0,0
vda,9.20,0.00,0.04,0,0
vda,2.60,0.00,0.01,0,0
vda,13.60,0.00,0.07,0,0
vda,2.60,0.00,0.01,0,0
vda,2.00,0.00,0.01,0,0
vda,1.80,0.00,0.01,0,0
vda,0.00,0.00,0.00,0,0
vda,1.80,0.00,0.01,0,0
vda,2.60,0.00,0.01,0,0
vda,2.80,0.00,0.01,0,0
