vda,0.60,0.00,0.00,0,0
vda,1.60,0.00,0.01,0,0
vda,24.20,0.00,0.11,0,0
vda,1.40,0.00,0.01,0,0
vda,0.80,0.00,0.00,0,0
vda,0.00,0.00,0.00,0,0
vda,28.40,0.28,0.00,1,0
vda,195.40,2.42,0.00,12,0
vda,361.00,4.25,0.02,21,0
vda,347.60,10.62,0.03,53,0
vda,13.00,3.75,0.01,18,0
vda,6.20,2.43,0.00,12,0
vda,12.80,4.80,0.00,24,0
vda,10.60,0.72,0.03,3,0
vda,13.80,4.95,0.02,24,0
vda,2.40,0.01,0.06,0,0
vda,152.40,1.40,0.02,7,0
vda,6.40,0.03,0.02,0,0
vda,14.40,0.09,0.06,0,0
vda,5.60,0.00,0.02,0,0
vda,0.40,0.00,0.01,0,0
vda,0.80,0.00,0.00,0,0
vda,0.80,0.00,0.00,0,0
vda,12.60,0.00,0.08,0,0
vda,0.80,0.00,0.00,0,0
vda,0.60,0.00,0.00,0,0
vda,0.80,0.00,0.01,0,0
