vda,2.60,0.00,0.01,0,0
vda,2.20,0.00,0.01,0,0
vda,0.00,0.00,0.00,0,0
vda,0.80,0.00,0.00,0,0
vda,0.80,0.00,0.00,0,0
vda,2.00,0.00,0.01,0,0
vda,19.80,0.00,0.10,0,0
vda,350.00,6.69,0.01,33,0
vda,341.80,8.52,0.02,42,0
vda,263.40,25.99,0.02,129,0
vda,81.20,25.06,0.00,125,0
vda,70.60,25.42,0.01,127,0
vda,71.80,21.01,0.07,105,0
vda,52.40,19.78,0.01,98,0
vda,52.40,18.54,0.02,92,0
vda,60.60,21.36,0.07,106,0
vda,55.60,21.00,0.00,104,0
vda,59.80,21.32,0.01,106,0
vda,52.80,19.45,0.01,97,0
vda,78.00,23.16,0.06,115,0
vda,49.80,18.13,0.01,90,0
vda,73.00,24.20,0.05,121,0
vda,60.20,21.80,0.01,108,0
vda,48.20,17.74,0.01,88,0
vda,64.60,23.78,0.01,118,0
vda,42.80,14.93,0.03,74,0
vda,58.00,22.18,0.00,110,0
vda,59.20,19.76,0.03,98,0
vda,109.40,16.60,47.58,83,237
vda,43.00,14.45,0.26,72,1
vda,69.00,22.89,0.01,114,0
vda,156.40,17.43,50.39,87,251
vda,63.20,20.55,2.90,102,14
vda,49.60,18.51,0.01,92,0
vda,93.60,13.31,27.43,66,137
vda,2381.40,55.22,70.64,276,353
vda,3311.00,76.15,96.35,380,481
vda,160.60,3.62,6.00,18,30
vda,71.00,2.48,1.73,12,8
vda,23.40,0.21,0.00,1,0
vda,8.00,0.15,0.00,0,0
vda,131.40,1.31,0.01,6,0
vda,37.40,0.23,4.45,1,22
vda,16.80,0.00,3.99,0,19
vda,18.40,0.00,4.40,0,22
vda,19.00,0.03,4.14,0,20
vda,17.40,0.00,4.39,0,21
vda,19.60,0.00,4.39,0,21
vda,33.60,0.19,4.13,0,20
vda,44.60,1.58,3.70,7,18
vda,20.80,0.14,3.70,0,18
vda,13.40,0.00,7.50,0,37
vda,14.60,0.00,3.69,0,18
vda,64.20,0.22,4.00,1,20
vda,16.40,0.01,3.76,0,18
vda,15.40,0.00,3.69,0,18
vda,21.00,0.00,7.48,0,37
vda,13.60,0.00,3.65,0,18
vda,19.80,0.06,3.90,0,19
vda,147.40,2.10,10.93,10,54
vda,867.00,17.95,0.02,89,0
vda,982.60,22.21,0.01,111,0
vda,708.80,23.71,0.01,118,0
vda,214.60,7.77,0.00,38,0
vda,34.00,0.05,3.72,0,18
vda,15.80,0.01,3.44,0,17
vda,19.40,0.02,3.51,0,17
vda,18.80,0.00,6.80,0,34
vda,24.40,0.00,6.99,0,34
vda,25.00,0.00,7.11,0,35
vda,56.80,0.80,3.57,4,17
vda,24.40,0.20,3.39,1,16
vda,25.20,0.00,6.99,0,34
vda,16.40,0.00,3.68,0,18
vda,13.40,0.00,3.39,0,16
vda,15.80,0.00,3.72,0,18
vda,26.40,0.00,7.07,0,35
vda,25.55,0.00,6.74,0,33
vda,19.40,0.00,6.77,0,33
vda,277.00,5.37,6.97,26,34
vda,1133.60,24.09,0.02,120,0
vda,819.60,22.23,0.01,111,0
vda,680.80,24.10,3.14,120,15
vda,21.80,0.16,0.06,0,0
vda,24.20,0.00,2.72,0,13
vda,22.20,0.00,5.40,0,26
vda,23.80,0.01,5.46,0,27
vda,23.60,0.00,8.24,0,41
vda,24.40,0.00,5.44,0,27
vda,14.00,0.00,2.68,0,13
vda,48.20,0.62,5.43,3,27
vda,27.20,0.00,5.41,0,27
vda,18.60,0.00,5.43,0,27
vda,20.20,0.00,5.29,0,26
vda,21.00,0.00,5.61,0,28
vda,21.60,0.00,5.62,0,28
vda,20.80,0.00,5.42,0,27
vda,31.20,0.00,8.20,0,40
vda,23.80,0.02,5.34,0,26
vda,951.60,23.33,5.33,116,26
vda,1019.60,29.20,0.03,146,0
vda,798.40,26.17,0.00,130,0
vda,3.00,0.01,0.00,0,0
vda,22.00,0.00,2.78,0,13
vda,25.40,0.00,8.86,0,44
vda,23.20,0.00,5.56,0,27
vda,15.00,0.00,3.19,0,15
vda,21.20,0.00,5.73,0,28
vda,22.60,0.00,5.58,0,27
vda,42.60,1.50,2.97,7,14
vda,30.40,0.10,5.67,0,28
vda,39.20,0.01,8.65,0,43
vda,22.00,0.00,5.56,0,27
vda,13.40,0.00,2.95,0,14
vda,17.80,0.00,5.65,0,28
vda,23.60,0.00,5.84,0,29
vda,32.80,0.00,8.45,0,42
vda,32.20,0.00,8.50,0,42
vda,1069.66,27.58,0.02,138,0
vda,617.20,23.91,0.01,119,0
vda,617.60,28.91,0.01,144,0
vda,19.60,0.58,0.00,2,0
vda,41.60,0.00,5.40,0,27
vda,23.20,0.00,5.60,0,28
vda,21.60,0.00,5.63,0,28
vda,20.00,0.00,5.53,0,27
vda,20.00,0.00,5.72,0,28
vda,36.00,0.61,5.58,3,27
vda,26.80,0.21,2.77,1,13
vda,21.60,0.00,5.40,0,26
vda,22.60,0.01,5.54,0,27
vda,29.00,0.00,8.33,0,41
vda,14.00,0.00,2.76,0,13
vda,17.80,0.00,5.68,0,28
vda,22.40,0.03,5.52,0,27
vda,29.20,0.00,8.23,0,41
vda,21.00,0.00,5.70,0,28
vda,1089.60,27.54,2.69,137,13
vda,706.80,29.03,0.01,145,0
vda,499.20,22.66,2.44,113,12
vda,11.60,0.15,0.01,0,0
vda,17.00,0.07,2.34,0,11
vda,29.20,0.02,6.93,0,34
vda,18.00,0.01,4.76,0,23
vda,18.60,0.00,4.41,0,22
vda,25.40,0.00,7.11,0,35
vda,15.60,0.01,4.58,0,22
vda,20.20,0.00,4.63,0,23
vda,65.60,1.53,4.39,7,21
vda,26.80,0.09,4.66,0,23
vda,16.60,0.00,4.47,0,22
vda,35.20,0.02,9.20,0,45
vda,29.00,0.00,6.60,0,33
vda,25.00,0.03,4.73,0,23
vda,20.20,0.00,4.42,0,22
vda,34.20,0.01,9.00,0,45
vda,348.00,11.09,4.38,55,21
vda,866.00,29.43,0.02,147,0
vda,629.20,29.57,0.00,147,0
vda,292.60,12.89,0.02,64,0
vda,40.80,0.00,2.86,0,14
vda,22.40,0.03,5.46,0,27
vda,20.00,0.00,5.42,0,27
vda,8.00,0.00,2.77,0,13
vda,15.80,0.00,5.40,0,27
vda,26.00,0.03,8.33,0,41
vda,22.40,0.01,5.64,0,28
vda,12.60,0.00,2.79,0,13
vda,34.80,0.35,5.46,1,27
vda,26.60,0.00,5.60,0,27
vda,24.00,0.00,8.29,0,41
vda,23.40,0.00,5.37,0,26
vda,20.40,0.00,5.64,0,28
vda,82.60,0.26,8.14,1,40
vda,25.00,0.02,5.53,0,27
vda,739.80,18.38,2.69,91,13
vda,654.60,20.70,0.00,103,0
vda,340.00,13.39,0.00,66,0
vda,254.20,11.73,0.00,58,0
vda,399.20,16.56,0.01,82,0
vda,24.80,0.05,2.06,0,10
vda,17.60,0.01,4.03,0,20
vda,17.80,0.01,4.28,0,21
vda,24.20,0.02,4.15,0,20
vda,15.00,0.00,4.08,0,20
vda,25.80,0.01,6.33,0,31
vda,20.00,0.02,4.12,0,20
vda,17.80,0.01,4.26,0,21
vda,121.80,2.74,4.22,13,21
vda,40.80,0.04,8.11,0,40
vda,17.20,0.00,4.29,0,21
vda,24.40,0.00,6.11,0,30
vda,17.80,0.01,4.30,0,21
vda,21.00,0.00,4.23,0,21
vda,39.00,0.08,8.43,0,42
vda,29.40,0.05,6.52,0,32
vda,35.60,0.13,6.17,0,30
vda,393.80,12.10,2.38,60,11
vda,242.40,9.02,0.02,45,0
vda,345.40,12.80,0.01,64,0
vda,304.40,16.07,0.01,80,0
vda,497.40,30.82,0.03,154,0
vda,143.60,6.52,0.00,32,0
vda,29.40,0.02,4.27,0,21
vda,18.20,0.00,5.24,0,26
vda,21.80,0.00,5.49,0,27
vda,18.00,0.00,5.55,0,27
vda,21.20,0.00,5.31,0,26
vda,23.60,0.00,5.21,0,26
vda,25.80,0.02,5.42,0,27
vda,64.00,1.60,5.39,7,26
vda,20.20,0.00,5.25,0,26
vda,14.60,0.00,2.91,0,14
vda,29.40,0.00,7.97,0,39
vda,140.00,2.47,5.20,12,26
vda,11.00,0.00,2.83,0,14
vda,29.40,0.04,8.05,0,40
vda,22.00,0.00,5.22,0,26
vda,259.60,6.26,8.10,31,40
vda,503.20,15.84,0.08,79,0
vda,392.20,13.43,0.01,67,0
vda,179.80,7.80,0.00,38,0
vda,115.80,5.47,0.00,27,0
vda,125.60,5.70,0.02,28,0
vda,66.00,3.24,1.26,16,6
vda,124.00,5.60,0.10,28,0
vda,116.00,5.62,0.00,28,0
vda,76.20,3.54,0.00,17,0
vda,61.20,2.93,0.00,14,0
vda,67.80,3.10,0.00,15,0
vda,96.20,3.00,0.05,15,0
vda,40.20,0.20,3.97,1,19
vda,19.40,0.00,4.16,0,20
vda,18.40,0.02,4.16,0,20
vda,23.20,0.00,6.01,0,30
vda,21.20,0.00,5.91,0,29
vda,24.40,0.00,6.16,0,30
vda,23.60,0.00,6.34,0,31
vda,17.60,0.00,4.10,0,20
vda,19.20,0.01,3.92,0,19
vda,78.20,2.06,4.04,10,20
vda,53.20,0.24,5.81,1,29
vda,23.40,0.00,4.07,0,20
vda,48.40,0.09,10.11,0,50
vda,21.80,0.04,3.96,0,19
vda,22.80,0.05,6.09,0,30
vda,289.02,7.49,8.10,37,40
vda,303.40,11.81,0.02,59,0
vda,248.00,10.58,0.00,52,0
vda,283.80,11.52,0.00,57,0
vda,138.60,6.11,0.00,30,0
vda,322.60,11.61,0.01,58,0
vda,198.60,10.05,0.43,50,2
vda,142.00,8.12,0.02,40,0
vda,110.40,7.44,0.00,37,0
vda,23.60,0.24,0.00,1,0
vda,21.20,0.00,0.08,0,0
vda,7.00,0.00,0.03,0,0
vda,1.80,0.00,0.01,0,0
vda,9.20,0.23,0.01,1,0
vda,10.20,0.23,0.09,1,0
vda,1.80,0.00,0.01,0,0
vda,0.80,0.00,0.00,0,0
vda,0.00,0.00,0.00,0,0
vda,1.80,0.00,0.01,0,0
vda,81.00,1.87,0.08,9,0
vda,0.00,0.00,0.00,0,0
vda,5.80,0.00,0.05,0,0
vda,0.80,0.00,0.00,0,0
vda,0.40,0.03,0.00,0,0
vda,3.20,0.04,0.02,0,0
vda,2.20,0.03,0.01,0,0
vda,1.40,0.00,0.01,0,0
vda,0.00,0.00,0.00,0,0
vda,2.20,0.00,0.01,0,0
