vda,1.20,0.00,0.01,0,0
vda,28.40,0.00,0.13,0,0
vda,2.20,0.00,0.01,0,0
vda,0.00,0.00,0.00,0,0
vda,1.80,0.00,0.01,0,0
vda,1.80,0.00,0.01,0,0
vda,6.00,0.00,0.03,0,0
vda,2.20,0.00,0.01,0,0
vda,1.00,0.00,0.00,0,0
vda,1.80,0.00,0.01,0,0
vda,1.80,0.00,0.01,0,0
vda,2.00,0.00,0.01,0,0
vda,281.20,3.48,0.01,17,0
vda,244.80,2.73,0.05,13,0
vda,236.80,3.40,0.02,16,0
vda,256.00,2.57,0.03,12,0
vda,33.00,0.23,0.03,1,0
vda,14.80,0.00,0.06,0,0
vda,17.20,0.09,0.08,0,0
vda,0.00,0.00,0.00,0,0
vda,2.00,0.00,0.01,0,0
vda,2.20,0.00,0.01,0,0
vda,10.60,0.00,0.08,0,0
vda,0.00,0.00,0.00,0,0
vda,2.60,0.00,0.01,0,0
vda,5.40,0.00,0.02,0,0
vda,2.20,0.00,0.01,0,0
