vda,0.40,0.00,0.00,0,0
vda,2.40,0.00,0.01,0,0
vda,1.80,0.00,0.01,0,0
vda,0.80,0.00,0.01,0,0
vda,26.20,0.00,0.11,0,0
vda,2.00,0.00,0.01,0,0
vda,4.40,0.00,0.02,0,0
vda,2.00,0.00,0.01,0,0
vda,1.80,0.00,0.01,0,0
vda,22.00,0.12,0.02,0,0
vda,1.80,0.00,0.01,0,0
vda,0.00,0.00,0.00,0,0
vda,315.80,3.81,0.07,19,0
vda,209.80,2.35,0.02,11,0
vda,367.60,5.23,0.03,26,0
vda,46.80,9.25,0.02,46,0
vda,148.20,1.30,0.05,6,0
vda,12.40,0.04,0.04,0,0
vda,0.60,0.00,0.00,0,0
vda,13.00,0.00,0.07,0,0
vda,19.20,0.09,0.14,0,0
vda,8.20,0.00,0.03,0,0
vda,2.20,0.00,0.01,0,0
vda,2.00,0.00,0.01,0,0
vda,2.20,0.00,0.01,0,0
vda,2.00,0.00,0.01,0,0
vda,1.80,0.00,0.01,0,0
vda,7.20,0.00,0.04,0,0
vda,2.00,0.00,0.01,0,0
vda,2.00,0.00,0.01,0,0
