2795688.0,667588.0,16120.0
1620210.6667,695820.53333,16206.666667
1439368.0,700164.0,16220.0
1439368.0,700164.0,16220.0
527787.2,1063424.8,16274.4
299892.0,1154240.0,16288.0
243847.2,1116249.6,10480.0
229836.0,1106752.0,9028.0
229836.0,1106752.0,9028.0
201488.26667,1192367.2,9080.8
191180.0,1223500.0,9100.0
191180.0,1223500.0,9100.0
139834.93333,1279878.6667,8589.6
121164.0,1300380.0,8404.0
132439.73333,1308760.5333,7691.2
136540.0,1311808.0,7432.0
136540.0,1311808.0,7432.0
269918.66667,1178120.0,7474.6666667
336608.0,1111276.0,7496.0
267370.66667,1175940.0,7546.6666667
232752.0,1208272.0,7572.0
232752.0,1208272.0,7572.0
176995.2,1259994.6667,7606.1333333
128208.0,1305252.0,7636.0
128208.0,1305252.0,7636.0
266066.13333,1169224.2667,6776.2666667
386692.0,1050200.0,6024.0
339762.93333,1101820.2667,6062.4
298700.0,1146988.0,6096.0
298700.0,1146988.0,6096.0
437456.0,1007802.4,6139.2
529960.0,915012.0,6168.0
529960.0,915012.0,6168.0
1648891.2,914962.93333,6204.2666667
