vda,1.20,0.00,0.01,0,0
vda,22.00,0.00,0.11,0,0
vda,31.60,0.34,0.01,1,0
vda,2.00,0.00,0.01,0,0
vda,1.80,0.00,0.01,0,0
vda,1.80,0.00,0.01,0,0
vda,3.20,0.00,0.02,0,0
vda,2.20,0.00,0.01,0,0
vda,8.80,0.00,0.04,0,0
vda,3.00,0.00,0.01,0,0
vda,2.00,0.00,0.01,0,0
vda,2.40,0.00,0.01,0,0
vda,345.20,4.22,0.02,21,0
vda,175.00,1.99,0.02,9,0
vda,308.80,4.20,0.02,21,0
vda,196.00,1.93,0.02,9,0
vda,13.20,0.00,0.06,0,0
vda,20.36,0.00,0.08,0,0
vda,8.40,0.09,0.05,0,0
vda,0.00,0.00,0.00,0,0
vda,2.40,0.00,0.01,0,0
vda,4.60,0.00,0.02,0,0
vda,2.00,0.00,0.01,0,0
vda,6.80,0.00,0.05,0,0
vda,2.60,0.00,0.01,0,0
vda,2.20,0.00,0.01,0,0
vda,10.80,0.00,0.05,0,0
vda,2.20,0.00,0.01,0,0
