3437580.0,77624.0,6972.0
3251002.9333,85295.466667,7021.0666667
3087748.0,92008.0,7064.0
3087748.0,92008.0,7064.0
1344825.3333,696381.33333,7106.6666667
473364.0,998568.0,7128.0
259060.0,555688.0,4538.6666667
151908.0,334248.0,3244.0
151908.0,334248.0,3244.0
137937.33333,275256.0,3502.6666667
130952.0,245760.0,3632.0
130952.0,245760.0,3632.0
240072.0,185434.66667,3949.3333333
294632.0,155272.0,4108.0
181458.66667,246733.33333,4353.3333333
124872.0,292464.0,4476.0
124872.0,292464.0,4476.0
122795.2,290046.93333,2358.1333333
122040.0,289168.0,1588.0
122040.0,289168.0,1588.0
123365.33333,278952.0,1377.3333333
124028.0,273844.0,1272.0
110015.46667,263163.73333,1357.0666667
104920.0,259280.0,1388.0
104920.0,259280.0,1388.0
119099.73333,274970.4,795.46666667
124256.0,280676.0,580.0
2364378.6667,115460.0,1518.6666667
3484440.0,32852.0,1988.0
