vda,22.40,0.00,0.11,0,0
vda,6.80,0.00,0.03,0,0
vda,1.80,0.00,0.01,0,0
vda,2.00,0.00,0.01,0,0
vda,1.80,0.00,0.01,0,0
vda,2.60,0.00,0.01,0,0
vda,1.00,0.00,0.01,0,0
vda,13.00,0.00,0.06,0,0
vda,2.40,0.00,0.01,0,0
vda,2.00,0.00,0.01,0,0
vda,0.00,0.00,0.00,0,0
vda,1.80,0.00,0.01,0,0
vda,358.00,4.40,0.02,21,0
vda,162.00,1.81,0.02,9,0
vda,341.80,4.46,0.02,22,0
vda,190.60,1.66,0.10,8,0
vda,10.20,0.00,0.04,0,0
vda,0.00,0.00,0.00,0,0
vda,15.40,0.09,0.07,0,0
vda,12.20,0.00,0.10,0,0
vda,2.80,0.00,0.01,0,0
vda,2.00,0.00,0.01,0,0
vda,2.20,0.00,0.01,0,0
vda,11.60,0.00,0.05,0,0
vda,2.20,0.00,0.01,0,0
vda,1.80,0.00,0.01,0,0
vda,1.80,0.00,0.01,0,0
