vda,2.80,0.00,0.01,0,0
vda,25.40,0.00,0.12,0,0
vda,2.00,0.00,0.01,0,0
vda,2.20,0.00,0.01,0,0
vda,4.20,0.00,0.02,0,0
vda,2.20,0.00,0.01,0,0
vda,4.20,0.00,0.02,0,0
vda,3.80,0.00,0.02,0,0
vda,20.00,0.12,0.01,0,0
vda,15.80,0.00,0.07,0,0
vda,9.40,0.00,0.04,0,0
vda,1.80,0.00,0.01,0,0
vda,340.40,4.26,0.00,21,0
vda,166.80,1.88,0.02,9,0
vda,319.00,4.27,0.01,21,0
vda,186.60,1.84,0.03,9,0
vda,15.40,0.00,0.08,0,0
vda,7.60,0.09,0.04,0,0
vda,2.60,0.00,0.01,0,0
vda,4.80,0.00,0.02,0,0
vda,2.80,0.00,0.01,0,0
vda,0.60,0.00,0.01,0,0
vda,2.20,0.00,0.01,0,0
vda,6.00,0.00,0.03,0,0
vda,1.80,0.00,0.01,0,0
vda,8.80,0.00,0.04,0,0
