5061720.0,2391104.0,20892.0
4661292.2667,2443511.4667,20898.933333
2058512.0,2784160.0,20944.0
2058512.0,2784160.0,20944.0
1964333.6,2807149.8667,20945.066667
645836.0,3129008.0,20960.0
645836.0,3129008.0,20960.0
590500.53333,3148149.8667,20965.333333
230820.0,3272572.0,21000.0
236283.46667,3267662.9333,21001.333333
312772.0,3198936.0,21020.0
312772.0,3198936.0,21020.0
305074.4,3205701.0667,21022.4
197308.0,3300412.0,21056.0
193826.13333,3303866.1333,21057.866667
145080.0,3352224.0,21084.0
145080.0,3352224.0,21084.0
144828.0,3350870.9333,21086.133333
141300.0,3331928.0,21116.0
141300.0,3331928.0,21116.0
140742.4,3330832.5333,21118.933333
132936.0,3315496.0,21160.0
132936.0,3315496.0,21160.0
133820.53333,3315466.1333,21161.866667
146204.0,3315048.0,21188.0
145609.86667,3317260.2667,21191.733333
141748.0,3331640.0,21216.0
141748.0,3331640.0,21216.0
163524.8,3308514.6667,21217.866667
468400.0,2984760.0,21244.0
468400.0,2984760.0,21244.0
450556.26667,3000967.4667,21248.266667
334572.0,3106316.0,21276.0
316430.66667,3122401.3333,21280.8
198512.0,3226956.0,21312.0
198512.0,3226956.0,21312.0
193953.33333,3230410.4,21313.866667
130132.0,3278772.0,21340.0
130132.0,3278772.0,21340.0
134293.6,3271385.8667,21345.866667
161344.0,3223376.0,21384.0
498862.4,3157078.9333,21386.933333
5224120.0,2228920.0,21428.0
