vda,33.60,0.34,0.02,1,0
vda,30.20,0.00,0.13,0,0
vda,0.00,0.00,0.00,0,0
vda,2.00,0.00,0.01,0,0
vda,1.80,0.00,0.01,0,0
vda,0.00,0.00,0.00,0,0
vda,2.80,0.00,0.01,0,0
vda,2.40,0.00,0.01,0,0
vda,3.60,0.00,0.01,0,0
vda,0.00,0.00,0.00,0,0
vda,2.80,0.00,0.01,0,0
vda,2.00,0.00,0.01,0,0
vda,377.20,4.56,0.02,22,0
vda,376.20,4.99,0.02,24,0
vda,174.80,12.16,0.00,60,0
vda,10.60,0.03,0.04,0,0
vda,146.60,1.29,0.04,6,0
vda,7.60,0.04,0.02,0,0
vda,7.20,0.00,0.03,0,0
vda,21.20,0.00,0.10,0,0
vda,5.60,0.00,0.07,0,0
vda,8.80,0.00,0.03,0,0
vda,5.80,0.00,0.02,0,0
vda,8.20,0.00,0.07,0,0
vda,7.80,0.09,0.04,0,0
vda,6.20,0.00,0.02,0,0
vda,8.20,0.00,0.03,0,0
vda,2.20,0.00,0.01,0,0
vda,1.80,0.00,0.01,0,0
vda,7.20,0.00,0.03,0,0
vda,2.80,0.00,0.01,0,0
vda,3.20,0.00,0.01,0,0
vda,2.00,0.00,0.01,0,0
vda,1.80,0.00,0.01,0,0
