vda,27.60,0.76,0.08,3,0
vda,19.80,1.13,0.01,5,0
vda,12.40,0.76,0.00,3,0
vda,19.00,1.13,0.01,5,0
vda,12.60,0.76,0.00,3,0
vda,24.00,1.14,0.03,5,0
vda,12.40,0.76,0.01,3,0
vda,21.60,1.13,0.02,5,0
vda,31.40,6.36,0.02,31,0
vda,39.60,8.33,0.01,41,0
vda,50.40,15.12,0.00,75,0
vda,84.80,26.73,0.01,133,0
vda,77.60,25.96,0.01,129,0
vda,92.60,27.54,0.04,137,0
vda,68.00,19.16,0.11,95,0
vda,79.60,25.93,0.00,129,0
vda,47.60,13.56,0.02,67,0
vda,77.20,23.93,0.01,119,0
vda,62.80,16.76,0.06,83,0
vda,232.60,24.96,0.01,124,0
vda,169.40,11.68,0.01,58,0
vda,176.40,11.34,0.01,56,0
vda,267.00,17.01,0.01,85,0
vda,202.40,12.85,0.01,64,0
vda,215.60,13.61,0.01,68,0
vda,14.80,0.76,0.02,3,0
vda,23.20,1.13,0.03,5,0
vda,14.00,0.76,0.01,3,0
vda,21.40,1.13,0.02,5,0
vda,36.40,0.76,8.54,3,42
vda,17.20,1.14,0.00,5,0
vda,16.20,0.76,0.02,3,0
vda,20.00,1.13,0.01,5,0
vda,15.40,0.76,0.01,3,0
vda,19.60,1.15,0.01,5,0
vda,34.60,0.76,12.90,3,64
vda,46.80,1.18,17.07,5,85
vda,2.00,0.80,0.00,4,0
vda,7.20,1.20,0.02,6,0
vda,6.00,0.80,0.02,4,0
vda,3.00,1.20,0.00,6,0
vda,5.00,0.80,0.02,4,0
vda,28.80,1.20,8.61,6,43
vda,15.60,0.80,0.05,4,0
vda,2.80,0.80,0.00,4,0
vda,9.60,1.20,0.03,6,0
vda,5.40,0.78,0.01,3,0
vda,10.20,0.69,0.01,3,0
vda,10.80,0.35,0.01,1,0
vda,29.20,1.09,0.06,5,0
vda,15.20,0.76,0.01,3,0
vda,63.20,1.13,15.03,5,75
vda,62.00,0.76,19.21,3,96
vda,17.20,1.14,0.00,5,0
vda,15.20,0.76,0.01,3,0
vda,21.60,1.13,0.02,5,0
vda,15.40,0.76,0.01,3,0
vda,26.40,1.13,4.38,5,21
vda,22.60,0.76,4.32,3,21
vda,29.74,1.13,4.32,5,21
vda,17.03,0.76,4.17,3,20
vda,32.14,1.13,8.55,5,42
vda,23.85,0.78,4.27,3,21
vda,23.00,1.13,0.03,5,0
vda,16.20,0.76,0.02,3,0
vda,20.36,1.13,0.01,5,0
vda,24.20,0.76,4.23,3,21
vda,25.00,0.80,4.31,3,21
vda,27.80,1.09,4.38,5,21
vda,24.80,0.95,4.36,4,21
vda,28.20,0.94,4.23,4,21
vda,21.00,0.76,4.31,3,21
vda,26.40,1.13,4.32,5,21
vda,24.80,0.76,4.24,3,21
vda,30.60,1.13,8.72,5,43
vda,22.40,0.76,4.32,3,21
vda,25.80,1.14,4.19,5,20
vda,15.80,0.76,4.27,3,21
vda,31.00,1.13,8.52,5,42
vda,22.00,0.76,0.05,3,0
vda,26.60,1.13,0.05,5,0
vda,20.60,0.76,4.22,3,21
vda,26.60,1.13,4.32,5,21
vda,18.60,0.76,4.37,3,21
vda,30.20,1.14,4.37,5,21
vda,22.60,0.76,8.49,3,42
vda,24.00,1.14,4.33,5,21
vda,23.00,0.76,4.25,3,21
vda,23.20,1.13,4.38,5,21
vda,35.60,0.76,8.69,3,43
vda,23.80,0.83,4.21,4,21
vda,22.40,1.06,4.30,5,21
vda,23.00,0.83,8.53,4,42
vda,22.60,1.06,0.03,5,0
vda,23.40,0.76,0.09,3,0
vda,21.00,1.13,0.01,5,0
vda,15.20,0.76,0.01,3,0
vda,27.00,1.13,4.21,5,21
vda,29.60,0.76,6.43,3,32
vda,37.00,1.14,6.61,5,33
vda,31.20,0.76,4.23,3,21
vda,25.00,1.22,4.34,6,21
vda,25.40,0.83,8.53,4,42
vda,15.20,1.23,4.39,6,21
vda,14.20,0.80,4.35,4,21
vda,15.40,1.20,4.31,6,21
vda,12.80,0.80,4.19,4,20
vda,13.80,1.23,4.29,6,21
vda,16.80,0.80,6.46,4,32
vda,14.60,1.20,2.12,6,10
vda,6.00,0.80,0.01,4,0
vda,7.60,1.20,0.02,6,0
vda,14.00,0.80,8.52,4,42
vda,12.60,0.94,4.38,4,21
vda,24.60,0.99,4.37,4,21
vda,11.60,0.76,0.00,3,0
vda,34.60,1.13,8.52,5,42
vda,19.00,0.76,4.32,3,21
vda,33.40,1.13,4.25,5,21
vda,19.20,0.76,4.39,3,21
vda,22.80,1.13,4.34,5,21
vda,33.60,0.76,0.09,3,0
vda,20.60,1.13,0.01,5,0
vda,21.40,0.76,0.08,3,0
vda,18.40,1.13,0.01,5,0
vda,15.40,0.76,0.02,3,0
vda,56.49,0.79,12.89,3,64
vda,49.40,0.81,17.18,4,85
vda,7.80,1.23,0.02,6,0
vda,5.60,0.83,0.01,4,0
vda,7.20,1.20,0.02,6,0
vda,6.20,0.80,0.02,4,0
vda,3.20,1.23,0.00,6,0
vda,15.40,0.80,4.21,4,21
vda,35.80,1.20,8.78,6,43
vda,13.80,0.80,4.30,4,21
vda,13.60,1.11,4.19,5,20
vda,14.20,0.90,4.29,4,21
vda,22.00,1.00,8.52,5,42
vda,12.60,0.97,0.02,4,0
vda,17.00,0.76,0.03,3,0
vda,27.60,1.13,0.05,5,0
vda,15.20,0.76,0.01,3,0
vda,25.20,1.13,4.22,5,21
vda,22.60,0.76,8.68,3,43
vda,26.00,1.13,4.37,5,21
vda,20.60,0.76,4.21,3,21
vda,36.00,1.13,4.35,5,21
vda,29.20,0.76,8.55,3,42
vda,28.00,1.15,4.40,5,22
vda,15.20,0.76,4.34,3,21
vda,24.60,1.14,4.30,5,21
vda,22.20,0.75,8.48,3,42
vda,26.80,1.13,4.28,5,21
vda,18.00,0.76,4.27,3,21
vda,26.40,1.13,0.04,5,0
vda,21.60,0.76,0.04,3,0
vda,17.60,1.14,0.01,5,0
vda,24.40,0.76,8.55,3,42
vda,25.40,1.13,4.38,5,21
vda,17.80,0.76,4.36,3,21
vda,20.60,1.13,4.19,5,20
vda,23.60,0.76,4.33,3,21
vda,22.00,0.76,8.53,3,42
vda,28.80,1.14,4.42,5,22
vda,17.00,0.75,4.35,3,21
vda,36.00,1.13,4.35,5,21
vda,19.40,0.76,8.48,3,42
vda,24.20,1.13,4.27,5,21
vda,29.20,0.76,4.33,3,21
vda,21.20,1.13,0.02,5,0
vda,11.60,0.76,0.00,3,0
vda,21.40,1.13,0.02,5,0
vda,24.80,0.76,4.22,3,21
vda,35.60,1.13,6.44,5,32
vda,36.60,0.76,6.63,3,33
vda,37.52,1.13,4.23,5,21
vda,25.80,0.76,4.31,3,21
vda,31.80,1.13,4.33,5,21
vda,30.20,0.76,6.38,3,31
vda,29.20,1.13,4.42,5,22
vda,23.00,0.76,6.44,3,32
vda,28.40,1.13,4.20,5,20
vda,26.20,0.76,4.32,3,21
vda,33.60,1.13,6.45,5,32
vda,15.20,0.76,2.09,3,10
vda,15.00,0.77,0.01,3,0
vda,18.60,1.13,0.00,5,0
vda,12.80,0.76,0.01,3,0
vda,18.60,1.13,0.00,5,0
vda,13.80,0.76,0.01,3,0
vda,26.60,1.13,0.04,5,0
vda,19.20,0.76,0.03,3,0
vda,18.20,1.14,0.00,5,0
vda,12.40,0.76,0.01,3,0
vda,21.20,1.14,0.01,5,0
vda,13.00,0.76,0.01,3,0
vda,24.80,1.13,0.04,5,0
vda,11.60,0.76,0.00,3,0
vda,18.20,1.13,0.00,5,0
