1759568.0,1729704.0,39288.0
1514577.3333,1729913.0667,39330.933333
1234588.0,1730152.0,39380.0
821548.0,1730159.2,39389.6
546188.0,1730164.0,39396.0
546188.0,1730164.0,39396.0
436515.46667,1746853.0667,39406.666667
340552.0,1761456.0,39416.0
340552.0,1761456.0,39416.0
323980.26667,1772769.0667,39428.8
309480.0,1782668.0,39440.0
323494.93333,1768007.2,39456.8
339512.0,1751252.0,39476.0
339512.0,1751252.0,39476.0
320947.73333,1768284.5333,39484.533333
304704.0,1783188.0,39492.0
304704.0,1783188.0,39492.0
321092.26667,1766172.5333,39504.8
335432.0,1751284.0,39516.0
340236.26667,1745675.4667,39533.066667
344440.0,1740768.0,39548.0
344440.0,1740768.0,39548.0
