vda,0.40,0.00,0.00,0,0
vda,33.40,0.34,0.02,1,0
vda,2.20,0.00,0.01,0,0
vda,26.00,0.00,0.12,0,0
vda,3.40,0.00,0.01,0,0
vda,1.80,0.00,0.01,0,0
vda,5.00,0.00,0.02,0,0
vda,2.00,0.00,0.01,0,0
vda,1.80,0.00,0.01,0,0
vda,2.00,0.00,0.01,0,0
vda,1.80,0.00,0.01,0,0
vda,2.00,0.00,0.01,0,0
vda,319.60,3.86,0.05,19,0
vda,210.58,2.35,0.02,11,0
vda,253.80,3.59,0.04,17,0
vda,262.40,2.50,0.02,12,0
vda,7.40,0.03,0.02,0,0
vda,8.40,0.00,0.03,0,0
vda,13.00,0.00,0.05,0,0
vda,8.80,0.08,0.04,0,0
vda,2.80,0.00,0.02,0,0
vda,8.00,0.00,0.06,0,0
vda,4.20,0.00,0.02,0,0
vda,2.20,0.00,0.01,0,0
vda,0.00,0.00,0.00,0,0
vda,2.20,0.00,0.01,0,0
vda,10.40,0.00,0.05,0,0
vda,2.20,0.00,0.01,0,0
