vda,0.20,0.00,0.00,0,0
vda,1.80,0.00,0.01,0,0
vda,0.00,0.00,0.00,0,0
vda,0.60,0.00,0.00,0,0
vda,0.60,0.00,0.00,0,0
vda,0.80,0.00,0.01,0,0
vda,12.20,0.00,0.07,0,0
vda,7.00,0.00,0.03,0,0
vda,5.40,0.00,0.02,0,0
vda,151.00,9.77,0.00,48,0
vda,226.00,14.52,0.01,72,0
vda,315.80,20.25,0.02,101,0
vda,185.00,11.72,0.01,58,0
vda,306.40,19.28,0.05,96,0
vda,381.80,24.19,0.10,120,0
vda,34.20,7.68,0.00,38,0
vda,80.80,5.69,0.01,28,0
vda,204.40,13.04,0.02,65,0
vda,109.40,7.00,0.01,35,0
vda,3.00,0.00,0.01,0,0
vda,3.80,0.00,0.02,0,0
vda,4.80,0.00,0.03,0,0
vda,0.00,0.00,0.00,0,0
vda,13.80,0.00,8.80,0,44
vda,5.20,0.00,0.02,0,0
vda,4.40,0.00,0.02,0,0
vda,3.80,0.00,0.01,0,0
vda,3.80,0.00,0.01,0,0
vda,4.00,0.00,0.02,0,0
vda,15.20,0.00,9.03,0,45
vda,13.20,0.00,22.01,0,110
vda,4.80,0.00,0.02,0,0
vda,4.00,0.00,0.02,0,0
vda,3.00,0.00,0.01,0,0
vda,11.00,0.00,0.04,0,0
vda,6.20,0.00,0.03,0,0
vda,4.80,0.00,0.04,0,0
vda,11.40,0.00,0.05,0,0
vda,3.80,0.00,0.01,0,0
vda,3.00,0.00,0.01,0,0
vda,24.80,0.00,15.55,0,77
vda,15.00,0.00,17.70,0,88
vda,4.40,0.00,0.02,0,0
vda,3.80,0.00,0.01,0,0
vda,2.60,0.00,0.01,0,0
vda,1.60,0.00,0.01,0,0
vda,5.00,0.00,2.35,0,11
vda,16.80,0.00,4.35,0,21
vda,5.40,0.00,4.49,0,22
vda,6.20,0.00,6.55,0,32
vda,4.60,0.00,2.15,0,10
vda,3.60,0.00,0.01,0,0
vda,6.80,0.00,4.24,0,21
vda,5.80,0.00,4.54,0,22
vda,10.80,0.00,4.54,0,22
vda,7.98,0.00,4.53,0,22
vda,6.20,0.00,4.39,0,21
vda,5.80,0.00,6.61,0,33
vda,6.60,0.00,6.82,0,34
vda,7.20,0.00,4.28,0,21
vda,6.40,0.00,4.51,0,22
vda,16.00,0.00,6.61,0,33
vda,0.00,0.00,0.00,0,0
vda,16.60,0.00,0.06,0,0
vda,6.40,0.00,4.24,0,21
vda,6.60,0.00,6.80,0,34
vda,6.40,0.00,6.78,0,33
vda,5.40,0.00,4.38,0,21
vda,11.60,0.00,8.88,0,44
vda,10.80,0.00,4.62,0,23
vda,9.20,0.00,4.29,0,21
vda,8.60,0.00,4.50,0,22
vda,9.60,0.00,6.55,0,32
vda,6.00,0.00,2.16,0,10
vda,4.20,0.00,0.02,0,0
vda,3.60,0.00,0.01,0,0
vda,18.40,0.00,8.80,0,43
vda,8.60,0.00,4.53,0,22
vda,7.20,0.00,4.54,0,22
vda,5.60,0.00,8.69,0,43
vda,5.40,0.00,4.50,0,22
vda,7.20,0.00,4.62,0,23
vda,2.40,0.00,6.51,0,32
vda,16.40,0.00,4.58,0,22
vda,8.20,0.00,6.42,0,32
vda,4.60,0.00,0.02,0,0
vda,3.80,0.00,0.01,0,0
vda,9.40,0.00,8.77,0,43
vda,6.80,0.00,4.52,0,22
vda,3.40,0.00,6.71,0,33
vda,25.00,0.00,6.62,0,33
vda,6.80,0.00,4.50,0,22
vda,7.60,0.00,6.72,0,33
vda,8.00,0.00,6.66,0,33
vda,11.20,0.00,4.46,0,22
vda,8.00,0.00,4.28,0,21
vda,4.80,0.00,0.02,0,0
vda,12.00,0.00,4.24,0,21
vda,15.40,0.00,4.58,0,22
vda,9.60,0.00,4.52,0,22
vda,11.40,0.00,8.90,0,44
vda,6.20,0.00,4.33,0,21
vda,5.80,0.00,4.50,0,22
vda,2.80,0.00,6.71,0,33
vda,11.40,0.00,6.68,0,33
vda,11.80,0.00,4.46,0,22
vda,5.20,0.00,4.26,0,21
vda,9.60,0.00,0.04,0,0
vda,1.80,0.00,4.22,0,21
vda,6.80,0.00,4.55,0,22
vda,7.00,0.00,4.52,0,22
vda,8.40,0.00,8.90,0,44
vda,9.20,0.00,4.35,0,21
vda,6.20,0.00,4.51,0,22
vda,12.00,0.00,8.90,0,44
vda,10.20,0.00,4.52,0,22
vda,1.20,0.00,4.42,0,22
vda,13.20,0.00,4.30,0,21
vda,8.80,0.00,0.05,0,0
vda,7.80,0.00,4.25,0,21
vda,2.40,0.00,4.53,0,22
vda,7.60,0.00,4.52,0,22
vda,13.80,0.00,6.74,0,33
vda,24.00,0.00,6.56,0,32
vda,7.80,0.00,4.51,0,22
vda,14.80,0.00,6.79,0,33
vda,8.80,0.00,6.66,0,33
vda,6.80,0.00,4.43,0,22
vda,7.60,0.00,4.26,0,21
vda,4.60,0.00,0.02,0,0
vda,11.80,0.00,4.24,0,21
vda,9.80,0.00,4.55,0,22
vda,17.20,0.00,9.06,0,45
vda,9.00,0.00,4.39,0,21
vda,12.40,0.00,4.35,0,21
vda,5.20,0.00,4.50,0,22
vda,4.20,0.00,4.61,0,23
vda,7.80,0.00,4.29,0,21
vda,3.20,0.00,6.76,0,33
vda,9.80,0.00,4.31,0,21
vda,2.80,0.00,2.14,0,10
vda,1.20,0.00,0.00,0,0
vda,0.00,0.00,0.00,0,0
vda,6.40,0.00,0.04,0,0
vda,10.00,0.00,0.04,0,0
vda,3.20,0.00,0.01,0,0
vda,0.00,0.00,0.00,0,0
vda,7.40,0.00,0.05,0,0
vda,1.00,0.00,0.00,0,0
vda,0.60,0.00,0.01,0,0
vda,1.20,0.00,0.00,0,0
vda,3.00,0.00,0.01,0,0
vda,7.00,0.00,0.04,0,0
vda,0.80,0.00,0.00,0,0
