vda,1.00,0.00,0.01,0,0
vda,28.20,0.00,0.13,0,0
vda,2.60,0.00,0.01,0,0
vda,0.00,0.00,0.00,0,0
vda,4.20,0.00,0.02,0,0
vda,2.00,0.00,0.01,0,0
vda,0.80,0.00,0.01,0,0
vda,425.00,5.29,0.01,26,0
vda,437.80,5.57,0.04,27,0
vda,17.40,0.11,0.03,0,0
vda,144.40,1.30,0.03,6,0
vda,23.60,0.18,0.06,0,0
vda,28.40,0.09,0.14,0,0
vda,4.60,0.00,0.02,0,0
vda,2.60,0.00,0.01,0,0
vda,2.20,0.00,0.01,0,0
vda,0.00,0.00,0.00,0,0
vda,1.80,0.00,0.01,0,0
vda,2.40,0.00,0.01,0,0
vda,5.20,0.00,0.02,0,0
vda,7.20,0.00,0.03,0,0
vda,1.80,0.00,0.01,0,0
vda,2.00,0.00,0.01,0,0
vda,0.00,0.00,0.00,0,0
vda,4.80,0.00,0.02,0,0
vda,2.80,0.00,0.01,0,0
