3306448.0,166148.0,10876.0
3203736.0,178468.53333,10884.266667
1765768.0,350956.0,11000.0
1655720.8,399830.4,11003.733333
115060.0,1084072.0,11056.0
115060.0,1084072.0,11056.0
114720.0,1037304.5333,11060.266667
109960.0,382560.0,11120.0
109960.0,382560.0,11120.0
135210.66667,347413.86667,11128.533333
299340.0,118964.0,11184.0
299340.0,118964.0,11184.0
280314.4,147094.66667,11191.466667
156648.0,329944.0,11240.0
150938.4,335124.8,11252.8
128100.0,355848.0,11304.0
128100.0,355848.0,11304.0
126192.26667,356514.66667,10044.8
113792.0,360848.0,1860.0
114432.8,361058.4,1816.2666667
123404.0,364004.0,1204.0
123404.0,364004.0,1204.0
120941.6,365860.0,1203.4666667
104936.0,377924.0,1200.0
104936.0,377924.0,1200.0
114159.73333,368030.66667,1179.2
243292.0,229524.0,888.0
243292.0,229524.0,888.0
226274.93333,245376.8,1147.2
115664.0,348420.0,2832.0
117281.86667,346028.53333,2862.6666667
139932.0,312548.0,3292.0
139932.0,312548.0,3292.0
130261.6,315012.0,2193.3333333
130261.6,315012.0,2193.3333333
121800.0,317168.0,1232.0
117892.0,351904.0,1508.0
117892.0,351904.0,1508.0
117892.0,351904.0,1508.0
135552.0,333416.0,908.0
135552.0,333416.0,908.0
135552.0,333416.0,908.0
3458400.0,27044.0,1344.0
