vda,3.60,0.07,0.01,0,0
vda,26.80,0.00,0.12,0,0
vda,1.80,0.00,0.01,0,0
vda,2.00,0.00,0.01,0,0
vda,5.80,0.00,0.03,0,0
vda,2.00,0.00,0.01,0,0
vda,2.80,0.00,0.01,0,0
vda,2.40,0.00,0.01,0,0
vda,4.20,0.00,0.02,0,0
vda,3.60,0.00,0.01,0,0
vda,13.80,0.00,0.06,0,0
vda,0.00,0.00,0.00,0,0
vda,360.00,4.43,0.01,22,0
vda,395.20,5.22,0.02,26,0
vda,152.60,2.31,0.04,11,0
vda,143.80,1.32,0.02,6,0
vda,17.00,0.09,0.07,0,0
vda,16.40,0.00,0.12,0,0
vda,2.80,0.00,0.01,0,0
vda,2.20,0.00,0.01,0,0
vda,0.20,0.00,0.00,0,0
vda,2.60,0.00,0.01,0,0
vda,2.40,0.00,0.01,0,0
vda,2.20,0.00,0.01,0,0
vda,5.40,0.00,0.03,0,0
vda,15.60,0.18,0.03,0,0
