vda,0.20,0.00,0.00,0,0
vda,1.40,0.00,0.01,0,0
vda,0.00,0.00,0.00,0,0
vda,0.60,0.00,0.00,0,0
vda,0.80,0.00,0.01,0,0
vda,23.80,0.00,0.11,0,0
vda,1.80,0.00,0.01,0,0
vda,0.00,0.00,0.00,0,0
vda,3.80,0.00,0.01,0,0
vda,4.80,0.00,0.02,0,0
vda,1.40,0.00,0.01,0,0
vda,1.00,0.00,0.00,0,0
vda,0.80,0.00,0.00,0,0
vda,4.80,0.00,0.02,0,0
vda,2.80,0.00,0.02,0,0
vda,11.20,0.00,0.10,0,0
vda,5.20,0.00,0.02,0,0
vda,4.40,0.00,0.02,0,0
vda,15.00,0.00,3.01,0,15
vda,4.60,0.00,0.02,0,0
vda,3.40,0.00,0.01,0,0
vda,0.00,0.00,0.00,0,0
vda,5.00,0.00,0.02,0,0
vda,8.60,0.00,0.03,0,0
vda,4.80,0.00,0.03,0,0
vda,16.00,0.00,0.10,0,0
vda,0.00,0.00,0.00,0,0
vda,5.80,0.00,0.02,0,0
vda,7.60,0.00,0.03,0,0
vda,1.20,0.00,0.01,0,0
vda,19.20,0.00,0.09,0,0
vda,1.00,0.00,0.00,0,0
vda,0.00,0.00,0.00,0,0
vda,0.60,0.00,0.00,0,0
vda,0.00,0.00,0.00,0,0
vda,0.60,0.00,0.00,0,0
vda,0.80,0.00,0.01,0,0
vda,7.20,0.00,0.03,0,0
vda,9.40,0.00,0.04,0,0
