vda,11.80,0.76,0.00,3,0
vda,21.60,1.14,0.01,5,0
vda,14.60,0.76,0.01,3,0
vda,18.20,1.13,0.00,5,0
vda,11.60,0.76,0.00,3,0
vda,21.20,1.13,0.02,5,0
vda,31.40,0.76,0.09,3,0
vda,25.40,1.36,0.01,6,0
vda,56.60,11.19,0.03,55,0
vda,37.60,14.00,0.01,70,0
vda,27.40,10.00,0.01,50,0
vda,68.20,25.60,0.02,128,0
vda,37.00,13.65,0.01,68,0
vda,37.80,12.00,0.05,60,0
vda,7.20,0.94,0.07,4,0
vda,3.60,0.00,0.01,0,0
vda,2.60,0.00,0.01,0,0
vda,10.20,0.40,0.04,2,0
vda,31.60,11.60,0.01,58,0
vda,36.20,11.60,0.03,58,0
vda,13.80,2.80,0.04,14,0
vda,0.20,0.00,0.00,0,0
vda,21.00,1.13,0.01,5,0
vda,14.80,0.76,0.01,3,0
vda,21.00,1.13,0.01,5,0
vda,33.60,0.76,14.27,3,71
vda,22.80,1.15,0.02,5,0
vda,15.40,0.76,0.01,3,0
vda,20.20,1.13,0.01,5,0
vda,15.20,0.76,0.01,3,0
vda,21.60,1.13,0.02,5,0
vda,44.40,0.76,23.52,3,117
vda,17.60,1.13,0.00,5,0
vda,15.00,0.76,0.01,3,0
vda,29.40,1.13,0.05,5,0
vda,15.00,0.76,0.01,3,0
vda,21.40,1.14,0.02,5,0
vda,12.60,0.76,0.01,3,0
vda,30.40,1.13,0.09,5,0
vda,15.40,0.76,0.01,3,0
vda,48.80,1.13,25.15,5,125
vda,17.00,0.76,0.02,3,0
vda,20.60,1.13,0.01,5,0
vda,15.80,0.76,0.02,3,0
vda,18.00,1.13,0.00,5,0
vda,12.40,0.76,0.00,3,0
vda,17.60,0.76,0.03,3,0
vda,28.40,1.13,3.56,5,17
vda,15.20,0.76,7.27,3,36
vda,24.00,1.13,3.71,5,18
vda,15.20,0.76,0.01,3,0
vda,22.20,1.13,0.02,5,0
vda,22.00,0.76,3.59,3,17
vda,25.40,1.13,3.63,5,18
vda,24.60,0.76,5.43,3,27
vda,26.40,1.13,5.40,5,26
vda,15.80,0.76,3.61,3,18
vda,22.60,1.13,3.67,5,18
vda,18.40,0.76,3.55,3,17
vda,24.60,1.13,3.70,5,18
vda,12.00,0.38,3.62,1,18
vda,13.60,0.00,3.75,0,18
vda,9.20,0.00,0.05,0,0
vda,1.80,0.00,3.55,0,17
vda,7.20,0.00,3.64,0,18
vda,9.00,0.00,7.16,0,35
vda,7.20,0.00,3.63,0,18
vda,5.20,0.00,3.61,0,18
vda,6.00,0.00,3.68,0,18
vda,12.00,0.00,3.57,0,17
vda,4.60,0.00,7.30,0,36
vda,6.20,0.00,3.71,0,18
vda,11.60,0.00,0.05,0,0
vda,9.20,0.38,0.01,1,0
vda,24.80,1.13,5.37,5,26
vda,22.20,0.76,5.39,3,26
vda,31.80,1.13,3.67,5,18
vda,29.20,0.76,3.67,3,18
vda,21.80,1.13,3.61,5,18
vda,19.20,0.76,3.69,3,18
vda,19.00,1.13,3.53,5,17
vda,25.80,0.76,7.34,3,36
vda,24.40,1.13,3.71,5,18
vda,20.56,0.75,0.07,3,0
vda,26.40,1.13,3.57,5,17
vda,19.80,0.76,3.64,3,18
vda,23.20,1.13,3.56,5,17
vda,19.40,0.76,3.62,3,18
vda,19.80,1.00,3.63,4,18
vda,21.00,0.89,7.28,4,36
vda,29.80,0.76,3.60,3,18
vda,23.20,1.13,3.71,5,18
vda,18.40,0.76,3.62,3,18
vda,23.60,1.13,3.70,5,18
vda,18.80,0.78,0.03,3,0
vda,27.80,1.13,3.57,5,17
vda,17.60,0.76,3.63,3,18
vda,28.20,1.13,1.81,5,9
vda,16.20,0.76,1.79,3,8
vda,9.40,0.38,7.21,1,36
vda,4.60,0.00,3.61,0,18
vda,15.60,0.00,3.73,0,18
vda,6.40,0.00,3.54,0,17
vda,6.20,0.00,3.72,0,18
vda,9.20,0.00,5.50,0,27
vda,11.20,0.00,1.85,0,9
vda,4.40,0.00,0.02,0,0
vda,9.40,0.00,7.20,0,35
vda,6.00,0.00,3.56,0,17
vda,1.80,0.00,3.60,0,18
vda,11.80,0.00,3.65,0,18
vda,21.40,0.00,3.68,0,18
vda,24.00,0.76,3.74,3,18
vda,29.80,1.13,7.25,5,36
vda,23.20,0.76,3.63,3,18
vda,30.00,0.76,3.75,3,18
vda,17.40,1.13,0.00,5,0
vda,15.00,0.76,0.02,3,0
vda,27.40,1.13,3.57,5,17
vda,29.80,0.76,5.45,3,27
vda,25.60,1.13,5.40,5,26
vda,16.00,0.76,3.61,3,18
vda,23.60,1.13,3.62,5,18
vda,16.80,0.76,3.68,3,18
vda,29.40,1.13,5.42,5,27
vda,16.00,0.76,5.46,3,27
vda,32.00,1.13,3.76,5,18
vda,15.40,0.76,0.01,3,0
vda,25.40,1.13,3.58,5,17
vda,13.80,0.76,3.61,3,18
vda,23.20,1.13,3.56,5,17
vda,25.80,0.76,5.46,3,27
vda,35.20,1.13,0.07,5,0
vda,11.60,0.76,0.00,3,0
vda,24.60,1.13,0.07,5,0
vda,11.80,0.76,0.00,3,0
vda,18.20,1.13,0.00,5,0
vda,12.60,0.76,0.01,3,0
vda,1.80,0.00,0.01,0,0
vda,8.20,0.00,0.03,0,0
vda,0.00,0.00,0.00,0,0
vda,12.40,0.00,0.06,0,0
vda,0.80,0.00,0.00,0,0
vda,3.20,0.00,0.01,0,0
vda,1.00,0.00,0.00,0,0
vda,1.40,0.00,0.00,0,0
vda,1.00,0.00,0.00,0,0
