vda,3.60,0.00,0.02,0,0
vda,28.40,0.00,0.12,0,0
vda,2.00,0.00,0.01,0,0
vda,1.80,0.00,0.01,0,0
vda,0.00,0.00,0.00,0,0
vda,4.00,0.00,0.02,0,0
vda,3.60,0.00,0.02,0,0
vda,2.59,0.00,0.01,0,0
vda,1.80,0.00,0.01,0,0
vda,1.80,0.00,0.01,0,0
vda,10.00,0.00,0.04,0,0
vda,0.00,0.00,0.00,0,0
vda,293.20,3.64,0.01,18,0
vda,320.60,3.76,0.02,18,0
vda,295.40,6.49,0.06,32,0
vda,144.20,1.30,0.03,6,0
vda,9.00,0.03,0.03,0,0
vda,0.00,0.00,0.00,0,0
vda,8.20,0.00,0.04,0,0
vda,15.20,0.00,0.08,0,0
vda,14.80,0.00,0.11,0,0
vda,15.60,0.09,0.11,0,0
vda,7.40,0.00,0.03,0,0
vda,1.80,0.00,0.01,0,0
vda,2.80,0.00,0.01,0,0
vda,2.40,0.00,0.01,0,0
vda,1.80,0.00,0.01,0,0
vda,2.00,0.00,0.01,0,0
vda,2.20,0.00,0.01,0,0
vda,6.20,0.00,0.03,0,0
vda,8.00,0.00,0.04,0,0
