vda,1.20,0.00,0.01,0,0
vda,25.80,0.00,0.11,0,0
vda,0.80,0.00,0.00,0,0
vda,0.00,0.00,0.00,0,0
vda,0.80,0.00,0.00,0,0
vda,0.60,0.00,0.00,0,0
vda,1.00,0.00,0.01,0,0
vda,331.60,4.13,0.01,20,0
vda,184.60,2.08,0.01,10,0
vda,367.60,4.88,0.04,24,0
vda,149.40,1.40,0.02,7,0
vda,6.00,0.00,0.02,0,0
vda,6.40,0.00,0.03,0,0
vda,13.80,0.00,0.05,0,0
vda,5.80,0.00,0.04,0,0
vda,8.80,0.09,0.03,0,0
vda,14.00,0.00,0.08,0,0
vda,0.00,0.00,0.00,0,0
vda,1.40,0.00,0.01,0,0
vda,1.00,0.00,0.00,0,0
vda,2.20,0.00,0.01,0,0
vda,1.60,0.00,0.01,0,0
vda,1.60,0.00,0.01,0,0
vda,0.00,0.00,0.00,0,0
vda,5.40,0.00,0.03,0,0
vda,1.20,0.00,0.00,0,0
vda,16.60,0.00,0.07,0,0
vda,1.00,0.00,0.00,0,0
vda,0.80,0.00,0.00,0,0
