vda,0.20,0.00,0.00,0,0
vda,1.80,0.00,0.01,0,0
vda,19.00,0.00,0.09,0,0
vda,0.80,0.00,0.00,0,0
vda,2.20,0.00,0.01,0,0
vda,1.20,0.00,0.01,0,0
vda,11.80,0.00,0.05,0,0
vda,0.00,0.00,0.00,0,0
vda,5.20,0.00,0.02,0,0
vda,4.80,0.00,0.02,0,0
vda,0.20,0.00,0.00,0,0
vda,6.39,0.00,0.03,0,0
vda,1.00,0.00,0.00,0,0
vda,3.60,0.00,0.02,0,0
vda,0.40,0.00,0.05,0,0
vda,5.20,0.00,0.02,0,0
vda,1.40,0.00,0.01,0,0
vda,0.00,0.00,0.00,0,0
vda,2.60,0.00,0.01,0,0
vda,4.00,0.00,0.03,0,0
vda,0.80,0.00,0.00,0,0
vda,13.40,0.00,0.06,0,0
vda,3.40,0.00,0.01,0,0
vda,3.60,0.00,0.01,0,0
vda,2.00,0.00,0.01,0,0
vda,7.00,0.00,1.90,0,9
vda,12.00,0.00,0.96,0,4
vda,4.00,0.00,0.02,0,0
vda,2.40,0.00,0.01,0,0
vda,3.20,0.00,0.01,0,0
vda,4.60,0.00,0.02,0,0
vda,1.80,0.00,0.01,0,0
vda,6.80,0.00,0.04,0,0
vda,5.00,0.00,1.90,0,9
vda,11.60,0.00,0.05,0,0
vda,3.60,0.00,0.01,0,0
vda,2.60,0.00,0.01,0,0
vda,8.00,0.00,1.93,0,9
vda,0.40,0.00,0.01,0,0
vda,9.60,0.00,0.07,0,0
vda,9.80,0.00,0.04,0,0
vda,5.00,0.00,1.91,0,9
vda,5.80,0.00,0.02,0,0
vda,4.80,0.00,0.03,0,0
vda,2.80,0.00,0.01,0,0
vda,4.80,0.00,1.92,0,9
vda,10.40,0.00,0.98,0,4
vda,3.60,0.00,0.01,0,0
vda,0.00,0.00,0.00,0,0
vda,3.40,0.00,0.02,0,0
vda,2.20,0.00,0.01,0,0
vda,9.80,0.00,0.04,0,0
vda,6.60,0.00,0.03,0,0
vda,5.20,0.00,0.04,0,0
vda,1.80,0.00,0.01,0,0
vda,3.80,0.00,0.02,0,0
vda,3.80,0.00,0.01,0,0
vda,2.00,0.00,0.01,0,0
vda,2.60,0.00,1.90,0,9
vda,5.40,0.00,0.02,0,0
vda,19.60,0.00,0.10,0,0
vda,3.60,0.00,0.02,0,0
vda,3.80,0.00,1.91,0,9
vda,5.80,0.00,0.02,0,0
vda,1.40,0.00,0.01,0,0
vda,1.60,0.00,0.01,0,0
vda,1.80,0.00,0.01,0,0
vda,7.80,0.00,0.03,0,0
vda,7.40,0.00,0.04,0,0
vda,0.80,0.00,0.00,0,0
vda,0.00,0.00,0.00,0,0
vda,17.20,0.00,0.08,0,0
vda,0.80,0.00,0.00,0,0
vda,1.40,0.00,0.01,0,0
vda,1.00,0.00,0.00,0,0
vda,11.40,0.00,0.05,0,0
