vda,29.00,0.00,0.13,0,0
vda,1.40,0.00,0.01,0,0
vda,0.00,0.00,0.00,0,0
vda,1.80,0.00,0.01,0,0
vda,0.00,0.00,0.00,0,0
vda,3.80,0.00,0.02,0,0
vda,1.60,0.00,0.01,0,0
vda,1.60,0.00,0.01,0,0
vda,1.00,0.00,0.00,0,0
vda,8.00,0.00,0.03,0,0
vda,0.00,0.00,0.00,0,0
vda,1.40,0.00,0.01,0,0
vda,239.80,3.07,0.00,15,0
vda,281.40,3.16,0.01,15,0
vda,252.20,3.51,0.02,17,0
vda,143.20,1.60,0.02,7,0
vda,127.40,1.08,0.02,5,0
vda,8.60,0.00,0.04,0,0
vda,6.80,0.00,0.04,0,0
vda,6.00,0.00,0.02,0,0
vda,9.40,0.00,0.09,0,0
vda,19.80,0.00,0.11,0,0
vda,0.00,0.00,0.00,0,0
vda,8.60,0.00,0.03,0,0
vda,5.60,0.00,0.03,0,0
vda,15.80,0.09,0.08,0,0
vda,7.40,0.00,0.03,0,0
vda,0.80,0.00,0.00,0,0
vda,0.00,0.00,0.00,0,0
vda,6.80,0.00,0.04,0,0
vda,0.00,0.00,0.00,0,0
vda,1.40,0.00,0.01,0,0
vda,0.00,0.00,0.00,0,0
vda,0.80,0.00,0.00,0,0
vda,8.18,0.00,0.04,0,0
