vda,1.20,0.00,0.01,0,0
vda,29.20,0.00,0.13,0,0
vda,1.80,0.00,0.01,0,0
vda,0.00,0.00,0.00,0,0
vda,0.80,0.00,0.00,0,0
vda,0.00,0.00,0.00,0,0
vda,3.80,0.00,0.02,0,0
vda,1.00,0.00,0.00,0,0
vda,0.80,0.00,0.00,0,0
vda,2.00,0.00,0.01,0,0
vda,0.60,0.00,0.00,0,0
vda,0.00,0.00,0.00,0,0
vda,215.00,2.47,0.04,12,0
vda,318.00,3.76,0.02,18,0
vda,304.80,4.13,0.01,20,0
vda,218.00,2.01,0.07,10,0
vda,28.40,0.01,0.12,0,0
vda,8.40,0.09,0.04,0,0
vda,0.60,0.00,0.01,0,0
vda,1.20,0.00,0.00,0,0
vda,1.00,0.00,0.00,0,0
vda,7.40,0.00,0.03,0,0
vda,1.20,0.00,0.00,0,0
vda,7.20,0.00,0.05,0,0
vda,3.00,0.00,0.01,0,0
vda,1.00,0.00,0.00,0,0
