vda,2.80,0.00,0.01,0,0
vda,1.00,0.00,0.00,0,0
vda,0.00,0.00,0.00,0,0
vda,22.40,0.00,0.11,0,0
vda,2.20,0.00,0.01,0,0
vda,0.00,0.00,0.00,0,0
vda,30.80,0.27,0.02,1,0
vda,284.00,3.51,0.05,17,0
vda,314.80,3.80,0.02,19,0
vda,332.80,18.96,0.02,94,0
vda,21.00,2.31,0.01,11,0
vda,94.40,0.91,0.01,4,0
vda,57.20,0.41,0.04,2,0
vda,9.00,0.00,0.04,0,0
vda,35.80,0.18,0.12,0,0
vda,2.60,0.00,0.01,0,0
vda,1.00,0.00,0.00,0,0
vda,0.00,0.00,0.00,0,0
vda,0.60,0.00,0.00,0,0
vda,0.60,0.00,0.01,0,0
vda,1.00,0.00,0.00,0,0
vda,17.80,0.02,0.07,0,0
vda,1.80,0.00,0.01,0,0
vda,0.00,0.00,0.00,0,0
