vda,1.20,0.00,0.01,0,0
vda,39.40,0.08,0.10,0,0
vda,1.80,0.00,0.01,0,0
vda,0.00,0.00,0.00,0,0
vda,1.80,0.00,0.01,0,0
vda,11.00,0.00,0.05,0,0
vda,1.60,0.00,0.01,0,0
vda,1.00,0.00,0.00,0,0
vda,0.00,0.00,0.00,0,0
vda,0.60,0.00,0.00,0,0
vda,0.00,0.00,0.00,0,0
vda,1.40,0.00,0.01,0,0
vda,292.20,3.59,0.02,17,0
vda,315.00,3.71,0.02,18,0
vda,294.40,9.53,0.02,47,0
vda,24.80,3.63,0.01,18,0
vda,10.60,2.47,0.01,12,0
vda,135.80,1.28,0.01,6,0
vda,12.00,0.01,0.04,0,0
vda,4.20,0.00,0.02,0,0
vda,14.00,0.03,0.11,0,0
vda,4.20,0.00,0.02,0,0
vda,4.40,0.00,0.02,0,0
vda,4.60,0.00,0.02,0,0
vda,19.00,0.09,0.02,0,0
vda,6.20,0.00,2.25,0,11
vda,4.60,0.01,2.16,0,10
vda,11.20,0.00,0.04,0,0
vda,22.60,0.00,0.12,0,0
vda,0.80,0.00,0.01,0,0
vda,3.40,0.00,0.01,0,0
vda,5.80,0.00,2.27,0,11
vda,9.00,0.00,2.21,0,11
vda,8.00,0.00,0.04,0,0
vda,3.80,0.00,0.01,0,0
vda,7.00,0.00,0.05,0,0
vda,1.80,0.00,0.01,0,0
vda,7.60,0.00,2.28,0,11
vda,12.00,0.00,2.23,0,11
vda,4.20,0.00,0.02,0,0
vda,4.20,0.00,0.02,0,0
vda,3.40,0.00,0.02,0,0
vda,7.80,0.00,0.04,0,0
vda,1.60,0.00,2.26,0,11
vda,5.60,0.00,2.20,0,11
vda,6.20,0.00,0.02,0,0
vda,3.80,0.00,0.01,0,0
vda,1.40,0.00,0.01,0,0
vda,13.20,0.00,0.05,0,0
vda,5.20,0.00,0.04,0,0
vda,0.80,0.00,0.00,0,0
vda,8.40,0.08,0.03,0,0
vda,1.00,0.00,0.00,0,0
vda,0.60,0.00,0.01,0,0
vda,1.20,0.00,0.00,0,0
vda,0.80,0.00,0.00,0,0
vda,4.40,0.00,0.03,0,0
vda,0.80,0.00,0.00,0,0
vda,8.80,0.00,0.04,0,0
vda,0.80,0.00,0.01,0,0
