vda,1.20,0.00,0.01,0,0
vda,29.00,0.00,0.12,0,0
vda,2.80,0.00,0.01,0,0
vda,1.80,0.00,0.01,0,0
vda,0.00,0.00,0.00,0,0
vda,1.80,0.00,0.01,0,0
vda,5.80,0.00,0.03,0,0
vda,2.40,0.00,0.01,0,0
vda,1.60,0.00,0.01,0,0
vda,1.80,0.00,0.01,0,0
vda,2.00,0.00,0.01,0,0
vda,1.80,0.00,0.01,0,0
vda,361.20,4.37,0.05,21,0
vda,163.20,1.82,0.02,9,0
vda,355.40,4.69,0.02,23,0
vda,158.80,1.41,0.05,7,0
vda,13.40,0.03,0.05,0,0
vda,7.60,0.09,0.04,0,0
vda,17.80,0.00,0.08,0,0
vda,0.00,0.00,0.00,0,0
vda,2.00,0.00,0.01,0,0
vda,5.00,0.00,0.02,0,0
vda,2.40,0.00,0.01,0,0
vda,4.00,0.00,0.02,0,0
vda,2.40,0.00,0.01,0,0
vda,13.80,0.00,0.06,0,0
