vda,4.60,0.00,0.02,0,0
vda,4.40,0.00,0.02,0,0
vda,0.00,0.00,0.00,0,0
vda,5.40,0.00,0.02,0,0
vda,10.40,0.00,0.06,0,0
vda,197.40,0.00,0.77,0,3
vda,3.80,0.00,0.01,0,0
vda,5.20,0.00,0.02,0,0
vda,0.00,0.00,0.00,0,0
vda,1.40,0.00,0.01,0,0
vda,5.00,0.00,0.02,0,0
vda,9.60,0.00,0.24,0,1
vda,143.00,0.00,0.57,0,2
vda,7.00,0.00,0.03,0,0
vda,2.20,0.00,0.01,0,0
vda,8.40,0.00,0.03,0,0
vda,210.60,0.00,1.00,0,4
vda,6.80,0.00,0.03,0,0
vda,0.40,0.00,0.00,0,0
vda,18.20,0.04,0.06,0,0
vda,2.40,0.00,0.01,0,0
vda,6.60,0.00,0.03,0,0
vda,0.00,0.00,0.00,0,0
vda,11.60,0.00,0.25,0,1
vda,27.00,0.00,0.17,0,0
vda,114.60,0.00,0.45,0,2
vda,19.00,0.00,0.09,0,0
