vda,0.60,0.00,0.00,0,0
vda,2.00,0.00,0.01,0,0
vda,29.40,0.27,0.01,1,0
vda,4.80,0.07,0.02,0,0
vda,5.40,0.00,0.02,0,0
vda,1.80,0.00,0.01,0,0
vda,21.00,0.00,0.10,0,0
vda,428.80,5.24,0.02,26,0
vda,128.20,1.38,0.01,6,0
vda,319.80,4.36,0.03,21,0
vda,151.80,1.33,0.05,6,0
vda,1.60,0.09,0.01,0,0
vda,15.00,0.00,0.07,0,0
vda,5.80,0.00,0.02,0,0
vda,2.00,0.00,0.01,0,0
vda,0.80,0.00,0.01,0,0
vda,2.80,0.00,0.01,0,0
vda,1.80,0.00,0.01,0,0
vda,1.80,0.00,0.01,0,0
vda,9.40,0.00,0.04,0,0
vda,4.00,0.00,0.02,0,0
vda,0.60,0.00,0.01,0,0
vda,2.20,0.00,0.01,0,0
vda,18.20,0.09,0.01,0,0
vda,13.80,0.00,0.06,0,0
vda,0.00,0.00,0.00,0,0
