vda,31.60,0.34,0.01,1,0
vda,1.20,0.00,0.00,0,0
vda,0.00,0.00,0.00,0,0
vda,0.60,0.00,0.00,0,0
vda,0.00,0.00,0.00,0,0
vda,1.40,0.00,0.01,0,0
vda,23.60,0.00,0.11,0,0
vda,320.20,4.00,0.02,20,0
vda,191.80,2.17,0.01,10,0
vda,334.60,4.44,0.00,22,0
vda,94.80,1.05,0.02,5,0
vda,83.20,0.66,0.02,3,0
vda,12.20,0.06,0.04,0,0
vda,14.60,0.03,0.09,0,0
vda,1.40,0.00,0.01,0,0
vda,7.60,0.00,0.03,0,0
vda,1.40,0.00,0.01,0,0
vda,0.60,0.00,0.01,0,0
vda,1.00,0.00,0.00,0,0
vda,0.80,0.00,0.00,0,0
vda,1.60,0.00,0.01,0,0
vda,3.40,0.00,0.01,0,0
