vda,1.20,0.00,0.01,0,0
vda,26.80,0.00,0.11,0,0
vda,1.60,0.00,0.01,0,0
vda,0.00,0.00,0.00,0,0
vda,0.80,0.00,0.00,0,0
vda,0.00,0.00,0.00,0,0
vda,1.60,0.00,0.01,0,0
vda,332.93,4.06,0.02,20,0
vda,325.20,3.80,0.01,18,0
vda,267.00,14.29,0.03,71,0
vda,30.80,0.39,0.01,1,0
vda,125.80,1.04,0.02,5,0
vda,11.60,0.00,0.05,0,0
vda,8.00,0.00,0.05,0,0
vda,5.40,0.00,0.02,0,0
vda,8.60,0.00,0.08,0,0
vda,13.80,0.09,0.10,0,0
vda,7.00,0.00,0.03,0,0
vda,22.40,0.16,0.01,0,0
vda,1.80,0.00,0.01,0,0
vda,18.40,0.00,0.08,0,0
vda,3.00,0.03,0.01,0,0
vda,0.00,0.00,0.00,0,0
vda,0.60,0.00,0.00,0,0
vda,1.80,0.00,0.01,0,0
vda,1.00,0.00,0.00,0,0
vda,3.60,0.00,0.01,0,0
vda,1.40,0.00,0.01,0,0
vda,1.40,0.00,0.01,0,0
vda,1.00,0.00,0.00,0,0
vda,0.80,0.00,0.01,0,0
