vda,0.00,0.00,0.00,0,0
vda,1.60,0.00,0.01,0,0
vda,0.00,0.00,0.00,0,0
vda,0.60,0.00,0.00,0,0
vda,0.00,0.00,0.00,0,0
vda,1.40,0.00,0.01,0,0
vda,17.60,0.00,0.09,0,0
vda,4.80,0.03,0.02,0,0
vda,39.20,12.02,0.02,60,0
vda,37.80,14.00,0.01,69,0
vda,70.00,26.01,0.01,130,0
vda,67.40,25.80,0.01,129,0
vda,67.60,25.60,0.01,128,0
vda,81.00,26.42,0.05,132,0
vda,70.60,25.61,0.07,128,0
vda,189.40,25.03,0.01,125,0
vda,119.60,23.54,0.03,117,0
vda,305.00,21.48,0.02,107,0
vda,207.00,13.23,0.01,66,0
vda,56.20,12.69,0.00,63,0
vda,25.20,2.76,0.04,13,0
vda,32.40,11.60,0.01,58,0
vda,176.60,12.18,0.03,60,0
vda,54.40,13.11,0.01,65,0
vda,159.20,21.54,0.01,107,0
vda,247.60,16.31,0.01,81,0
vda,11.40,1.85,0.01,9,0
vda,6.20,0.00,0.04,0,0
vda,0.20,0.00,0.00,0,0
vda,5.80,0.00,0.03,0,0
vda,5.80,0.00,0.02,0,0
vda,12.80,0.00,0.05,0,0
vda,38.20,0.00,14.31,0,71
vda,31.60,0.00,16.80,0,83
vda,4.20,0.00,0.01,0,0
vda,18.00,0.00,0.07,0,0
vda,4.20,0.00,0.02,0,0
vda,5.60,0.00,0.02,0,0
vda,6.00,0.00,0.03,0,0
vda,15.40,0.00,0.09,0,0
vda,5.20,0.00,0.02,0,0
vda,19.40,0.00,5.57,0,27
vda,16.20,0.00,5.50,0,27
vda,15.60,0.00,5.49,0,27
vda,19.00,0.00,7.26,0,36
vda,14.20,0.02,6.49,0,32
vda,16.80,0.00,1.88,0,9
vda,6.60,0.00,1.86,0,9
vda,13.20,0.00,7.45,0,37
vda,14.20,0.00,9.12,0,45
vda,20.20,0.00,7.38,0,36
vda,12.60,0.00,6.48,0,32
vda,3.00,0.00,0.02,0,0
vda,26.40,0.01,6.58,0,32
vda,27.00,0.05,8.30,0,41
vda,11.20,0.00,7.29,0,36
vda,13.40,0.00,7.51,0,37
vda,5.40,0.00,1.87,0,9
vda,10.60,0.00,4.62,0,23
vda,9.40,0.00,3.73,0,18
vda,29.00,0.00,7.43,0,37
vda,26.00,0.00,7.39,0,36
vda,7.00,0.00,5.58,0,27
vda,8.80,0.00,4.64,0,23
vda,14.00,0.00,1.89,0,9
vda,15.40,0.00,7.50,0,37
vda,17.00,0.00,7.38,0,36
vda,19.00,0.00,8.28,0,41
vda,25.20,0.00,0.10,0,0
vda,6.20,0.00,0.03,0,0
vda,28.00,0.00,7.57,0,37
vda,19.60,0.00,7.32,0,36
vda,18.20,0.05,7.36,0,36
vda,17.80,0.04,7.50,0,37
vda,13.20,0.00,2.78,0,13
vda,22.80,0.00,3.82,0,19
vda,24.00,0.00,7.46,0,37
vda,26.40,0.00,8.29,0,41
vda,31.60,0.00,8.36,0,41
vda,11.60,0.00,4.67,0,23
vda,9.20,0.00,1.88,0,9
vda,19.80,0.00,7.52,0,37
vda,16.00,0.00,7.40,0,37
vda,51.20,0.12,7.38,0,36
vda,19.20,0.04,8.39,0,41
vda,2.60,0.00,0.01,0,0
vda,17.20,0.00,7.52,0,37
vda,13.20,0.00,0.06,0,0
vda,1.80,0.00,0.01,0,0
vda,8.60,0.00,0.06,0,0
vda,7.00,0.00,0.03,0,0
vda,0.00,0.00,0.00,0,0
vda,3.80,0.02,0.01,0,0
vda,2.40,0.00,0.01,0,0
vda,8.20,0.00,0.04,0,0
vda,1.00,0.00,0.00,0,0
