vda,1.00,0.00,0.01,0,0
vda,27.00,0.00,0.13,0,0
vda,2.60,0.00,0.01,0,0
vda,2.00,0.00,0.01,0,0
vda,1.80,0.00,0.01,0,0
vda,1.80,0.00,0.01,0,0
vda,1.00,0.00,0.01,0,0
vda,3.80,0.00,0.01,0,0
vda,2.20,0.00,0.01,0,0
vda,3.60,0.00,0.01,0,0
vda,1.80,0.00,0.01,0,0
vda,1.80,0.00,0.01,0,0
vda,359.60,4.44,0.01,22,0
vda,161.60,1.76,0.05,8,0
vda,3.40,0.00,0.01,0,0
vda,88.60,1.13,0.02,5,0
vda,5.20,0.00,0.02,0,0
vda,7.00,0.00,0.03,0,0
vda,7.20,0.00,0.04,0,0
vda,4.80,0.00,0.02,0,0
vda,2.00,0.00,0.01,0,0
vda,13.20,0.00,0.07,0,0
vda,2.80,0.00,0.01,0,0
vda,2.00,0.00,0.01,0,0
vda,0.00,0.00,0.00,0,0
vda,1.80,0.00,0.01,0,0
vda,2.20,0.00,0.01,0,0
vda,3.00,0.00,0.02,0,0
