vda,1.80,0.09,0.01,0,0
vda,22.00,0.00,0.09,0,0
vda,2.00,0.00,0.01,0,0
vda,1.80,0.00,0.01,0,0
vda,4.60,0.01,0.02,0,0
vda,2.40,0.04,0.01,0,0
vda,1.40,0.00,0.01,0,0
vda,2.40,0.00,0.01,0,0
vda,52.20,0.99,0.02,4,0
vda,123.40,0.99,0.08,4,0
vda,114.20,1.49,0.03,7,0
vda,49.60,9.89,0.01,49,0
vda,60.80,21.51,0.00,107,0
vda,27.00,7.67,0.03,38,0
vda,5.40,0.44,0.01,2,0
vda,4.20,0.00,0.02,0,0
vda,43.80,14.21,0.07,71,0
vda,24.80,6.58,0.02,32,0
vda,132.20,47.89,0.01,239,0
vda,89.40,30.05,0.04,150,0
vda,18.00,5.80,0.01,29,0
vda,7.00,0.06,0.03,0,0
vda,30.40,10.13,0.01,50,0
vda,7.20,2.77,0.00,13,0
vda,14.40,2.88,0.03,14,0
vda,39.20,14.49,0.01,72,0
vda,57.60,18.74,0.01,93,0
vda,82.80,26.88,0.05,134,0
vda,42.20,14.52,0.02,72,0
vda,4.00,0.02,0.01,0,0
vda,9.80,0.17,0.02,0,0
vda,58.60,0.59,0.04,2,0
vda,3.20,0.02,0.00,0,0
vda,4.80,0.00,0.03,0,0
vda,19.20,0.00,4.88,0,24
vda,9.20,0.00,9.67,0,48
vda,4.80,0.00,0.02,0,0
vda,16.00,0.00,4.86,0,24
vda,11.20,0.00,9.90,0,49
vda,10.20,0.26,0.02,1,0
vda,27.20,0.00,4.92,0,24
vda,6.60,0.00,9.92,0,49
vda,3.80,0.00,0.01,0,0
vda,2.00,0.00,0.01,0,0
vda,1.80,0.00,0.01,0,0
vda,1.80,0.00,0.01,0,0
vda,4.60,0.01,0.02,0,0
vda,9.40,0.00,2.43,0,12
vda,2.60,0.00,0.01,0,0
vda,16.20,0.03,0.06,0,0
vda,17.80,0.43,0.02,2,0
vda,34.40,0.00,4.96,0,24
vda,10.80,0.00,9.72,0,48
vda,0.00,0.00,0.00,0,0
vda,11.60,0.00,4.75,0,23
vda,8.00,0.00,8.28,0,41
vda,2.80,0.00,0.01,0,0
vda,3.80,0.00,0.01,0,0
vda,10.00,0.00,5.19,0,25
vda,20.00,0.01,9.41,0,47
vda,2.60,0.02,0.01,0,0
vda,2.00,0.00,0.01,0,0
vda,1.80,0.00,0.01,0,0
vda,1.80,0.00,0.01,0,0
vda,3.00,0.00,0.01,0,0
vda,5.80,0.00,4.42,0,22
vda,13.80,0.00,0.06,0,0
vda,11.60,0.00,4.84,0,24
vda,9.80,0.03,9.72,0,48
vda,6.20,0.06,0.02,0,0
vda,23.20,0.00,4.76,0,23
vda,14.80,0.00,8.27,0,41
vda,13.40,0.00,4.74,0,23
vda,11.40,0.00,7.69,0,38
vda,3.80,0.00,0.01,0,0
vda,1.80,0.00,0.01,0,0
vda,0.20,0.00,0.00,0,0
vda,1.80,0.00,0.01,0,0
vda,6.00,0.05,0.02,0,0
vda,18.00,0.00,0.08,0,0
vda,0.20,0.00,0.00,0,0
vda,3.40,0.00,0.01,0,0
vda,27.00,0.00,4.92,0,24
vda,22.00,0.00,9.74,0,48
vda,7.00,0.00,0.83,0,4
vda,17.40,0.00,13.94,0,69
vda,0.20,0.00,0.00,0,0
vda,10.80,0.00,4.10,0,20
vda,7.80,0.00,8.44,0,42
vda,7.20,0.11,0.02,0,0
vda,2.00,0.00,0.01,0,0
vda,0.00,0.00,0.00,0,0
vda,1.80,0.00,0.01,0,0
vda,3.80,0.00,0.01,0,0
vda,8.20,0.00,4.71,0,23
vda,10.80,0.00,0.04,0,0
vda,3.60,0.00,0.01,0,0
vda,24.00,0.05,4.33,0,21
vda,7.40,0.01,8.11,0,40
vda,0.20,0.00,0.00,0,0
vda,18.20,0.00,4.88,0,24
vda,8.80,0.00,9.66,0,48
vda,10.60,0.00,4.04,0,20
vda,7.80,0.00,8.38,0,41
vda,5.00,0.00,0.02,0,0
vda,1.80,0.00,0.01,0,0
vda,3.60,0.06,0.01,0,0
vda,5.60,0.03,0.01,0,0
vda,2.00,0.00,0.01,0,0
vda,9.80,0.00,4.89,0,24
vda,4.00,0.00,2.39,0,11
vda,14.60,0.00,0.06,0,0
vda,4.80,0.00,0.02,0,0
vda,23.40,0.00,4.68,0,23
vda,19.00,0.00,8.11,0,40
vda,13.80,0.05,3.01,0,15
vda,19.20,0.08,9.26,0,46
vda,20.00,0.00,4.44,0,22
vda,8.00,0.00,7.79,0,38
vda,4.80,0.00,0.02,0,0
vda,1.20,0.00,0.00,0,0
vda,1.80,0.00,0.01,0,0
vda,1.80,0.00,0.01,0,0
vda,12.60,0.00,3.25,0,16
vda,4.20,0.00,6.18,0,30
vda,3.60,0.00,0.01,0,0
vda,2.00,0.00,0.01,0,0
vda,2.00,0.00,0.01,0,0
vda,4.60,0.00,0.02,0,0
vda,14.20,0.00,4.87,0,24
vda,8.20,0.00,9.74,0,48
vda,5.60,0.02,0.02,0,0
vda,11.20,0.00,12.29,0,61
vda,24.40,0.08,2.50,0,12
vda,9.80,0.00,9.99,0,49
vda,4.60,0.00,0.02,0,0
vda,0.00,0.00,0.00,0,0
vda,1.80,0.00,0.01,0,0
vda,1.80,0.00,0.01,0,0
vda,0.00,0.00,0.00,0,0
vda,5.00,0.00,4.86,0,24
vda,10.00,0.01,2.42,0,12
vda,7.20,0.08,0.02,0,0
vda,2.40,0.00,0.01,0,0
vda,2.00,0.00,0.01,0,0
vda,5.00,0.00,0.02,0,0
vda,21.80,0.00,4.87,0,24
vda,32.00,0.00,9.79,0,48
vda,21.60,0.00,4.90,0,24
vda,17.00,0.00,9.91,0,49
vda,6.00,0.01,0.02,0,0
vda,21.60,0.02,4.72,0,23
vda,9.40,0.00,8.44,0,42
vda,3.40,0.00,0.01,0,0
vda,0.00,0.00,0.00,0,0
vda,1.80,0.00,0.01,0,0
vda,2.00,0.00,0.01,0,0
vda,4.60,0.00,1.73,0,8
vda,4.80,0.00,2.40,0,12
vda,8.80,0.00,0.04,0,0
vda,5.20,0.08,0.01,0,0
vda,2.00,0.00,0.01,0,0
vda,0.00,0.00,0.00,0,0
vda,4.20,0.00,0.02,0,0
vda,23.80,0.00,4.90,0,24
vda,8.40,0.00,9.74,0,48
vda,11.60,0.00,4.05,0,20
vda,3.00,0.00,8.25,0,41
vda,11.20,0.00,4.05,0,20
vda,7.40,0.00,8.38,0,41
vda,6.00,0.04,0.02,0,0
vda,3.20,0.00,0.01,0,0
vda,1.80,0.00,0.01,0,0
vda,1.80,0.00,0.01,0,0
vda,2.20,0.00,0.01,0,0
vda,10.00,0.00,4.89,0,24
vda,11.80,0.00,2.43,0,12
vda,1.80,0.00,0.01,0,0
vda,3.60,0.04,0.01,0,0
vda,2.80,0.00,0.01,0,0
vda,2.00,0.00,0.01,0,0
vda,3.20,0.00,0.02,0,0
vda,4.00,0.00,0.02,0,0
vda,11.80,0.00,0.05,0,0
vda,0.00,0.00,0.00,0,0
vda,2.00,0.00,0.01,0,0
vda,2.20,0.00,0.01,0,0
vda,4.40,0.00,0.02,0,0
vda,2.00,0.04,0.01,0,0
vda,2.80,0.00,0.01,0,0
vda,1.80,0.00,0.01,0,0
vda,2.60,0.00,0.01,0,0
vda,2.20,0.00,0.01,0,0
vda,3.40,0.00,0.02,0,0
vda,23.40,4.06,0.04,20,0
vda,89.40,33.73,0.01,168,0
vda,8.00,1.20,0.03,6,0
vda,6.20,0.67,0.01,3,0
vda,5.40,0.09,0.01,0,0
vda,25.60,0.81,3.28,4,16
vda,46.00,13.01,6.63,65,33
vda,327.80,6.66,0.00,33,0
vda,997.60,20.56,0.01,102,0
vda,672.40,14.15,0.01,70,0
vda,3.20,0.00,0.01,0,0
vda,15.60,0.00,3.25,0,16
vda,23.60,0.03,6.58,0,32
vda,50.00,0.61,3.26,3,16
vda,54.20,0.29,4.53,1,22
vda,16.40,0.00,4.98,0,24
vda,16.80,0.00,4.04,0,20
vda,23.60,0.02,7.81,0,39
vda,14.40,0.00,3.24,0,16
vda,21.60,0.00,9.26,0,46
vda,4.00,0.00,0.02,0,0
vda,1.80,0.00,0.01,0,0
vda,1.80,0.00,0.01,0,0
vda,3.60,0.00,0.01,0,0
vda,6.20,0.05,0.01,0,0
vda,5.20,0.05,0.03,0,0
vda,11.60,0.00,0.05,0,0
vda,2.20,0.00,0.01,0,0
vda,1.80,0.00,0.01,0,0
vda,0.00,0.00,0.00,0,0
vda,9.20,0.00,0.04,0,0
vda,3.00,0.00,0.01,0,0
vda,6.20,0.00,0.04,0,0
vda,0.40,0.00,0.00,0,0
vda,4.80,0.02,0.02,0,0
vda,27.40,0.27,0.01,1,0
vda,13.40,0.03,0.03,0,0
vda,0.60,0.00,0.01,0,0
vda,2.20,0.00,0.01,0,0
vda,5.80,0.00,0.03,0,0
vda,10.00,0.00,0.04,0,0
vda,2.40,0.00,0.01,0,0
vda,5.60,0.00,0.03,0,0
vda,2.80,0.03,0.01,0,0
vda,0.60,0.04,0.00,0,0
vda,4.40,0.06,0.01,0,0
