vda,3.40,0.00,0.02,0,0
vda,22.40,0.00,0.11,0,0
vda,2.80,0.00,0.01,0,0
vda,1.80,0.00,0.01,0,0
vda,2.00,0.00,0.01,0,0
vda,11.40,0.00,0.05,0,0
vda,3.00,0.00,0.02,0,0
vda,2.20,0.00,0.01,0,0
vda,3.40,0.00,0.01,0,0
vda,1.80,0.00,0.01,0,0
vda,1.80,0.00,0.01,0,0
vda,6.20,0.00,0.03,0,0
vda,291.40,3.62,0.01,18,0
vda,422.20,5.37,0.04,26,0
vda,174.00,2.01,0.01,10,0
vda,4.60,0.00,0.03,0,0
vda,139.00,1.30,0.01,6,0
vda,18.20,0.03,0.14,0,0
vda,18.40,0.09,0.07,0,0
vda,6.20,0.00,0.02,0,0
vda,1.80,0.00,0.01,0,0
vda,2.00,0.00,0.01,0,0
vda,2.40,0.00,0.01,0,0
vda,3.00,0.00,0.02,0,0
vda,6.40,0.00,0.05,0,0
vda,2.40,0.00,0.01,0,0
vda,2.40,0.00,0.01,0,0
