vda,2.60,0.00,0.01,0,0
vda,0.80,0.00,0.00,0,0
vda,31.00,0.34,0.01,1,0
vda,1.00,0.00,0.00,0,0
vda,0.00,0.00,0.00,0,0
vda,1.40,0.00,0.01,0,0
vda,24.00,0.00,0.11,0,0
vda,372.00,4.60,0.01,23,0
vda,367.40,4.91,0.01,24,0
vda,152.60,5.14,0.01,25,0
vda,138.40,1.28,0.01,6,0
vda,11.80,0.04,0.04,0,0
vda,12.60,0.00,0.05,0,0
vda,7.20,0.00,0.06,0,0
vda,14.40,0.09,0.05,0,0
vda,5.80,0.00,0.02,0,0
vda,0.00,0.00,0.00,0,0
vda,1.20,0.00,0.01,0,0
vda,1.00,0.00,0.00,0,0
vda,7.00,0.00,0.03,0,0
vda,7.60,0.00,0.06,0,0
vda,1.40,0.00,0.01,0,0
vda,1.40,0.00,0.01,0,0
