3346644.0,60669.066667,20745.866667
2393356.0,186684.0,22172.0
2393356.0,186684.0,22172.0
2393356.0,186684.0,22172.0
515136.0,890936.0,22296.0
515136.0,890936.0,22296.0
141168.0,284459.73333,22325.866667
114456.0,241140.0,22328.0
114456.0,241140.0,22328.0
132812.0,243757.33333,4918.4
135636.0,244160.0,2240.0
117801.86667,103114.66667,2982.9333333
116528.0,93040.0,3036.0
116528.0,93040.0,3036.0
139352.53333,67452.533333,893.6
142864.0,63516.0,564.0
142864.0,63516.0,564.0
112132.0,98858.666667,456.53333333
107404.0,104296.0,440.0
112556.0,68508.266667,346.66666667
112924.0,65952.0,340.0
112924.0,65952.0,340.0
121719.73333,77025.066667,313.86666667
122348.0,77816.0,312.0
122348.0,77816.0,312.0
105220.0,67028.0,788.0
105220.0,67028.0,788.0
