vda,29.00,0.27,0.01,1,0
vda,33.40,0.07,0.14,0,0
vda,2.20,0.00,0.01,0,0
vda,1.80,0.00,0.01,0,0
vda,10.00,0.21,0.00,1,0
vda,2.20,0.00,0.01,0,0
vda,3.60,0.00,0.02,0,0
vda,0.00,0.00,0.00,0,0
vda,21.40,0.00,0.09,0,0
vda,2.20,0.00,0.01,0,0
vda,2.60,0.00,0.01,0,0
vda,2.00,0.00,0.01,0,0
vda,374.60,4.50,0.02,22,0
vda,389.40,5.16,0.00,25,0
vda,189.40,18.34,0.02,91,0
vda,44.40,11.37,0.03,56,0
vda,152.40,3.17,0.05,15,0
vda,5.60,0.01,0.02,0,0
vda,6.80,0.03,0.03,0,0
vda,10.40,0.00,0.05,0,0
vda,6.60,0.00,0.07,0,0
vda,4.40,0.00,0.02,0,0
vda,7.20,0.00,0.07,0,0
vda,5.00,0.00,0.02,0,0
vda,8.60,0.00,0.04,0,0
vda,7.80,0.00,0.03,0,0
vda,11.40,0.00,0.05,0,0
vda,0.20,0.00,0.00,0,0
vda,4.80,0.00,0.02,0,0
vda,9.80,0.00,0.06,0,0
vda,10.20,0.00,1.35,0,6
vda,7.20,0.00,1.35,0,6
vda,6.20,0.00,0.03,0,0
vda,2.40,0.00,0.01,0,0
vda,8.00,0.08,0.03,0,0
vda,0.00,0.00,0.00,0,0
vda,2.40,0.00,0.01,0,0
vda,16.97,0.00,0.08,0,0
vda,2.20,0.00,0.01,0,0
vda,3.40,0.00,0.01,0,0
vda,2.00,0.00,0.01,0,0
vda,2.80,0.00,0.01,0,0
vda,3.00,0.00,0.01,0,0
vda,0.00,0.00,0.00,0,0
