vda,1.20,0.00,0.01,0,0
vda,24.80,0.00,0.11,0,0
vda,1.00,0.00,0.00,0,0
vda,0.00,0.00,0.00,0,0
vda,0.60,0.00,0.00,0,0
vda,0.00,0.00,0.00,0,0
vda,1.60,0.00,0.01,0,0
vda,1.40,0.00,0.01,0,0
vda,10.80,0.00,0.05,0,0
vda,1.40,0.00,0.01,0,0
vda,0.60,0.00,0.00,0,0
vda,0.00,0.00,0.00,0,0
vda,240.60,3.08,0.01,15,0
vda,351.30,4.17,0.01,20,0
vda,306.80,7.45,0.02,37,0
vda,148.20,3.99,0.01,19,0
vda,19.40,0.05,0.06,0,0
vda,11.40,0.00,0.04,0,0
vda,24.80,0.00,2.84,0,14
vda,11.00,0.00,0.04,0,0
vda,7.80,0.09,0.03,0,0
vda,0.00,0.00,0.00,0,0
vda,0.60,0.00,0.00,0,0
vda,0.00,0.00,0.00,0,0
vda,1.20,0.00,0.01,0,0
vda,3.00,0.00,0.01,0,0
vda,8.20,0.00,0.05,0,0
vda,0.00,0.00,0.00,0,0
vda,0.60,0.00,0.00,0,0
