vda,4.40,1.20,0.01,6,0
vda,6.40,0.80,0.02,4,0
vda,4.00,1.20,0.00,6,0
vda,2.40,0.81,0.00,4,0
vda,3.20,0.81,0.00,4,0
vda,20.40,1.23,0.08,6,0
vda,3.40,0.83,0.01,4,0
vda,26.60,1.54,0.01,7,0
vda,77.00,20.51,0.04,102,0
vda,55.80,20.46,0.01,102,0
vda,76.20,27.03,0.01,135,0
vda,71.40,25.81,0.01,129,0
vda,66.80,25.31,0.01,126,0
vda,62.60,22.69,0.02,113,0
vda,68.20,24.60,0.06,123,0
vda,73.40,26.08,0.04,130,0
vda,58.20,18.53,0.04,92,0
vda,70.60,25.71,0.01,128,0
vda,73.00,24.80,0.02,124,0
vda,59.60,20.57,0.02,102,0
vda,2.40,0.00,0.01,0,0
vda,21.80,0.19,0.01,0,0
vda,34.00,0.04,6.84,0,34
vda,5.00,0.00,0.02,0,0
vda,6.80,0.00,0.03,0,0
vda,35.20,0.02,9.45,0,47
vda,7.40,0.00,0.03,0,0
vda,35.00,0.13,9.33,0,46
vda,7.00,0.10,0.02,0,0
vda,7.40,0.00,0.03,0,0
vda,27.80,0.00,7.99,0,39
vda,9.80,0.00,1.37,0,6
vda,24.40,0.00,8.87,0,44
vda,6.80,0.00,0.03,0,0
vda,25.40,0.00,10.09,0,50
vda,7.60,0.00,0.03,0,0
vda,32.20,0.00,10.71,0,53
vda,12.00,0.09,0.03,0,0
vda,37.00,0.00,9.36,0,46
vda,8.60,0.00,1.35,0,6
vda,38.20,0.00,9.80,0,49
vda,17.20,0.00,0.94,0,4
vda,8.40,0.00,0.04,0,0
vda,0.00,0.00,0.00,0,0
vda,0.60,0.00,0.00,0,0
vda,47.60,0.58,0.00,2,0
vda,5.40,0.02,0.02,0,0
vda,17.40,0.00,0.11,0,0
vda,1.60,0.00,0.01,0,0
vda,1.80,0.00,0.01,0,0
vda,29.00,0.13,0.00,0,0
