vda,1.00,0.00,0.01,0,0
vda,29.80,0.00,0.13,0,0
vda,2.40,0.00,0.01,0,0
vda,2.60,0.00,0.01,0,0
vda,2.00,0.00,0.01,0,0
vda,1.80,0.00,0.01,0,0
vda,1.00,0.00,0.01,0,0
vda,2.40,0.00,0.01,0,0
vda,25.00,0.11,0.01,0,0
vda,10.20,0.00,0.04,0,0
vda,1.80,0.00,0.01,0,0
vda,2.00,0.00,0.01,0,0
vda,367.60,4.49,0.02,22,0
vda,380.20,5.15,0.02,25,0
vda,125.40,1.34,0.02,6,0
vda,140.20,1.30,0.01,6,0
vda,12.60,0.03,0.05,0,0
vda,15.00,0.09,0.07,0,0
vda,14.00,0.00,0.06,0,0
vda,2.00,0.00,0.01,0,0
vda,2.80,0.00,0.01,0,0
vda,1.40,0.00,0.01,0,0
vda,11.40,0.00,0.05,0,0
vda,6.40,0.00,0.06,0,0
vda,2.60,0.00,0.01,0,0
vda,2.20,0.00,0.01,0,0
vda,3.80,0.00,0.02,0,0
