6494684.0,1142212.0,5124.0
6494684.0,1142212.0,5124.0
5861164.0,1256553.6,5269.6
3327084.0,1713920.0,5852.0
3327084.0,1713920.0,5852.0
2922939.2,1877454.4,5865.6
1306360.0,2531592.0,5920.0
1088402.4,2621171.2,5932.8
216572.0,2979488.0,5984.0
216572.0,2979488.0,5984.0
202797.6,2954016.0,5413.6
147700.0,2852128.0,3132.0
147700.0,2852128.0,3132.0
193093.6,2804598.4,3145.6
374668.0,2614480.0,3200.0
374668.0,2614480.0,3200.0
316105.86667,2670377.6,3221.3333333
155060.0,2824096.0,3280.0
143617.33333,2817020.0,3304.0
120732.0,2802868.0,3352.0
120732.0,2802868.0,3352.0
128000.0,2784753.3333,3373.3333333
142536.0,2748524.0,3416.0
142536.0,2748524.0,3416.0
448646.4,2439882.4,3448.0
907812.0,1976920.0,3496.0
816077.33333,2075266.6667,3520.0
632608.0,2271960.0,3568.0
632608.0,2271960.0,3568.0
576322.13333,2324428.2667,3582.9333333
421536.0,2468716.0,3624.0
421536.0,2468716.0,3624.0
326608.0,2559278.6667,3645.3333333
136752.0,2740404.0,3688.0
309812.0,2566130.6667,3712.0
655932.0,2217584.0,3760.0
655932.0,2217584.0,3760.0
551954.4,2308907.2,3782.4
395988.0,2445892.0,3816.0
395988.0,2445892.0,3816.0
310069.33333,2528756.0,3836.0
138232.0,2694484.0,3876.0
133734.66667,2694240.0,3901.3333333
124740.0,2693752.0,3952.0
124740.0,2693752.0,3952.0
486769.33333,2333334.6667,4054.6666667
1210828.0,1612500.0,4260.0
1210828.0,1612500.0,4260.0
1114714.6667,1703094.6667,4278.6666667
922488.0,1884284.0,4316.0
918616.0,1884288.2667,4335.2
907968.0,1884300.0,4388.0
907968.0,1884300.0,4388.0
2403460.2667,1680650.9333,4401.8666667
