vda,28.00,0.00,0.12,0,0
vda,1.80,0.00,0.01,0,0
vda,0.80,0.00,0.00,0,0
vda,0.00,0.00,0.00,0,0
vda,0.60,0.00,0.00,0,0
vda,0.00,0.00,0.00,0,0
vda,1.40,0.00,0.01,0,0
vda,3.19,0.00,0.01,0,0
vda,10.20,0.00,0.04,0,0
vda,0.00,0.00,0.00,0,0
vda,0.60,0.00,0.00,0,0
vda,2.40,0.00,0.01,0,0
vda,168.00,1.92,0.00,9,0
vda,383.20,4.54,0.03,22,0
vda,350.60,6.60,0.02,33,0
vda,32.40,7.43,0.00,37,0
vda,7.20,0.94,0.01,4,0
vda,135.80,1.29,0.00,6,0
vda,5.60,0.00,0.02,0,0
vda,6.40,0.01,0.03,0,0
vda,8.60,0.00,0.09,0,0
vda,5.40,0.03,0.02,0,0
vda,3.80,0.00,0.01,0,0
vda,0.00,0.00,0.00,0,0
vda,3.00,0.00,0.01,0,0
vda,14.60,0.00,2.49,0,12
vda,0.00,0.00,0.00,0,0
vda,14.80,0.00,0.09,0,0
vda,3.80,0.00,0.01,0,0
vda,3.80,0.00,0.01,0,0
vda,3.00,0.01,0.00,0,0
vda,4.40,0.00,0.02,0,0
vda,2.80,0.00,0.01,0,0
vda,3.20,0.00,0.01,0,0
vda,12.80,0.00,2.51,0,12
vda,8.60,0.00,0.04,0,0
vda,2.40,0.00,0.01,0,0
vda,12.80,0.00,0.05,0,0
vda,1.80,0.03,0.00,0,0
vda,1.20,0.00,0.00,0,0
vda,3.00,0.00,0.01,0,0
vda,4.60,0.00,0.02,0,0
vda,8.00,0.00,0.04,0,0
vda,2.80,0.00,2.48,0,12
vda,12.60,0.00,2.56,0,12
vda,2.40,0.00,0.01,0,0
vda,3.60,0.00,0.01,0,0
vda,4.00,0.00,2.48,0,12
vda,11.20,0.00,2.56,0,12
vda,5.40,0.00,0.04,0,0
vda,3.80,0.00,0.01,0,0
vda,3.20,0.00,0.01,0,0
vda,0.00,0.00,0.00,0,0
vda,1.40,0.00,0.01,0,0
vda,2.80,0.00,0.01,0,0
vda,11.40,0.00,0.06,0,0
vda,7.00,0.00,2.50,0,12
vda,5.20,0.00,0.02,0,0
vda,0.00,0.00,0.00,0,0
vda,5.20,0.00,0.02,0,0
vda,3.40,0.00,2.48,0,12
vda,1.00,0.00,0.01,0,0
vda,7.40,0.00,0.03,0,0
vda,21.40,0.09,0.04,0,0
vda,0.00,0.00,0.00,0,0
vda,14.60,0.08,0.06,0,0
vda,6.60,0.00,0.03,0,0
vda,0.80,0.00,0.01,0,0
vda,1.00,0.00,0.00,0,0
vda,2.60,0.00,0.01,0,0
vda,7.20,0.00,0.04,0,0
vda,0.00,0.00,0.00,0,0
vda,1.40,0.00,0.00,0,0
vda,2.20,0.00,0.01,0,0
vda,1.00,0.00,0.00,0,0
