vda,2.20,0.00,0.01,0,0
vda,1.00,0.00,0.00,0,0
vda,0.40,0.00,0.00,0,0
vda,17.60,0.00,0.09,0,0
vda,1.20,0.00,0.00,0,0
vda,0.00,0.00,0.00,0,0
vda,1.20,0.00,0.01,0,0
vda,8.20,0.00,0.03,0,0
vda,172.80,18.25,0.02,91,0
vda,109.60,10.43,0.00,52,0
vda,127.20,9.73,0.01,48,0
vda,177.00,11.34,0.01,56,0
vda,157.60,10.21,0.00,51,0
vda,179.20,10.96,0.05,54,0
vda,178.40,10.96,0.10,54,0
vda,169.20,10.77,0.02,53,0
vda,301.60,19.28,0.02,96,0
vda,356.80,23.06,0.00,115,0
vda,196.40,22.58,0.01,112,0
vda,216.40,14.41,0.02,72,0
vda,174.00,15.00,0.02,75,0
vda,239.80,22.39,0.01,111,0
vda,324.40,20.79,0.03,103,0
vda,301.20,18.90,0.04,94,0
vda,4.20,0.40,0.01,2,0
vda,3.20,0.00,0.02,0,0
vda,5.40,0.00,0.02,0,0
vda,5.20,0.00,0.03,0,0
vda,0.20,0.00,0.00,0,0
vda,7.20,0.00,0.04,0,0
vda,4.80,0.00,0.02,0,0
vda,40.60,0.00,27.55,0,137
vda,9.80,0.00,3.98,0,19
vda,4.40,0.00,0.02,0,0
vda,4.20,0.00,0.02,0,0
vda,0.80,0.00,0.00,0,0
vda,2.00,0.00,0.01,0,0
vda,12.60,0.00,0.06,0,0
vda,5.40,0.00,0.03,0,0
vda,8.40,0.00,0.05,0,0
vda,3.60,0.00,0.01,0,0
vda,44.80,0.00,21.68,0,108
vda,9.40,0.00,5.95,0,29
vda,0.20,0.00,0.00,0,0
vda,2.80,0.00,0.01,0,0
vda,4.80,0.00,0.02,0,0
vda,4.20,0.00,0.02,0,0
vda,2.20,0.00,0.01,0,0
vda,12.60,0.00,4.01,0,20
vda,7.60,0.00,3.96,0,19
vda,7.00,0.00,6.08,0,30
vda,7.80,0.00,5.70,0,28
vda,13.40,0.00,3.91,0,19
vda,6.20,0.00,0.03,0,0
vda,6.60,0.00,4.01,0,20
vda,9.60,0.00,7.72,0,38
vda,13.60,0.00,3.99,0,19
vda,9.40,0.00,8.00,0,40
vda,12.40,0.00,7.93,0,39
vda,11.00,0.00,3.96,0,19
vda,28.00,0.00,8.03,0,40
vda,14.00,0.00,3.79,0,18
vda,12.60,0.00,3.89,0,19
vda,3.80,0.00,0.01,0,0
vda,19.40,0.00,4.06,0,20
vda,16.60,0.00,7.71,0,38
vda,20.40,0.00,5.96,0,29
vda,28.60,0.00,6.04,0,30
vda,17.60,0.00,7.93,0,39
vda,10.40,0.00,3.97,0,19
vda,16.80,0.00,8.00,0,40
vda,13.80,0.00,5.80,0,28
vda,14.40,0.00,1.95,0,9
vda,5.00,0.00,0.02,0,0
vda,22.00,0.00,7.87,0,39
vda,12.20,0.00,3.87,0,19
vda,21.80,0.00,7.88,0,39
vda,11.60,0.00,4.06,0,20
vda,23.00,0.00,7.96,0,39
vda,7.40,0.00,3.96,0,19
vda,11.80,0.00,8.01,0,40
vda,15.40,0.00,3.81,0,19
vda,7.40,0.00,3.88,0,19
vda,9.00,0.03,0.04,0,0
vda,9.80,0.00,7.87,0,39
vda,12.60,0.00,3.91,0,19
vda,5.60,0.00,7.87,0,39
vda,8.40,0.00,8.01,0,40
vda,2.60,0.00,3.97,0,19
vda,21.20,0.00,8.05,0,40
vda,8.00,0.00,4.00,0,19
vda,8.40,0.00,7.65,0,38
vda,11.20,0.00,0.06,0,0
vda,8.60,0.00,4.03,0,20
vda,8.40,0.00,3.85,0,19
vda,14.00,0.00,7.80,0,39
vda,16.40,0.00,8.02,0,40
vda,22.16,0.00,4.02,0,20
vda,19.04,0.00,7.98,0,39
vda,13.00,0.00,4.10,0,20
vda,10.20,0.00,7.74,0,38
vda,8.00,0.00,3.89,0,19
vda,4.60,0.00,0.02,0,0
vda,13.00,0.00,4.03,0,20
vda,21.80,0.00,7.72,0,38
vda,12.80,0.00,3.93,0,19
vda,24.60,0.00,8.03,0,40
vda,14.60,0.00,3.98,0,19
vda,28.54,0.00,7.95,0,39
vda,22.00,0.03,8.00,0,40
vda,12.00,0.00,3.77,0,18
vda,12.60,0.00,3.89,0,19
vda,4.40,0.00,0.02,0,0
vda,25.40,0.00,7.91,0,39
vda,11.40,0.00,3.88,0,19
vda,22.80,0.00,7.91,0,39
vda,8.80,0.00,6.00,0,29
vda,7.60,0.00,5.98,0,29
vda,10.40,0.00,5.93,0,29
vda,10.60,0.00,6.05,0,30
vda,13.00,0.00,5.76,0,28
vda,6.00,0.00,1.92,0,9
vda,3.40,0.00,0.01,0,0
vda,5.40,0.00,0.02,0,0
vda,8.80,0.01,4.03,0,20
vda,7.00,0.00,3.86,0,19
vda,3.60,0.00,3.87,0,19
vda,6.80,0.00,3.93,0,19
vda,21.00,0.00,8.06,0,40
vda,4.00,0.00,3.95,0,19
vda,13.40,0.00,7.95,0,39
vda,4.40,0.00,4.03,0,20
vda,9.40,0.00,7.75,0,38
vda,2.00,0.00,3.87,0,19
vda,2.60,0.00,0.01,0,0
vda,13.00,0.00,0.09,0,0
vda,0.20,0.00,0.00,0,0
vda,0.80,0.00,0.00,0,0
vda,0.60,0.00,0.01,0,0
vda,8.20,0.00,0.03,0,0
vda,0.60,0.00,0.00,0,0
vda,3.80,0.03,0.01,0,0
vda,5.40,0.00,0.03,0,0
vda,0.20,0.00,0.00,0,0
vda,1.40,0.00,0.01,0,0
