vda,1.20,0.00,0.01,0,0
vda,27.20,0.00,0.13,0,0
vda,2.00,0.00,0.01,0,0
vda,1.80,0.00,0.01,0,0
vda,0.00,0.00,0.00,0,0
vda,11.20,0.00,0.04,0,0
vda,3.20,0.00,0.02,0,0
vda,446.60,5.34,0.06,26,0
vda,414.20,5.26,0.02,26,0
vda,84.80,12.30,0.02,61,0
vda,140.00,1.29,0.02,6,0
vda,2.60,0.03,0.00,0,0
vda,10.20,0.00,0.04,0,0
vda,8.20,0.00,0.04,0,0
vda,17.60,0.00,0.16,0,0
vda,11.60,0.00,0.05,0,0
vda,8.60,0.00,0.03,0,0
vda,1.80,0.00,0.01,0,0
vda,1.80,0.09,0.01,0,0
vda,21.40,0.00,0.11,0,0
vda,2.60,0.00,0.01,0,0
vda,2.00,0.00,0.01,0,0
vda,6.00,0.03,0.02,0,0
vda,2.20,0.00,0.01,0,0
vda,1.80,0.00,0.01,0,0
vda,2.00,0.00,0.01,0,0
vda,11.40,0.00,0.05,0,0
vda,2.60,0.00,0.01,0,0
vda,2.00,0.00,0.01,0,0
vda,1.80,0.00,0.01,0,0
vda,1.80,0.00,0.01,0,0
vda,1.80,0.00,0.01,0,0
