2643598.4,443912.0,5423.2
1910000.0,534104.0,5584.0
1910000.0,534104.0,5584.0
1350756.0,730858.66667,5609.3333333
232268.0,1124368.0,5660.0
232268.0,1124368.0,5660.0
191338.66667,1072688.0,5560.0
109480.0,969328.0,5360.0
121174.93333,980140.8,5374.9333333
153336.0,1009876.0,5416.0
153336.0,1009876.0,5416.0
187875.73333,960248.26667,5433.0666667
282860.0,823772.0,5480.0
282860.0,823772.0,5480.0
252305.6,853943.2,5491.2
130088.0,974628.0,5536.0
132259.73333,969972.53333,5542.4
146376.0,939712.0,5584.0
146376.0,939712.0,5584.0
143653.06667,942146.93333,5588.2666667
105532.0,976236.0,5648.0
105532.0,976236.0,5648.0
123976.0,943476.0,5720.0
123976.0,943476.0,5720.0
123730.66667,940792.26667,5758.4
123730.66667,940792.26667,5758.4
123516.0,938444.0,5792.0
123516.0,938444.0,5792.0
124224.0,936740.0,5840.0
124224.0,936740.0,5840.0
374883.73333,698202.4,5892.2666667
392788.0,681164.0,5896.0
392788.0,681164.0,5896.0
315885.06667,757421.06667,5955.7333333
310392.0,762868.0,5960.0
310392.0,762868.0,5960.0
212204.0,856640.0,6008.0
212204.0,856640.0,6008.0
206579.2,862098.4,6011.7333333
127832.0,938516.0,6064.0
127832.0,938516.0,6064.0
580864.0,482988.0,6120.0
580864.0,482988.0,6120.0
580864.0,482988.0,6120.0
474304.0,588048.0,6184.0
474304.0,588048.0,6184.0
470164.8,591216.8,6186.6666667
412216.0,635580.0,6224.0
403444.8,644113.33333,6227.7333333
280648.0,763580.0,6280.0
280648.0,763580.0,6280.0
259363.73333,776209.33333,6314.1333333
259363.73333,776209.33333,6314.1333333
178593.86667,846769.33333,6373.8666667
178593.86667,846769.33333,6373.8666667
124216.0,898840.0,6400.0
335059.73333,703339.2,6280.5333333
335059.73333,703339.2,6280.5333333
519548.0,532276.0,6176.0
519548.0,532276.0,6176.0
377680.0,673016.0,6244.0
377680.0,673016.0,6244.0
375477.33333,675334.93333,6247.7333333
344640.0,707800.0,6300.0
344640.0,707800.0,6300.0
344640.0,707800.0,6300.0
344640.0,707800.0,6300.0
344640.0,707800.0,6300.0
