vda,24.15,0.00,0.11,0,0
vda,3.80,0.00,0.02,0,0
vda,0.00,0.00,0.00,0,0
vda,0.60,0.00,0.00,0,0
vda,0.80,0.00,0.00,0,0
vda,0.00,0.00,0.00,0,0
vda,1.60,0.00,0.01,0,0
vda,356.20,4.37,0.01,21,0
vda,360.60,4.65,0.04,23,0
vda,194.80,5.22,0.01,26,0
vda,137.80,1.82,0.00,9,0
vda,5.80,0.04,0.01,0,0
vda,9.80,0.00,0.04,0,0
vda,8.40,0.00,0.05,0,0
vda,11.00,0.00,0.04,0,0
vda,21.00,0.00,0.17,0,0
vda,4.20,0.00,0.02,0,0
vda,2.40,0.09,0.01,0,0
vda,14.40,0.00,0.07,0,0
vda,0.80,0.00,0.00,0,0
vda,9.60,0.00,0.04,0,0
vda,1.00,0.00,0.00,0,0
vda,0.80,0.00,0.00,0,0
vda,0.00,0.00,0.00,0,0
vda,0.80,0.00,0.00,0,0
vda,0.00,0.00,0.00,0,0
vda,2.60,0.00,0.01,0,0
vda,15.00,0.00,0.07,0,0
vda,0.60,0.00,0.00,0,0
vda,1.80,0.00,0.01,0,0
vda,1.00,0.00,0.00,0,0
