vda,0.00,0.00,0.00,0,0
vda,11.40,0.00,0.05,0,0
vda,172.00,0.00,0.67,0,3
vda,5.00,0.00,0.02,0,0
vda,1.80,0.00,0.01,0,0
vda,8.00,0.01,0.03,0,0
vda,4.60,0.00,0.04,0,0
vda,20.80,0.00,0.08,0,0
vda,1.20,0.00,0.00,0,0
vda,5.00,0.00,0.02,0,0
vda,7.80,0.00,0.23,0,1
vda,118.80,0.00,0.46,0,2
vda,12.00,0.00,0.05,0,0
vda,17.20,0.00,0.09,0,0
vda,31.20,0.00,0.12,0,0
vda,1.40,0.00,0.01,0,0
vda,191.40,0.00,0.84,0,4
vda,9.80,0.00,0.04,0,0
vda,0.00,0.00,0.00,0,0
vda,5.00,0.00,0.02,0,0
vda,36.80,0.00,0.27,0,1
vda,111.60,0.00,0.44,0,2
vda,8.40,0.00,0.23,0,1
vda,3.20,0.00,0.01,0,0
vda,4.80,0.00,0.02,0,0
vda,2.40,0.00,0.01,0,0
vda,1.40,0.00,0.01,0,0
vda,14.20,0.00,0.08,0,0
vda,36.00,0.00,0.15,0,0
vda,229.60,0.00,0.90,0,4
