vda,40.40,0.00,210.40,0,1052
vda,36.40,0.00,158.40,0,792
vda,36.80,1.60,304.00,8,1520
vda,34.00,0.00,140.80,0,704
vda,27.00,0.00,118.40,0,592
vda,30.80,0.00,132.00,0,660
vda,0.80,0.00,39.20,0,196
vda,0.40,0.00,32.00,0,160
vda,32.00,0.00,129.60,0,648
vda,46.40,0.00,258.40,0,1292
vda,50.60,0.00,234.40,0,1172
vda,37.20,0.00,211.20,0,1056
vda,43.00,0.00,224.00,0,1120
vda,5.80,1.60,835.20,8,4176
vda,3.20,0.80,25.60,4,128
vda,0.80,0.00,68.80,0,344
vda,0.40,0.00,8.00,0,40
vda,35.60,0.00,145.60,0,728
vda,34.20,0.00,171.20,0,856
vda,50.80,0.00,215.20,0,1076
vda,49.00,0.00,448.00,0,2240
vda,48.00,0.00,203.20,0,1016
vda,36.20,0.00,206.40,0,1032
