vda,5.00,0.07,0.01,0,0
vda,2.20,0.00,0.01,0,0
vda,2.00,0.00,0.01,0,0
vda,0.00,0.00,0.00,0,0
vda,2.60,0.00,0.01,0,0
vda,2.20,0.00,0.01,0,0
vda,26.60,0.00,0.11,0,0
vda,2.40,0.00,0.01,0,0
vda,0.00,0.00,0.00,0,0
vda,1.80,0.00,0.01,0,0
vda,14.00,0.00,0.06,0,0
vda,2.60,0.00,0.01,0,0
vda,333.20,4.13,0.00,20,0
vda,185.00,2.08,0.02,10,0
vda,310.60,4.20,0.01,20,0
vda,72.40,0.86,0.02,4,0
vda,129.40,1.09,0.02,5,0
vda,9.20,0.00,0.04,0,0
vda,12.20,0.00,0.06,0,0
vda,6.00,0.00,0.02,0,0
vda,9.20,0.00,3.18,0,15
vda,9.00,0.00,0.04,0,0
vda,9.80,0.00,0.04,0,0
vda,6.40,0.09,0.02,0,0
vda,14.80,0.05,0.02,0,0
vda,0.00,0.00,0.00,0,0
vda,2.40,0.00,0.02,0,0
vda,16.60,0.00,0.09,0,0
vda,2.20,0.00,0.01,0,0
vda,0.00,0.00,0.00,0,0
vda,4.40,0.00,0.02,0,0
vda,3.00,0.00,0.01,0,0
vda,11.20,0.00,0.05,0,0
