vda,0.80,0.00,0.01,0,0
vda,26.20,0.00,0.13,0,0
vda,2.60,0.00,0.01,0,0
vda,2.00,0.00,0.01,0,0
vda,2.00,0.00,0.01,0,0
vda,4.20,0.00,0.02,0,0
vda,1.00,0.00,0.01,0,0
vda,2.40,0.00,0.01,0,0
vda,6.00,0.00,0.02,0,0
vda,0.00,0.00,0.00,0,0
vda,2.00,0.00,0.01,0,0
vda,1.80,0.00,0.01,0,0
vda,305.00,3.65,0.05,18,0
vda,421.00,5.45,0.02,27,0
vda,168.00,1.91,0.01,9,0
vda,4.40,0.00,0.03,0,0
vda,140.20,1.32,0.01,6,0
vda,6.60,0.00,0.03,0,0
vda,17.00,0.09,0.08,0,0
vda,7.20,0.00,0.03,0,0
vda,2.99,0.00,0.01,0,0
vda,2.00,0.00,0.01,0,0
vda,6.40,0.00,0.06,0,0
vda,1.80,0.00,0.01,0,0
vda,2.80,0.00,0.02,0,0
vda,8.80,0.00,0.04,0,0
vda,2.00,0.00,0.01,0,0
