vda,25.80,0.00,0.11,0,0
vda,4.00,0.00,0.02,0,0
vda,1.80,0.00,0.01,0,0
vda,2.00,0.00,0.01,0,0
vda,30.00,0.24,0.01,1,0
vda,2.00,0.00,0.01,0,0
vda,1.00,0.00,0.01,0,0
vda,2.40,0.00,0.01,0,0
vda,3.40,0.00,0.01,0,0
vda,0.00,0.00,0.00,0,0
vda,1.80,0.00,0.01,0,0
vda,8.80,0.00,0.04,0,0
vda,431.80,5.25,0.02,26,0
vda,461.80,8.94,0.03,44,0
vda,51.80,12.59,0.02,62,0
vda,18.80,0.19,0.04,0,0
vda,135.80,1.14,0.03,5,0
vda,0.20,0.00,0.00,0,0
vda,13.60,0.00,0.06,0,0
vda,11.20,0.00,0.06,0,0
vda,19.60,0.09,0.13,0,0
vda,7.20,0.00,0.03,0,0
vda,8.00,0.00,0.04,0,0
vda,2.40,0.00,0.01,0,0
vda,3.20,0.00,0.02,0,0
vda,1.80,0.00,0.01,0,0
vda,11.80,0.00,0.05,0,0
vda,0.00,0.00,0.00,0,0
vda,13.80,0.05,0.02,0,0
vda,2.60,0.00,0.01,0,0
