vda,21.80,0.00,199.20,0,996
vda,20.60,0.00,115.20,0,576
vda,54.60,0.00,231.20,0,1156
vda,39.60,0.00,236.00,0,1180
vda,6.60,0.00,28.00,0,140
vda,0.80,0.00,21.60,0,108
vda,0.80,1.60,15.20,8,76
vda,41.60,0.00,229.60,0,1148
vda,42.60,0.00,189.60,0,948
vda,28.20,0.00,135.20,0,676
vda,42.80,0.00,192.80,0,964
vda,25.40,0.00,162.40,0,812
vda,12.60,0.00,73.60,0,368
vda,38.40,0.00,204.80,0,1024
vda,25.80,0.00,679.20,0,3396
vda,9.20,0.00,58.40,0,292
vda,31.80,0.00,172.80,0,864
vda,26.60,0.00,120.80,0,604
vda,32.00,1.60,196.00,8,980
vda,26.80,0.00,170.40,0,852
vda,30.60,0.00,126.40,0,632
vda,11.80,0.00,828.80,0,4144
vda,40.40,0.00,200.80,0,1004
vda,22.80,0.00,92.80,0,464
vda,12.40,0.00,102.40,0,512
vda,41.80,0.00,205.60,0,1028
vda,37.40,0.00,164.80,0,824
vda,38.20,0.00,158.40,0,792
