vda,22.00,0.00,236.00,0,1180
vda,8.00,0.80,31.20,4,156
vda,11.00,0.00,80.80,0,404
vda,0.40,0.00,8.80,0,44
vda,37.20,0.80,148.80,4,744
vda,27.60,0.00,156.00,0,780
vda,1.40,6.40,20.00,32,100
vda,36.80,5.60,252.80,28,1264
vda,57.20,0.00,236.00,0,1180
vda,65.20,0.00,285.60,0,1428
vda,29.60,0.80,120.00,4,600
vda,24.20,85.60,111.20,428,556
vda,1.80,0.00,45.60,0,228
vda,12.18,3.19,45.51,16,228
vda,30.20,0.00,238.40,0,1192
vda,16.00,0.00,102.40,0,512
vda,0.60,0.80,45.60,4,228
vda,40.60,0.00,164.80,0,824
vda,59.40,0.00,267.20,0,1336
vda,27.20,0.00,129.60,0,648
vda,41.60,0.00,223.20,0,1116
vda,35.60,0.00,582.40,0,2912
vda,11.40,0.80,62.40,4,312
vda,20.60,0.00,116.80,0,584
vda,0.40,0.00,14.40,0,72
vda,1.00,1.60,12.80,8,64
vda,20.60,0.00,109.60,0,548
vda,46.40,0.00,201.60,0,1008
vda,50.80,1.60,216.00,8,1080
vda,57.20,0.00,885.60,0,4428
vda,47.60,0.00,266.40,0,1332
vda,0.80,1.60,29.60,8,148
vda,30.40,0.00,124.00,0,620
vda,1.00,0.00,16.80,0,84
vda,0.40,0.00,32.80,0,164
vda,41.60,4.80,180.00,24,900
vda,60.80,97.60,216.00,488,1080
vda,32.80,52.00,171.20,260,856
