vda,28.40,0.00,0.12,0,0
vda,3.20,0.00,0.01,0,0
vda,1.80,0.00,0.01,0,0
vda,1.80,0.00,0.01,0,0
vda,1.80,0.00,0.01,0,0
vda,3.20,0.00,0.01,0,0
vda,3.00,0.00,0.01,0,0
vda,5.00,0.00,0.02,0,0
vda,1.80,0.00,0.01,0,0
vda,2.00,0.00,0.01,0,0
vda,1.80,0.00,0.01,0,0
vda,9.60,0.00,0.04,0,0
vda,284.43,3.45,0.02,17,0
vda,380.00,4.32,0.02,21,0
vda,277.60,20.13,0.05,100,0
vda,45.20,9.34,0.01,46,0
vda,14.60,3.46,0.01,17,0
vda,4.00,0.00,0.02,0,0
vda,2.40,0.00,0.01,0,0
vda,141.00,1.29,0.03,6,0
vda,10.00,0.03,0.08,0,0
vda,21.20,0.00,0.10,0,0
vda,7.80,0.00,0.03,0,0
vda,11.20,0.00,0.05,0,0
vda,26.80,0.00,4.18,0,20
vda,8.80,0.09,0.03,0,0
vda,8.00,0.00,0.03,0,0
vda,0.00,0.00,0.00,0,0
vda,1.80,0.00,0.01,0,0
vda,1.80,0.00,0.01,0,0
vda,6.60,0.00,0.04,0,0
vda,2.60,0.00,0.01,0,0
vda,2.20,0.00,0.01,0,0
vda,2.60,0.00,0.01,0,0
vda,2.80,0.00,0.01,0,0
