vda,0.60,0.03,0.00,0,0
vda,4.40,0.00,0.02,0,0
vda,2.40,0.01,0.01,0,0
vda,2.00,0.00,0.01,0,0
vda,1.80,0.00,0.01,0,0
vda,2.20,0.00,0.01,0,0
vda,25.40,0.00,0.11,0,0
vda,7.00,0.01,0.02,0,0
vda,56.20,16.20,0.06,81,0
vda,40.40,15.43,0.00,77,0
vda,59.40,20.39,0.09,101,0
vda,81.20,25.92,0.03,129,0
vda,53.20,18.99,0.01,94,0
vda,46.00,15.85,0.01,79,0
vda,64.00,23.63,0.01,118,0
vda,45.80,16.53,0.01,82,0
vda,67.80,24.60,0.02,122,0
vda,76.80,23.38,0.08,116,0
vda,4.40,0.00,0.02,0,0
vda,9.00,0.00,1.65,0,8
vda,6.40,0.00,0.83,0,4
vda,15.80,0.00,0.06,0,0
vda,9.60,0.01,0.03,0,0
vda,15.40,0.00,4.08,0,20
vda,9.20,0.00,7.23,0,36
vda,10.80,0.00,5.17,0,25
vda,20.20,0.00,11.01,0,55
vda,10.80,0.00,5.26,0,26
vda,15.60,0.00,0.06,0,0
vda,7.40,0.00,0.03,0,0
vda,27.60,0.00,10.82,0,54
vda,11.40,0.00,5.32,0,26
vda,5.20,0.00,0.02,0,0
vda,5.00,0.00,0.02,0,0
vda,16.20,0.00,5.67,0,28
vda,15.20,0.00,11.95,0,59
vda,5.40,0.00,0.02,0,0
vda,8.40,0.00,0.84,0,4
vda,16.40,0.02,10.46,0,52
vda,11.20,0.01,5.49,0,27
vda,2.00,0.00,0.01,0,0
vda,27.20,0.00,8.09,0,40
vda,12.80,0.00,8.75,0,43
vda,6.40,0.00,0.03,0,0
vda,4.00,0.00,0.02,0,0
vda,20.80,0.00,8.87,0,44
vda,17.20,0.00,9.18,0,45
vda,3.20,0.00,0.01,0,0
vda,17.40,0.00,0.07,0,0
vda,17.00,0.04,0.91,0,4
vda,29.20,0.00,11.32,0,56
vda,12.40,0.00,4.94,0,24
vda,5.20,0.00,0.02,0,0
vda,14.20,0.00,9.65,0,48
vda,13.20,0.00,7.11,0,35
vda,4.80,0.00,0.02,0,0
vda,15.80,0.00,6.47,0,32
vda,15.80,0.06,10.34,0,51
vda,5.40,0.02,0.02,0,0
vda,1.80,0.00,0.01,0,0
vda,1.60,0.00,0.01,0,0
vda,9.40,0.00,0.04,0,0
vda,2.20,0.00,0.01,0,0
vda,14.40,0.00,0.07,0,0
vda,1.80,0.00,0.01,0,0
vda,1.60,0.00,0.01,0,0
vda,3.00,0.05,0.01,0,0
vda,11.60,0.03,0.05,0,0
vda,2.00,0.00,0.01,0,0
vda,1.60,0.00,0.01,0,0
vda,2.00,0.00,0.01,0,0
