2235506.4,3787957.6,154872.8
2019492.0,3787620.0,154884.0
2019492.0,3787620.0,154884.0
1862654.4,3788090.4,154886.4
1758096.0,3788404.0,154888.0
1567693.8667,3787403.4667,154890.13333
1401092.0,3786528.0,154892.0
1401092.0,3786528.0,154892.0
989526.66667,3785144.0,154892.0
783744.0,3784452.0,154892.0
783744.0,3784452.0,154892.0
730392.53333,3783073.3333,154892.0
710992.0,3782572.0,154892.0
710992.0,3782572.0,154892.0
551509.33333,3781854.6667,154892.0
471768.0,3781496.0,154892.0
2038349.3333,3611616.0,154894.66667
2821640.0,3526676.0,154896.0
