6280769.0667,466013.6,128934.13333
6210112.0,469188.0,129012.0
5916677.3333,489689.33333,129084.0
5769960.0,499940.0,129120.0
5769960.0,499940.0,129120.0
5673607.2,527676.8,129158.4
5609372.0,546168.0,129184.0
5404616.8,555757.33333,129235.2
5225456.0,564148.0,129280.0
5225456.0,564148.0,129280.0
4876182.1333,567229.86667,129356.53333
4477012.0,570752.0,129444.0
4477012.0,570752.0,129444.0
4403252.0,571278.4,129488.8
4292612.0,572068.0,129556.0
4237426.6667,572514.66667,129601.33333
4127056.0,573408.0,129692.0
4127056.0,573408.0,129692.0
4958041.6,573843.2,129719.2
