vda,4.00,0.07,0.01,0,0
vda,24.60,0.00,0.10,0,0
vda,0.00,0.00,0.00,0,0
vda,0.60,0.00,0.00,0,0
vda,2.80,0.00,0.01,0,0
vda,1.40,0.00,0.01,0,0
vda,1.00,0.00,0.00,0,0
vda,335.80,4.14,0.02,20,0
vda,211.60,2.29,0.05,11,0
vda,345.20,4.67,0.02,23,0
vda,183.80,1.43,0.21,7,1
vda,16.40,0.09,0.06,0,0
vda,6.60,0.00,0.04,0,0
vda,0.00,0.00,0.00,0,0
vda,15.40,0.00,0.09,0,0
vda,1.00,0.00,0.00,0,0
vda,1.20,0.00,0.01,0,0
vda,2.60,0.00,0.01,0,0
vda,2.00,0.00,0.01,0,0
vda,2.00,0.00,0.01,0,0
vda,2.00,0.00,0.01,0,0
vda,24.60,0.00,0.10,0,0
vda,1.80,0.00,0.01,0,0
vda,1.20,0.00,0.00,0,0
vda,0.00,0.00,0.00,0,0
vda,9.40,0.00,0.04,0,0
