7435416.8,149704.8,16113.6
7418852.0,150468.0,16152.0
5729274.1333,512229.86667,16178.133333
3798328.0,925672.0,16208.0
3798328.0,925672.0,16208.0
2983086.4,1337966.4,16235.2
1760224.0,1956408.0,16276.0
1760224.0,1956408.0,16276.0
1116665.6,2294097.6,16248.8
151328.0,2800632.0,16208.0
138998.4,2513192.0,16235.2
120504.0,2082032.0,16276.0
120504.0,2082032.0,16276.0
136508.8,1949497.6,16301.6
160516.0,1750696.0,16340.0
160516.0,1750696.0,16340.0
160017.33333,1597329.3333,16364.0
159020.0,1290596.0,16412.0
266503.73333,1195785.3333,16429.066667
562084.0,935056.0,16476.0
562084.0,935056.0,16476.0
426365.33333,1063361.3333,16504.0
154928.0,1319972.0,16560.0
151815.46667,1310732.5333,16577.066667
143256.0,1285324.0,16624.0
143256.0,1285324.0,16624.0
352099.73333,1072383.2,16646.4
926420.0,486796.0,16708.0
926420.0,486796.0,16708.0
822584.0,590416.0,16729.333333
614912.0,797656.0,16772.0
614912.0,797656.0,16772.0
499773.86667,915872.53333,16786.933333
183144.0,1240968.0,16828.0
2588633.3333,904693.33333,16848.0
7399612.0,232144.0,16888.0
