vda,1.40,0.00,0.01,0,0
vda,24.40,0.00,0.10,0,0
vda,0.80,0.00,0.00,0,0
vda,27.60,0.24,0.01,1,0
vda,1.20,0.00,0.00,0,0
vda,0.00,0.00,0.00,0,0
vda,1.80,0.00,0.01,0,0
vda,372.20,4.53,0.02,22,0
vda,380.40,5.17,0.01,25,0
vda,194.60,12.17,0.06,60,0
vda,54.40,15.10,0.01,75,0
vda,135.40,1.28,0.00,6,0
vda,5.40,0.01,0.02,0,0
vda,6.60,0.03,0.02,0,0
vda,11.60,0.00,0.06,0,0
vda,5.40,0.00,0.07,0,0
vda,11.20,0.00,0.08,0,0
vda,4.80,0.00,0.02,0,0
vda,5.60,0.00,0.02,0,0
vda,9.20,0.00,0.04,0,0
vda,12.20,0.00,0.05,0,0
vda,6.00,0.00,0.03,0,0
vda,4.20,0.00,0.02,0,0
vda,5.80,0.00,0.05,0,0
vda,7.40,0.01,1.06,0,5
vda,11.78,0.00,1.60,0,8
vda,4.40,0.00,0.02,0,0
vda,2.20,0.08,0.01,0,0
vda,29.20,0.16,0.03,0,0
vda,11.20,0.00,0.05,0,0
vda,7.20,0.00,0.04,0,0
vda,2.40,0.03,0.00,0,0
vda,0.00,0.00,0.00,0,0
vda,1.80,0.00,0.01,0,0
vda,14.20,0.00,0.06,0,0
vda,1.20,0.00,0.00,0,0
vda,0.00,0.00,0.00,0,0
vda,3.20,0.00,0.01,0,0
vda,1.20,0.00,0.00,0,0
vda,0.00,0.00,0.00,0,0
vda,2.20,0.01,0.01,0,0
vda,17.40,0.00,0.07,0,0
