vda,26.80,0.00,0.11,0,0
vda,0.00,0.00,0.00,0,0
vda,0.80,0.00,0.00,0,0
vda,0.80,0.00,0.00,0,0
vda,0.00,0.00,0.00,0,0
vda,1.40,0.00,0.01,0,0
vda,1.40,0.00,0.01,0,0
vda,324.00,3.97,0.02,19,0
vda,380.40,4.82,0.02,24,0
vda,218.00,9.99,0.02,49,0
vda,65.00,17.69,0.00,88,0
vda,141.20,1.84,0.02,9,0
vda,12.40,0.01,0.05,0,0
vda,4.80,0.00,0.03,0,0
vda,6.40,0.03,0.07,0,0
vda,9.80,0.00,0.05,0,0
vda,3.20,0.00,0.01,0,0
vda,5.20,0.00,0.02,0,0
vda,5.00,0.00,0.02,0,0
vda,4.40,0.00,1.88,0,9
vda,12.60,0.00,1.94,0,9
vda,3.60,0.00,0.01,0,0
vda,0.00,0.00,0.00,0,0
vda,13.60,0.00,0.08,0,0
vda,4.60,0.00,0.02,0,0
vda,5.80,0.00,3.83,0,19
vda,7.40,0.00,0.03,0,0
vda,4.20,0.00,0.02,0,0
vda,2.60,0.00,0.01,0,0
vda,3.00,0.00,0.01,0,0
vda,10.00,0.00,1.96,0,9
vda,7.40,0.00,1.93,0,9
vda,0.20,0.00,0.00,0,0
vda,3.20,0.00,0.01,0,0
vda,8.60,0.00,0.04,0,0
vda,6.60,0.00,1.94,0,9
vda,7.40,0.00,0.03,0,0
vda,12.20,0.00,0.06,0,0
vda,6.80,0.00,0.03,0,0
vda,0.00,0.00,0.00,0,0
vda,0.60,0.00,0.00,0,0
vda,1.40,0.08,0.01,0,0
vda,6.20,0.00,0.03,0,0
vda,1.00,0.00,0.00,0,0
vda,13.20,0.00,0.06,0,0
vda,0.60,0.00,0.00,0,0
vda,1.40,0.00,0.01,0,0
vda,1.20,0.00,0.00,0,0
vda,1.20,0.00,0.01,0,0
vda,1.00,0.00,0.00,0,0
vda,0.00,0.00,0.00,0,0
vda,1.80,0.00,0.01,0,0
vda,18.80,0.00,0.08,0,0
vda,0.00,0.00,0.00,0,0
vda,3.00,0.00,0.01,0,0
vda,1.20,0.00,0.00,0,0
