vda,0.20,0.00,0.00,0,0
vda,1.60,0.00,0.01,0,0
vda,0.00,0.00,0.00,0,0
vda,1.40,0.00,0.01,0,0
vda,1.00,0.00,0.00,0,0
vda,18.20,0.00,0.09,0,0
vda,3.20,0.00,0.01,0,0
vda,3.80,0.00,0.01,0,0
vda,4.00,0.00,0.02,0,0
vda,5.00,0.00,0.02,0,0
vda,9.00,0.00,0.04,0,0
vda,5.60,0.00,0.02,0,0
vda,7.00,0.00,0.03,0,0
vda,10.40,0.00,0.06,0,0
vda,11.00,0.00,0.08,0,0
vda,3.40,0.00,0.02,0,0
vda,8.40,0.00,0.04,0,0
vda,0.00,0.00,0.00,0,0
vda,0.60,0.00,0.00,0,0
vda,3.40,0.00,0.02,0,0
vda,1.80,0.00,0.01,0,0
vda,2.40,0.00,0.01,0,0
vda,1.00,0.00,0.00,0,0
