vda,26.80,0.00,0.14,0,0
vda,4.00,0.00,0.02,0,0
vda,0.00,0.00,0.00,0,0
vda,1.40,0.00,0.01,0,0
vda,1.00,0.00,0.00,0,0
vda,0.00,0.00,0.00,0,0
vda,2.00,0.00,0.01,0,0
vda,11.20,0.00,0.04,0,0
vda,24.40,7.60,0.02,38,0
vda,19.60,4.80,0.04,24,0
vda,3.00,0.00,0.01,0,0
vda,37.20,12.40,0.09,62,0
vda,15.40,4.71,0.01,23,0
vda,0.00,0.00,0.00,0,0
vda,12.20,0.00,0.05,0,0
vda,5.20,0.00,0.02,0,0
vda,4.60,0.00,0.02,0,0
vda,1.00,0.00,0.01,0,0
vda,10.20,0.00,0.07,0,0
vda,6.80,0.00,0.03,0,0
vda,14.20,0.00,2.57,0,12
vda,8.00,0.00,1.88,0,9
vda,14.00,0.00,0.05,0,0
vda,7.80,0.00,0.04,0,0
vda,7.20,0.00,0.04,0,0
vda,10.00,0.00,0.08,0,0
vda,5.60,0.00,0.02,0,0
vda,4.00,0.00,0.02,0,0
vda,14.40,0.00,0.06,0,0
vda,1.00,0.00,0.00,0,0
vda,0.00,0.00,0.00,0,0
vda,0.80,0.00,0.00,0,0
vda,0.00,0.00,0.00,0,0
vda,0.60,0.00,0.00,0,0
vda,2.20,0.00,0.01,0,0
vda,5.20,0.00,0.03,0,0
