3066728.0,478152.0,15696.0
2975976.5333,483717.06667,15699.466667
1705456.0,561628.0,15748.0
1705456.0,561628.0,15748.0
1664721.3333,580813.06667,15749.066667
1094436.0,849404.0,15764.0
1094436.0,849404.0,15764.0
962508.0,888563.46667,15766.133333
104976.0,1143100.0,15780.0
106904.53333,1102335.7333,15782.4
124107.73333,534523.11111,15852.977778
124107.73333,534523.11111,15852.977778
124107.73333,534523.11111,15852.977778
120128.0,535696.0,15868.0
120128.0,535696.0,15868.0
125051.2,541321.6,15875.466667
157052.0,577888.0,15924.0
170134.4,560459.46667,15927.733333
353288.0,316460.0,15980.0
353288.0,316460.0,15980.0
260338.66667,407069.06667,16009.866667
260338.66667,407069.06667,16009.866667
179008.0,486352.0,16036.0
169000.0,476924.0,16092.0
169000.0,476924.0,16092.0
169000.0,476924.0,16092.0
142706.13333,483386.4,16144.266667
140828.0,483848.0,16148.0
140828.0,483848.0,16148.0
127164.0,497609.06667,16200.266667
126188.0,498592.0,16204.0
257796.0,380376.0,16260.0
257796.0,380376.0,16260.0
257796.0,380376.0,16260.0
126876.0,509480.0,16324.0
126876.0,509480.0,16324.0
126876.0,509480.0,16324.0
133495.2,502073.06667,15547.466667
133968.0,501544.0,15492.0
123152.53333,495839.46667,15548.0
122380.0,495432.0,15552.0
122380.0,495432.0,15552.0
124824.8,492427.2,15385.6
125436.0,491676.0,15344.0
125436.0,491676.0,15344.0
228015.2,387714.4,15558.4
253660.0,361724.0,15612.0
149095.46667,452381.6,15661.866667
111072.0,485348.0,15680.0
111072.0,485348.0,15680.0
110304.0,491217.33333,9744.0
109920.0,494152.0,6776.0
109920.0,494152.0,6776.0
241040.0,381300.8,6083.7333333
288720.0,340264.0,5832.0
153107.2,476680.0,5870.4
119204.0,510784.0,5880.0
119204.0,510784.0,5880.0
124144.0,505060.53333,5280.2666667
124904.0,504180.0,5188.0
124904.0,504180.0,5188.0
126959.73333,493689.86667,5233.0666667
127276.0,492076.0,5240.0
119552.26667,500243.46667,5295.4666667
118364.0,501500.0,5304.0
118364.0,501500.0,5304.0
108095.73333,509986.4,5345.6
106516.0,511292.0,5352.0
106516.0,511292.0,5352.0
188242.66667,416669.33333,5410.9333333
200816.0,402112.0,5420.0
153020.8,451350.4,5458.4
141072.0,463660.0,5468.0
141072.0,463660.0,5468.0
130825.6,471644.0,5695.2
128264.0,473640.0,5752.0
128264.0,473640.0,5752.0
326789.06667,269984.53333,5793.0666667
398980.0,195928.0,5808.0
293783.2,297784.0,5852.8
267484.0,323248.0,5864.0
267484.0,323248.0,5864.0
466252.26667,90426.666667,6023.4666667
496832.0,54608.0,6048.0
496832.0,54608.0,6048.0
496832.0,54608.0,6048.0
496832.0,54608.0,6048.0
2687316.2667,55916.266667,6241.6
3483856.0,56392.0,6312.0
