3880940.0,3603124.0,25293.333333
3880480.0,3603128.0,25336.0
3880480.0,3603128.0,25336.0
2220018.4,3603324.8,25369.6
1113044.0,3603456.0,25392.0
964450.4,3653743.2,25430.4
865388.0,3687268.0,25456.0
865388.0,3687268.0,25456.0
860824.8,3732187.4667,25494.4
856832.0,3771492.0,25528.0
856832.0,3771492.0,25528.0
603941.33333,3715678.6667,25560.0
477496.0,3687772.0,25576.0
431680.53333,3732704.2667,25614.4
391592.0,3772020.0,25648.0
391592.0,3772020.0,25648.0
337390.4,3832884.0,25679.2
301256.0,3873460.0,25700.0
239043.2,3924095.2,25745.6
197568.0,3957852.0,25776.0
197568.0,3957852.0,25776.0
285237.33333,3867993.8667,25816.533333
361948.0,3789368.0,25852.0
361948.0,3789368.0,25852.0
298771.46667,3843228.2667,25886.133333
243492.0,3890356.0,25916.0
186433.6,3929729.6,25953.333333
121224.0,3974728.0,25996.0
121224.0,3974728.0,25996.0
294422.66667,3806854.9333,26022.133333
492364.0,3615000.0,26052.0
492364.0,3615000.0,26052.0
