1851792.0,1616676.0,38740.0
1851792.0,1616676.0,38740.0
1199579.2,1624192.8,38788.0
221260.0,1635468.0,38860.0
221260.0,1635468.0,38860.0
169092.26667,1649690.1333,38873.066667
109472.0,1665944.0,38888.0
154150.4,1604214.4,38892.8
221168.0,1511620.0,38900.0
221168.0,1511620.0,38900.0
234449.33333,1497521.0667,38918.666667
249628.0,1481408.0,38940.0
249628.0,1481408.0,38940.0
228323.73333,1499553.8667,38958.666667
203976.0,1520292.0,38980.0
1050451.4667,1487561.8667,38993.066667
2017852.0,1450156.0,39008.0
2017852.0,1450156.0,39008.0
