vda,21.40,0.00,0.10,0,0
vda,3.80,0.00,0.01,0,0
vda,1.80,0.00,0.01,0,0
vda,5.40,0.00,0.03,0,0
vda,2.20,0.00,0.01,0,0
vda,1.80,0.00,0.01,0,0
vda,4.00,0.00,0.02,0,0
vda,10.00,0.00,0.04,0,0
vda,2.60,0.00,0.01,0,0
vda,2.00,0.00,0.01,0,0
vda,1.80,0.00,0.01,0,0
vda,0.00,0.00,0.00,0,0
vda,225.80,2.69,0.03,13,0
vda,340.92,3.94,0.02,19,0
vda,341.80,13.21,0.02,66,0
vda,27.00,1.67,0.02,8,0
vda,134.20,1.16,0.02,5,0
vda,4.60,0.00,0.02,0,0
vda,13.60,0.00,0.06,0,0
vda,7.00,0.00,0.04,0,0
vda,17.00,0.00,0.14,0,0
vda,5.20,0.00,0.02,0,0
vda,7.40,0.00,0.03,0,0
vda,9.40,0.09,0.05,0,0
vda,7.80,0.00,0.03,0,0
vda,10.20,0.00,0.06,0,0
vda,2.40,0.00,0.01,0,0
vda,2.00,0.00,0.01,0,0
vda,2.40,0.00,0.01,0,0
vda,12.00,0.00,0.05,0,0
vda,2.20,0.00,0.01,0,0
vda,0.00,0.00,0.00,0,0
vda,1.80,0.00,0.01,0,0
