3591344.0,49584.0,3788.0
3591344.0,49584.0,3788.0
3591344.0,49584.0,3788.0
1467779.2,630218.13333,5957.0666667
1316096.0,671692.0,6112.0
1316096.0,671692.0,6112.0
310769.6,684563.73333,5942.1333333
156104.0,686544.0,5916.0
133827.2,447642.13333,6037.3333333
130400.0,410888.0,6056.0
130400.0,410888.0,6056.0
130517.86667,345541.33333,6121.8666667
130536.0,335488.0,6132.0
130536.0,335488.0,6132.0
146693.86667,274985.6,6202.9333333
147848.0,270664.0,6208.0
131500.0,366684.0,6324.0
131500.0,366684.0,6324.0
131050.4,363852.8,5969.3333333
124756.0,324216.0,1004.0
124756.0,324216.0,1004.0
123893.6,322441.6,1112.0
120444.0,315344.0,1544.0
120444.0,315344.0,1544.0
122288.26667,313208.0,1493.3333333
134276.0,299324.0,1164.0
133639.2,300333.6,1333.6
131092.0,304372.0,2012.0
131092.0,304372.0,2012.0
132402.4,302730.4,1981.6
137644.0,296164.0,1860.0
137644.0,296164.0,1860.0
137759.2,290135.73333,1696.2666667
138508.0,250952.0,632.0
136377.33333,253095.46667,678.4
122528.0,267028.0,980.0
122528.0,267028.0,980.0
121194.66667,273116.53333,978.93333333
112528.0,312692.0,972.0
112528.0,312692.0,972.0
113799.2,310352.0,964.26666667
131596.0,277592.0,856.0
130193.33333,278996.8,835.73333333
121076.0,288128.0,704.0
121076.0,288128.0,704.0
123893.06667,286691.73333,723.2
142204.0,277356.0,848.0
142204.0,277356.0,848.0
140095.73333,279391.2,858.4
110580.0,307884.0,1004.0
111723.46667,305132.53333,1010.9333333
119156.0,287248.0,1056.0
119156.0,287248.0,1056.0
126426.4,279272.0,1099.2
173684.0,227428.0,1380.0
173684.0,227428.0,1380.0
169607.73333,231050.93333,1386.4
143112.0,254600.0,1428.0
135324.8,266733.6,1443.2
104176.0,315268.0,1504.0
104176.0,315268.0,1504.0
113137.06667,305706.4,1572.2666667
137780.0,279412.0,1760.0
137780.0,279412.0,1760.0
132996.0,283084.0,1778.6666667
123428.0,290428.0,1816.0
123073.33333,280202.66667,1885.3333333
122364.0,259752.0,2024.0
122364.0,259752.0,2024.0
132501.33333,248761.33333,2373.3333333
152776.0,226780.0,3072.0
152776.0,226780.0,3072.0
158964.8,233364.0,3145.6
168248.0,243240.0,3256.0
168248.0,243240.0,3256.0
147889.33333,262976.0,2768.0
107172.0,302448.0,1792.0
110553.33333,298737.33333,1958.6666667
117316.0,291316.0,2292.0
117316.0,291316.0,2292.0
118181.33333,288925.33333,1932.0
119912.0,284144.0,1212.0
119912.0,284144.0,1212.0
118710.66667,275704.0,928.0
116308.0,258824.0,360.0
212362.4,164708.8,707.2
356444.0,23536.0,1228.0
356444.0,23536.0,1228.0
1866470.9333,27941.333333,1481.8666667
