vda,19.00,1.13,0.01,5,0
vda,12.00,0.76,0.00,3,0
vda,18.80,1.14,0.01,5,0
vda,12.60,0.76,0.00,3,0
vda,18.20,1.13,0.00,5,0
vda,12.60,0.76,0.00,3,0
vda,27.40,1.14,0.05,5,0
vda,16.80,0.76,0.02,3,0
vda,104.00,10.34,0.03,51,0
vda,159.20,16.82,0.01,84,0
vda,161.60,17.32,0.01,86,0
vda,111.40,15.59,0.03,77,0
vda,76.60,21.79,0.01,108,0
vda,399.60,25.75,0.12,128,0
vda,186.40,21.83,0.02,109,0
vda,296.20,20.26,0.02,101,0
vda,183.80,15.20,0.00,76,0
vda,110.20,25.40,0.01,127,0
vda,159.60,10.20,0.01,51,0
vda,21.20,1.13,0.02,5,0
vda,17.40,0.76,0.03,3,0
vda,32.60,1.13,0.08,5,0
vda,19.60,0.76,0.03,3,0
vda,24.40,1.13,0.03,5,0
vda,48.80,0.76,11.78,3,58
vda,42.60,1.14,3.70,5,18
vda,19.20,0.76,0.03,3,0
vda,25.40,1.13,0.03,5,0
vda,18.20,0.76,0.03,3,0
vda,23.20,1.13,0.02,5,0
vda,27.40,0.76,0.10,3,0
vda,32.00,1.13,2.76,5,13
vda,16.40,0.76,3.32,3,16
vda,30.80,1.13,3.06,5,15
vda,10.40,0.38,0.02,1,0
vda,28.20,1.14,0.04,5,0
vda,12.80,0.76,0.01,3,0
vda,23.20,1.13,0.04,5,0
vda,12.80,0.76,0.00,3,0
vda,17.60,1.13,0.00,5,0
vda,13.60,0.76,0.01,3,0
vda,20.20,0.76,0.04,3,0
vda,18.40,1.13,0.01,5,0
