2876780.0,3171112.0,178700.0
2294297.8667,3172224.5333,178729.86667
2252692.0,3172304.0,178732.0
2252692.0,3172304.0,178732.0
2211890.4,3174517.8667,178765.6
2208976.0,3174676.0,178768.0
2162132.0,3182140.0,178776.0
2162132.0,3182140.0,178776.0
2162132.0,3182140.0,178776.0
1771892.0,3184908.0,178800.0
1771892.0,3184908.0,178800.0
1771892.0,3184908.0,178800.0
1365787.4667,3183620.0,178818.66667
1336780.0,3183528.0,178820.0
1190320.0,3184820.0,178848.0
1190320.0,3184820.0,178848.0
1190320.0,3184820.0,178848.0
1042272.0,3185496.0,178864.0
1042272.0,3185496.0,178864.0
1042272.0,3185496.0,178864.0
1025188.0,3185760.0,178880.0
1025188.0,3185760.0,178880.0
968296.0,3185412.0,178900.0
968296.0,3185412.0,178900.0
956838.66667,3185455.4667,178901.33333
796436.0,3186064.0,178920.0
796436.0,3186064.0,178920.0
796436.0,3186064.0,178920.0
609024.0,3186392.0,178940.0
609024.0,3186392.0,178940.0
604400.0,3185956.0,178960.0
604400.0,3185956.0,178960.0
604242.66667,3185978.4,178962.13333
602040.0,3186292.0,178992.0
602040.0,3186292.0,178992.0
601703.46667,3186386.9333,178996.8
599516.0,3187004.0,179028.0
599516.0,3187004.0,179028.0
599311.2,3186939.2,179032.0
598492.0,3186680.0,179048.0
594988.8,3186745.6,179053.6
580976.0,3187008.0,179076.0
580976.0,3187008.0,179076.0
579446.4,3186698.6667,179084.53333
575240.0,3185848.0,179108.0
575240.0,3185848.0,179108.0
575378.66667,3185444.8,179112.26667
575760.0,3184336.0,179124.0
859244.8,2888200.5333,179131.46667
1638828.0,2073828.0,179152.0
1638828.0,2073828.0,179152.0
