vda,3.80,0.00,0.02,0,0
vda,2.20,0.00,0.01,0,0
vda,1.00,0.00,0.00,0,0
vda,0.00,0.00,0.00,0,0
vda,0.60,0.00,0.00,0,0
vda,0.80,0.00,0.01,0,0
vda,21.00,0.00,0.10,0,0
vda,7.00,0.00,0.03,0,0
vda,8.60,1.33,0.02,6,0
vda,11.00,3.47,0.01,17,0
vda,8.20,0.00,0.03,0,0
vda,10.40,0.00,0.05,0,0
vda,6.40,0.00,0.03,0,0
vda,6.20,0.00,0.04,0,0
vda,6.00,0.00,0.02,0,0
vda,11.80,0.00,0.15,0,0
vda,7.60,0.00,0.03,0,0
vda,1.20,0.00,0.01,0,0
vda,0.00,0.00,0.00,0,0
vda,1.00,0.00,0.00,0,0
vda,0.20,0.00,0.00,0,0
vda,2.20,0.00,0.01,0,0
vda,1.00,0.00,0.00,0,0
vda,4.60,0.00,0.02,0,0
