vda,4.00,0.00,0.02,0,0
vda,28.60,0.00,0.12,0,0
vda,2.00,0.00,0.01,0,0
vda,1.80,0.00,0.01,0,0
vda,1.80,0.00,0.01,0,0
vda,19.20,0.12,0.01,0,0
vda,3.20,0.00,0.01,0,0
vda,3.60,0.00,0.01,0,0
vda,3.80,0.00,0.01,0,0
vda,1.60,0.00,0.01,0,0
vda,1.80,0.00,0.01,0,0
vda,14.80,0.00,0.06,0,0
vda,384.20,4.62,0.02,23,0
vda,361.80,4.90,0.00,24,0
vda,202.80,18.48,0.02,92,0
vda,10.00,0.02,0.04,0,0
vda,144.00,2.25,0.02,11,0
vda,6.40,0.01,0.02,0,0
vda,8.00,0.03,0.03,0,0
vda,10.20,0.00,0.05,0,0
vda,6.20,0.00,0.07,0,0
vda,5.20,0.00,0.02,0,0
vda,15.40,0.00,0.09,0,0
vda,9.60,0.00,0.04,0,0
vda,0.80,0.00,0.01,0,0
vda,7.60,0.00,0.03,0,0
vda,5.00,0.00,0.03,0,0
vda,5.60,0.00,0.02,0,0
vda,10.00,0.00,0.04,0,0
vda,11.20,0.00,2.26,0,11
vda,2.00,0.08,0.01,0,0
vda,13.60,0.00,0.06,0,0
vda,2.00,0.00,0.01,0,0
vda,2.80,0.00,0.01,0,0
vda,2.60,0.00,0.01,0,0
vda,0.00,0.00,0.00,0,0
vda,6.80,0.00,0.03,0,0
vda,2.40,0.00,0.01,0,0
vda,2.00,0.00,0.01,0,0
vda,7.20,0.00,0.03,0,0
