vda,11.80,0.00,0.06,0,0
vda,1.60,0.00,0.01,0,0
vda,30.40,0.33,0.01,1,0
vda,10.00,0.00,0.05,0,0
vda,0.00,0.00,0.00,0,0
vda,0.80,0.00,0.00,0,0
vda,0.80,0.00,0.00,0,0
vda,359.20,4.41,0.02,22,0
vda,206.00,2.21,0.04,11,0
vda,327.40,4.54,0.02,22,0
vda,150.80,1.33,0.11,6,0
vda,13.80,0.09,0.06,0,0
vda,6.60,0.00,0.03,0,0
vda,1.40,0.00,0.01,0,0
vda,1.00,0.00,0.00,0,0
vda,0.00,0.00,0.00,0,0
vda,1.20,0.00,0.01,0,0
vda,7.00,0.00,0.04,0,0
vda,0.40,0.00,0.00,0,0
vda,8.40,0.00,0.03,0,0
vda,1.00,0.00,0.00,0,0
vda,12.60,0.00,0.06,0,0
vda,2.40,0.00,0.01,0,0
vda,1.60,0.00,0.01,0,0
vda,1.00,0.00,0.00,0,0
vda,0.00,0.00,0.00,0,0
