vda,29.40,0.00,0.12,0,0
vda,0.20,0.00,0.00,0,0
vda,1.80,0.00,0.01,0,0
vda,2.00,0.00,0.01,0,0
vda,4.20,0.00,0.02,0,0
vda,3.00,0.00,0.01,0,0
vda,2.60,0.00,0.01,0,0
vda,12.60,0.00,0.05,0,0
vda,0.00,0.00,0.00,0,0
vda,2.00,0.00,0.01,0,0
vda,1.80,0.00,0.01,0,0
vda,1.00,0.00,0.01,0,0
vda,299.00,3.64,0.03,18,0
vda,355.40,4.02,0.01,20,0
vda,233.60,3.50,0.02,17,0
vda,16.60,1.96,0.04,9,0
vda,8.60,2.41,0.01,12,0
vda,7.40,1.77,0.01,8,0
vda,15.40,2.00,0.05,10,0
vda,9.60,2.24,0.06,11,0
vda,7.60,1.55,0.01,7,0
vda,13.60,2.01,0.01,10,0
vda,5.60,0.00,0.02,0,0
vda,15.20,0.00,0.07,0,0
vda,3.00,0.00,0.01,0,0
vda,0.20,0.00,0.00,0,0
vda,1.80,0.00,0.01,0,0
vda,1.80,0.00,0.01,0,0
vda,1.80,0.00,0.01,0,0
vda,2.80,0.00,0.01,0,0
vda,2.60,0.00,0.01,0,0
