vda,0.40,0.00,0.00,0,0
vda,2.40,0.00,0.01,0,0
vda,29.60,0.27,0.01,1,0
vda,3.20,0.07,0.01,0,0
vda,2.80,0.00,0.01,0,0
vda,2.20,0.00,0.01,0,0
vda,25.20,0.00,0.12,0,0
vda,2.00,0.00,0.01,0,0
vda,0.00,0.00,0.00,0,0
vda,2.00,0.00,0.01,0,0
vda,2.40,0.00,0.01,0,0
vda,0.40,0.00,0.00,0,0
vda,238.00,2.90,0.03,14,0
vda,285.40,3.30,0.03,16,0
vda,379.40,4.77,0.13,23,0
vda,151.80,1.40,0.02,6,0
vda,3.40,0.04,0.00,0,0
vda,5.00,0.00,0.02,0,0
vda,9.80,0.01,0.03,0,0
vda,13.00,0.00,0.05,0,0
vda,7.20,0.00,0.03,0,0
vda,22.20,0.00,0.13,0,0
vda,12.00,0.00,0.05,0,0
vda,2.00,0.00,0.01,0,0
vda,3.20,0.09,0.01,0,0
vda,0.20,0.00,0.00,0,0
vda,8.20,0.00,0.04,0,0
vda,2.20,0.00,0.01,0,0
vda,17.60,0.00,0.08,0,0
vda,0.00,0.00,0.00,0,0
vda,1.80,0.00,0.01,0,0
vda,2.00,0.00,0.01,0,0
vda,11.40,0.00,0.05,0,0
vda,9.20,0.00,0.04,0,0
