vda,1.40,0.00,0.01,0,0
vda,63.40,0.34,0.14,1,0
vda,2.00,0.00,0.01,0,0
vda,0.00,0.00,0.00,0,0
vda,1.80,0.00,0.01,0,0
vda,1.80,0.00,0.01,0,0
vda,2.80,0.00,0.01,0,0
vda,2.40,0.00,0.01,0,0
vda,7.20,0.00,0.03,0,0
vda,2.00,0.00,0.01,0,0
vda,4.00,0.00,0.02,0,0
vda,11.00,0.00,0.05,0,0
vda,275.60,3.40,0.01,17,0
vda,349.80,4.03,0.04,20,0
vda,353.60,31.37,0.02,156,0
vda,58.20,17.84,0.00,89,0
vda,98.20,31.19,0.01,155,0
vda,141.00,1.30,0.02,6,0
vda,5.80,0.03,0.02,0,0
vda,8.00,0.00,0.04,0,0
vda,25.80,0.05,0.16,0,0
vda,5.40,0.00,0.02,0,0
vda,7.40,0.00,0.03,0,0
vda,5.80,0.00,0.02,0,0
vda,12.20,0.00,0.05,0,0
vda,6.60,0.00,0.03,0,0
vda,7.80,0.00,0.04,0,0
vda,17.00,0.00,0.10,0,0
vda,7.00,0.00,0.03,0,0
vda,2.40,0.01,2.05,0,10
vda,22.16,0.08,1.13,0,5
vda,3.20,0.00,0.02,0,0
vda,0.00,0.00,0.00,0,0
vda,2.00,0.00,0.01,0,0
vda,9.80,0.00,0.05,0,0
vda,2.00,0.00,0.01,0,0
vda,8.80,0.00,0.04,0,0
vda,3.20,0.00,0.02,0,0
vda,2.80,0.00,0.01,0,0
vda,1.80,0.00,0.01,0,0
