vda,4.40,0.00,0.02,0,0
vda,57.80,0.27,0.13,1,0
vda,5.20,0.07,0.01,0,0
vda,2.00,0.00,0.01,0,0
vda,12.00,0.00,0.05,0,0
vda,2.00,0.00,0.01,0,0
vda,0.20,0.00,0.00,0,0
vda,2.00,0.00,0.01,0,0
vda,1.80,0.00,0.01,0,0
vda,0.00,0.00,0.00,0,0
vda,2.60,0.00,0.01,0,0
vda,6.60,0.00,0.03,0,0
vda,248.80,3.13,0.01,15,0
vda,268.00,3.06,0.02,15,0
vda,223.60,3.25,0.02,16,0
vda,171.80,10.01,0.02,50,0
vda,56.40,15.04,0.02,75,0
vda,144.40,1.30,0.03,6,0
vda,15.60,0.03,0.71,0,3
vda,7.40,0.00,0.03,0,0
vda,12.40,0.00,0.05,0,0
vda,4.60,0.00,0.02,0,0
vda,27.80,0.00,1.34,0,6
vda,5.40,0.00,0.02,0,0
vda,6.00,0.09,0.02,0,0
vda,6.60,0.00,0.03,0,0
vda,0.00,0.00,0.00,0,0
vda,1.80,0.00,0.01,0,0
vda,2.40,0.00,0.01,0,0
vda,12.40,0.00,0.06,0,0
vda,1.80,0.00,0.01,0,0
vda,3.20,0.00,0.01,0,0
vda,2.80,0.00,0.01,0,0
vda,2.00,0.00,0.01,0,0
