3900272.0,2598952.0,69428.0
3695400.0,2597312.0,69437.333333
3285656.0,2594032.0,69456.0
3285656.0,2594032.0,69456.0
3261907.2,2596416.0,69470.4
3226284.0,2599992.0,69492.0
3046800.0,2600061.3333,69506.666667
2687832.0,2600200.0,69536.0
2687832.0,2600200.0,69536.0
2677681.3333,2599745.3333,69545.333333
2657380.0,2598836.0,69564.0
2657380.0,2598836.0,69564.0
2420938.6667,2597553.3333,69570.666667
1948056.0,2594988.0,69584.0
1944681.3333,2594242.6667,69585.333333
1937932.0,2592752.0,69588.0
1937932.0,2592752.0,69588.0
1906973.6,2591531.2,69599.2
1860536.0,2589700.0,69616.0
1860536.0,2589700.0,69616.0
1861018.6667,2588308.0,69626.666667
1861984.0,2585524.0,69648.0
1834382.9333,2584977.8667,69652.266667
1758480.0,2583476.0,69664.0
1758480.0,2583476.0,69664.0
1695312.0,2583141.3333,69669.333333
1568976.0,2582472.0,69680.0
1568976.0,2582472.0,69680.0
1569447.4667,2581458.6667,69686.4
1570744.0,2578672.0,69704.0
1569426.6667,2577968.0,69713.333333
1566792.0,2576560.0,69732.0
1566792.0,2576560.0,69732.0
1566817.6,2575961.6,69737.333333
1566888.0,2574316.0,69752.0
1566888.0,2574316.0,69752.0
1567528.8,2573335.2,69756.8
1570092.0,2569412.0,69776.0
1570038.4,2568992.0,69781.6
1569824.0,2567312.0,69804.0
1569824.0,2567312.0,69804.0
1566763.7333,2566768.0,69807.2
1558348.0,2565272.0,69816.0
1558348.0,2565272.0,69816.0
1558678.6667,2564867.7333,69820.266667
1559588.0,2563756.0,69832.0
1559852.0,2563133.3333,69841.333333
1560380.0,2561888.0,69860.0
1560380.0,2561888.0,69860.0
1532530.6667,2560572.0,69862.666667
1476832.0,2557940.0,69868.0
1476832.0,2557940.0,69868.0
1477073.6,2556711.2,69884.0
1477436.0,2554868.0,69908.0
1477436.0,2554868.0,69908.0
1281119.2,2553364.0,69912.8
986644.0,2551108.0,69920.0
2259132.0,2463704.8,69926.4
4167864.0,2332600.0,69936.0
4167864.0,2332600.0,69936.0
