vda,2.80,0.00,0.01,0,0
vda,0.80,0.00,0.00,0,0
vda,19.40,0.00,0.10,0,0
vda,29.20,0.27,0.01,1,0
vda,2.80,0.07,0.01,0,0
vda,1.00,0.00,0.00,0,0
vda,0.00,0.00,0.00,0,0
vda,307.00,3.90,0.00,19,0
vda,199.60,2.27,0.02,11,0
vda,361.80,4.73,0.03,23,0
vda,160.60,1.43,0.05,7,0
vda,9.40,0.00,0.03,0,0
vda,10.80,0.00,0.04,0,0
vda,12.80,0.09,0.04,0,0
vda,5.60,0.00,0.03,0,0
vda,1.20,0.00,0.01,0,0
vda,1.80,0.00,0.01,0,0
vda,7.00,0.00,0.06,0,0
vda,7.20,0.00,0.03,0,0
vda,0.60,0.00,0.00,0,0
vda,3.00,0.00,0.01,0,0
vda,0.60,0.00,0.01,0,0
vda,1.80,0.00,0.01,0,0
