vda,0.40,0.00,0.00,0,0
vda,2.40,0.00,0.01,0,0
vda,2.00,0.00,0.01,0,0
vda,23.55,0.00,0.10,0,0
vda,2.40,0.00,0.01,0,0
vda,0.00,0.00,0.00,0,0
vda,2.00,0.00,0.01,0,0
vda,2.40,0.00,0.01,0,0
vda,2.00,0.00,0.01,0,0
vda,3.00,0.00,0.01,0,0
vda,3.40,0.00,0.01,0,0
vda,2.00,0.00,0.01,0,0
vda,393.80,4.77,0.02,23,0
vda,417.20,5.41,0.05,27,0
vda,76.00,0.85,0.00,4,0
vda,147.60,1.32,0.11,6,0
vda,15.20,0.00,0.06,0,0
vda,12.80,0.00,0.05,0,0
vda,1.20,0.09,0.00,0,0
vda,16.00,0.00,0.07,0,0
vda,1.80,0.00,0.01,0,0
vda,18.60,0.08,0.01,0,0
vda,7.80,0.00,0.06,0,0
vda,2.00,0.00,0.01,0,0
vda,1.80,0.00,0.01,0,0
vda,2.80,0.00,0.01,0,0
vda,1.00,0.00,0.00,0,0
vda,3.20,0.00,0.01,0,0
