vda,3.00,0.01,0.01,0,0
vda,2.00,0.00,0.01,0,0
vda,2.60,0.00,0.01,0,0
vda,0.00,0.00,0.00,0,0
vda,11.80,0.00,0.07,0,0
vda,0.80,0.00,0.00,0,0
vda,1.80,0.00,0.01,0,0
vda,68.60,1.23,0.01,6,0
vda,114.80,1.08,0.04,5,0
vda,62.80,0.92,0.02,4,0
vda,176.80,21.19,0.01,105,0
vda,162.20,11.07,0.12,55,0
vda,300.20,19.13,0.02,95,0
vda,361.80,23.12,0.02,115,0
vda,194.20,19.70,0.03,98,0
vda,158.80,17.09,0.01,85,0
vda,171.20,17.85,0.02,89,0
vda,68.60,23.56,0.00,117,0
vda,257.20,18.69,0.02,93,0
vda,287.40,18.50,0.01,92,0
vda,267.20,17.03,0.03,85,0
vda,178.00,19.25,0.03,96,0
vda,283.20,20.38,0.04,101,0
vda,238.20,19.53,0.01,97,0
vda,220.40,20.49,0.01,102,0
vda,178.60,11.40,0.03,57,0
vda,21.40,1.13,0.01,5,0
vda,38.20,0.76,6.85,3,34
vda,40.60,1.13,0.10,5,0
vda,14.80,0.76,0.01,3,0
vda,15.80,0.76,0.02,3,0
vda,26.00,1.13,0.03,5,0
vda,11.80,0.76,0.00,3,0
vda,20.40,1.13,0.02,5,0
vda,35.00,0.76,0.11,3,0
vda,25.80,1.13,0.03,5,0
vda,15.20,0.76,0.01,3,0
vda,25.20,1.13,0.03,5,0
vda,21.00,0.75,0.04,3,0
vda,32.80,1.13,2.76,5,13
vda,39.20,0.76,8.33,3,41
vda,42.80,1.13,4.90,5,24
vda,28.00,0.76,4.18,3,20
vda,38.80,1.13,11.73,5,58
vda,25.60,0.76,0.06,3,0
vda,42.80,1.13,11.06,5,55
vda,29.20,0.76,4.85,3,24
vda,45.40,1.13,8.38,5,41
vda,28.40,0.76,7.61,3,38
vda,31.60,1.13,2.78,5,13
vda,35.00,0.76,13.16,3,65
vda,27.60,1.13,0.05,5,0
vda,37.00,0.76,0.10,3,0
vda,11.80,0.76,0.02,3,0
vda,34.60,1.13,0.10,5,0
vda,17.80,0.76,0.02,3,0
vda,17.80,1.13,0.00,5,0
vda,15.40,0.76,0.01,3,0
vda,19.00,1.13,0.01,5,0
vda,12.80,0.76,0.00,3,0
vda,17.96,1.13,0.00,5,0
vda,17.00,0.76,0.03,3,0
vda,23.20,1.13,0.03,5,0
