3337636.0,3168800.0,185412.0
3152394.4,3170484.2667,185415.2
2642980.0,3175116.0,185424.0
2642980.0,3175116.0,185424.0
2622373.0667,3178066.4,185425.06667
2565704.0,3186180.0,185428.0
2452482.6667,3185145.3333,185433.33333
2141124.0,3182300.0,185448.0
2141124.0,3182300.0,185448.0
2017512.8,3181525.6,185449.6
1523068.0,3178428.0,185456.0
1520225.8667,3178162.9333,185458.66667
1501752.0,3176440.0,185476.0
1501752.0,3176440.0,185476.0
1482006.4,3176620.0,185477.6
1403024.0,3177340.0,185484.0
1403024.0,3177340.0,185484.0
1403024.0,3177340.0,185484.0
1403024.0,3177340.0,185484.0
1403024.0,3177340.0,185484.0
1382982.4,3176942.4,185485.6
1302816.0,3175352.0,185492.0
1257380.8,3174375.2,185494.4
1075640.0,3170468.0,185504.0
1075640.0,3170468.0,185504.0
1075750.9333,3169899.4667,185506.13333
1076056.0,3168336.0,185512.0
1076056.0,3168336.0,185512.0
1070474.6667,3167708.0,185517.33333
1059312.0,3166452.0,185528.0
1058769.3333,3166104.0,185529.33333
1057684.0,3165408.0,185532.0
1057684.0,3165408.0,185532.0
1058546.9333,3164866.1333,185533.06667
1060920.0,3163376.0,185536.0
1060920.0,3163376.0,185536.0
1052520.0,3163324.8,185538.13333
1029420.0,3163184.0,185544.0
1029734.6667,3162248.0,185550.66667
1030364.0,3160376.0,185564.0
1030364.0,3160376.0,185564.0
1042921.3333,3146841.3333,185566.66667
1068036.0,3119772.0,185572.0
1068036.0,3119772.0,185572.0
1078354.9333,3108866.9333,185583.2
1090148.0,3096404.0,185596.0
1090329.0667,3095875.7333,185597.86667
1090536.0,3095272.0,185600.0
1090536.0,3095272.0,185600.0
771944.0,2995730.6667,185602.66667
134760.0,2796648.0,185608.0
134760.0,2796648.0,185608.0
