vda,1.20,0.00,0.01,0,0
vda,22.80,0.00,0.11,0,0
vda,1.80,0.00,0.01,0,0
vda,0.00,0.00,0.00,0,0
vda,0.60,0.00,0.00,0,0
vda,1.40,0.00,0.00,0,0
vda,0.80,0.00,0.01,0,0
vda,351.80,4.31,0.01,21,0
vda,202.40,2.30,0.01,11,0
vda,343.60,4.57,0.06,22,0
vda,148.00,1.33,0.03,6,0
vda,7.20,0.00,0.03,0,0
vda,17.20,0.09,0.08,0,0
vda,6.60,0.00,0.03,0,0
vda,1.40,0.00,0.01,0,0
vda,0.40,0.00,0.00,0,0
vda,8.20,0.00,0.08,0,0
vda,0.80,0.00,0.00,0,0
vda,0.80,0.00,0.01,0,0
vda,2.20,0.00,0.01,0,0
vda,1.40,0.00,0.01,0,0
vda,2.00,0.00,0.01,0,0
vda,1.20,0.00,0.00,0,0
vda,0.00,0.00,0.00,0,0
vda,2.40,0.00,0.01,0,0
vda,15.00,0.00,0.07,0,0
