vda,0.40,0.00,0.00,0,0
vda,19.80,0.00,0.09,0,0
vda,0.00,0.00,0.00,0,0
vda,32.60,0.27,0.02,1,0
vda,5.40,0.07,0.02,0,0
vda,2.00,0.00,0.01,0,0
vda,9.40,0.00,0.04,0,0
vda,430.40,5.26,0.02,26,0
vda,441.80,5.61,0.10,28,0
vda,18.80,0.13,0.03,0,0
vda,143.40,1.33,0.02,6,0
vda,17.80,0.09,0.08,0,0
vda,8.20,0.00,0.03,0,0
vda,2.00,0.00,0.01,0,0
vda,0.60,0.00,0.01,0,0
vda,10.60,0.00,0.08,0,0
vda,1.80,0.00,0.01,0,0
vda,0.00,0.00,0.00,0,0
vda,9.40,0.00,0.04,0,0
vda,3.00,0.00,0.01,0,0
vda,2.60,0.00,0.01,0,0
vda,2.80,0.00,0.01,0,0
vda,4.60,0.00,0.02,0,0
vda,1.80,0.00,0.01,0,0
vda,0.00,0.00,0.00,0,0
vda,1.80,0.00,0.01,0,0
