vda,28.80,0.27,0.01,1,0
vda,30.40,0.07,0.12,0,0
vda,2.00,0.00,0.01,0,0
vda,0.80,0.00,0.00,0,0
vda,0.00,0.00,0.00,0,0
vda,0.60,0.00,0.00,0,0
vda,1.00,0.00,0.01,0,0
vda,1.40,0.00,0.01,0,0
vda,18.60,0.12,0.00,0,0
vda,3.80,0.00,0.02,0,0
vda,0.00,0.00,0.00,0,0
vda,1.80,0.00,0.01,0,0
vda,220.20,2.56,0.02,12,0
vda,350.40,4.16,0.00,20,0
vda,324.60,7.86,0.02,39,0
vda,51.00,9.33,0.07,46,0
vda,140.60,1.30,0.01,6,0
vda,10.20,0.01,0.04,0,0
vda,6.20,0.03,0.02,0,0
vda,12.40,0.19,0.02,0,0
vda,10.00,0.00,0.09,0,0
vda,4.40,0.00,0.02,0,0
vda,3.60,0.00,0.01,0,0
vda,22.20,0.00,0.09,0,0
vda,12.20,0.01,2.20,0,10
vda,5.20,0.00,0.02,0,0
vda,6.60,0.00,2.17,0,10
vda,8.80,0.00,2.17,0,10
vda,4.80,0.00,0.02,0,0
vda,1.40,0.00,2.15,0,10
vda,6.80,0.00,0.03,0,0
vda,7.60,0.00,0.03,0,0
vda,5.80,0.00,0.04,0,0
vda,3.20,0.00,0.02,0,0
vda,10.40,0.00,0.04,0,0
vda,17.40,0.00,1.69,0,8
vda,7.80,0.08,0.03,0,0
vda,3.20,0.00,0.01,0,0
vda,0.00,0.00,0.00,0,0
vda,0.60,0.00,0.00,0,0
vda,0.00,0.00,0.00,0,0
vda,9.60,0.00,0.05,0,0
vda,1.20,0.00,0.00,0,0
vda,0.00,0.00,0.00,0,0
vda,0.60,0.00,0.00,0,0
