vda,0.60,0.00,0.00,0,0
vda,33.20,0.34,0.02,1,0
vda,2.20,0.00,0.01,0,0
vda,2.80,0.00,0.02,0,0
vda,4.00,0.00,0.02,0,0
vda,1.80,0.00,0.01,0,0
vda,23.80,0.00,0.11,0,0
vda,2.00,0.00,0.01,0,0
vda,1.80,0.00,0.01,0,0
vda,3.00,0.00,0.01,0,0
vda,2.60,0.00,0.01,0,0
vda,3.00,0.00,0.01,0,0
vda,283.40,3.47,0.02,17,0
vda,237.40,2.74,0.01,13,0
vda,232.60,3.39,0.02,16,0
vda,130.60,1.39,0.02,6,0
vda,143.60,1.33,0.02,6,0
vda,17.20,0.00,0.07,0,0
vda,10.60,0.00,0.08,0,0
vda,7.40,0.00,0.04,0,0
vda,23.60,0.09,0.03,0,0
vda,10.80,0.00,0.09,0,0
vda,7.40,0.09,0.03,0,0
vda,3.60,0.00,0.01,0,0
vda,1.80,0.00,0.01,0,0
vda,7.80,0.00,0.05,0,0
vda,15.60,0.00,0.07,0,0
vda,3.20,0.00,0.01,0,0
vda,1.80,0.00,0.01,0,0
vda,0.20,0.00,0.00,0,0
vda,3.00,0.00,0.01,0,0
vda,2.40,0.00,0.01,0,0
