vda,1.80,0.00,0.01,0,0
vda,1.80,0.00,0.01,0,0
vda,0.00,0.00,0.00,0,0
vda,2.40,0.00,0.01,0,0
vda,0.80,0.00,0.00,0,0
vda,0.00,0.00,0.00,0,0
vda,13.60,0.00,0.07,0,0
vda,5.40,0.00,0.03,0,0
vda,0.40,0.00,0.00,0,0
vda,5.20,0.00,0.02,0,0
vda,42.20,12.80,0.04,64,0
vda,64.60,25.20,0.01,126,0
vda,4.00,0.40,0.01,2,0
vda,5.20,0.00,0.03,0,0
vda,5.00,0.00,0.02,0,0
vda,4.60,0.00,0.07,0,0
vda,14.60,0.00,0.06,0,0
vda,5.80,0.00,0.02,0,0
vda,9.80,0.00,0.06,0,0
vda,5.60,0.00,0.02,0,0
vda,6.80,0.00,0.76,0,3
vda,12.00,0.00,1.89,0,9
vda,14.20,0.00,0.06,0,0
vda,6.40,0.00,0.03,0,0
vda,6.00,0.00,0.02,0,0
vda,6.00,0.00,0.06,0,0
vda,6.60,0.00,0.03,0,0
vda,6.20,0.00,0.77,0,3
vda,12.60,0.00,0.05,0,0
vda,0.00,0.00,0.00,0,0
vda,0.60,0.00,0.00,0,0
vda,0.00,0.00,0.00,0,0
vda,2.80,0.00,0.01,0,0
vda,5.20,0.00,0.03,0,0
vda,0.80,0.00,0.00,0,0
vda,1.80,0.00,0.01,0,0
