2822072.0,3526352.0,155016.0
2822072.0,3526352.0,155016.0
2438037.3333,3525736.0,155021.33333
2246020.0,3525428.0,155024.0
2246020.0,3525428.0,155024.0
1942108.0,3530620.0,155024.0
1790152.0,3533216.0,155024.0
1548846.4,3532088.0,155024.0
1387976.0,3531336.0,155024.0
1387976.0,3531336.0,155024.0
1174610.6667,3529782.9333,155024.0
987916.0,3528424.0,155024.0
987916.0,3528424.0,155024.0
935916.0,3527402.1333,155024.0
890416.0,3526508.0,155024.0
693938.13333,3525428.5333,155024.0
522020.0,3524484.0,155024.0
522020.0,3524484.0,155024.0
1780437.0667,3494495.7333,155024.0
