3329588.2667,56771.733333,3739.4666667
3064500.0,91344.0,4332.0
2340517.0667,348413.86667,4631.7333333
349564.0,1055356.0,5456.0
349564.0,1055356.0,5456.0
303973.6,950253.6,5489.6
121612.0,529844.0,5624.0
121612.0,529844.0,5624.0
126642.4,501056.8,5640.0
140476.0,421892.0,5684.0
163352.8,396752.8,5693.6
254860.0,296196.0,5732.0
254860.0,296196.0,5732.0
237140.53333,311239.2,5740.0
121964.0,409020.0,5792.0
121964.0,409020.0,5792.0
120508.8,409780.0,5804.0
114688.0,412820.0,5852.0
124424.53333,398417.86667,5871.2
151200.0,358812.0,5924.0
151200.0,358812.0,5924.0
146911.2,363416.8,5936.8
129756.0,381836.0,5988.0
129756.0,381836.0,5988.0
194449.33333,320563.46667,6005.0666667
372356.0,152064.0,6052.0
344870.13333,180076.8,6069.0666667
269284.0,257112.0,6116.0
269284.0,257112.0,6116.0
224538.66667,301557.33333,6137.3333333
135048.0,390448.0,6180.0
135048.0,390448.0,6180.0
134076.26667,393474.13333,6198.1333333
131404.0,401796.0,6248.0
130885.6,401462.4,6260.8
128812.0,400128.0,6312.0
128812.0,400128.0,6312.0
196524.0,327390.66667,6330.6666667
331948.0,181916.0,6368.0
331948.0,181916.0,6368.0
288313.33333,219846.66667,6389.3333333
201044.0,295708.0,6432.0
162885.6,336672.8,6460.8
105648.0,398120.0,6504.0
105648.0,398120.0,6504.0
114494.4,382872.0,6531.2
127764.0,360000.0,6572.0
127764.0,360000.0,6572.0
264015.2,243124.8,6597.6
468392.0,67812.0,6636.0
1446525.3333,68008.0,6656.0
3402792.0,68400.0,6696.0
