vda,0.60,0.00,0.00,0,0
vda,0.80,0.00,0.00,0,0
vda,0.00,0.00,0.00,0,0
vda,28.40,0.27,0.00,1,0
vda,2.80,0.07,0.01,0,0
vda,1.80,0.00,0.01,0,0
vda,23.60,0.00,0.11,0,0
vda,281.80,3.53,0.01,17,0
vda,228.40,2.64,0.01,13,0
vda,281.40,3.92,0.01,19,0
vda,102.20,1.08,0.09,5,0
vda,135.60,1.16,0.02,5,0
vda,14.80,0.09,0.05,0,0
vda,6.40,0.00,0.04,0,0
vda,16.60,0.00,0.09,0,0
vda,1.20,0.00,0.00,0,0
vda,10.00,0.03,0.03,0,0
vda,0.20,0.00,0.00,0,0
vda,3.20,0.00,0.02,0,0
vda,2.00,0.00,0.01,0,0
vda,2.00,0.00,0.01,0,0
vda,2.00,0.00,0.01,0,0
