vda,20.00,0.00,0.12,0,0
vda,2.40,0.00,0.01,0,0
vda,0.60,0.00,0.00,0,0
vda,0.80,0.00,0.00,0,0
vda,1.40,0.00,0.01,0,0
vda,7.20,0.00,0.04,0,0
vda,1.00,0.00,0.00,0,0
vda,2.40,0.00,0.02,0,0
vda,12.20,0.02,0.11,0,0
vda,15.00,0.76,0.01,3,0
vda,2.80,0.00,0.01,0,0
vda,5.60,0.00,0.04,0,0
vda,5.20,0.40,0.02,2,0
vda,7.00,0.00,0.04,0,0
vda,4.00,0.40,0.01,2,0
vda,2.80,0.00,0.01,0,0
vda,2.60,0.00,0.01,0,0
vda,0.00,0.00,0.00,0,0
vda,0.80,0.00,0.00,0,0
vda,7.40,0.00,0.05,0,0
vda,7.60,0.00,0.04,0,0
vda,4.60,0.00,0.02,0,0
vda,4.80,0.00,0.02,0,0
vda,3.00,0.00,0.01,0,0
vda,4.80,0.00,0.02,0,0
vda,5.40,0.00,2.91,0,14
vda,9.80,0.00,5.75,0,28
vda,21.20,0.00,5.90,0,29
vda,9.40,0.00,5.81,0,29
vda,14.60,0.00,5.83,0,29
vda,3.60,0.00,0.01,0,0
vda,1.60,0.00,2.91,0,14
vda,8.60,0.00,7.26,0,36
vda,15.40,0.00,7.25,0,36
vda,14.80,0.00,5.93,0,29
vda,7.60,0.00,3.83,0,19
vda,4.20,0.00,0.02,0,0
vda,8.40,0.00,5.84,0,29
vda,11.00,0.00,4.34,0,21
vda,15.00,0.00,5.82,0,29
vda,11.60,0.00,5.89,0,29
vda,12.20,0.00,5.30,0,26
vda,5.40,0.00,1.48,0,7
vda,7.80,0.00,5.82,0,29
vda,9.80,0.00,7.24,0,36
vda,8.60,0.00,5.85,0,29
vda,8.40,0.00,6.76,0,33
vda,6.60,0.00,0.03,0,0
vda,11.00,0.00,0.06,0,0
vda,10.60,0.00,5.88,0,29
vda,10.00,0.00,5.83,0,29
vda,8.60,0.00,5.75,0,28
vda,6.60,0.00,5.89,0,29
vda,6.20,0.00,3.83,0,19
vda,8.00,0.00,4.41,0,22
vda,8.60,0.00,5.77,0,28
vda,16.40,0.00,7.31,0,36
vda,19.80,0.00,0.08,0,0
vda,4.20,0.00,0.03,0,0
vda,8.00,0.00,2.92,0,14
vda,9.00,0.00,5.76,0,28
vda,3.80,0.00,5.85,0,29
vda,17.00,0.00,7.39,0,36
vda,17.40,0.00,5.34,0,26
vda,7.20,0.00,0.03,0,0
vda,13.60,0.00,5.86,0,29
vda,12.80,0.00,7.22,0,36
vda,10.60,0.00,7.31,0,36
vda,16.40,0.00,6.82,0,34
vda,0.40,0.00,0.00,0,0
vda,16.60,0.00,5.90,0,29
vda,9.80,0.00,7.22,0,36
vda,9.00,0.00,7.30,0,36
vda,22.00,0.00,0.09,0,0
vda,2.00,0.00,0.01,0,0
vda,2.00,0.00,0.01,0,0
vda,0.20,0.00,0.00,0,0
vda,7.80,0.00,0.04,0,0
vda,9.20,0.00,0.04,0,0
vda,3.40,0.00,0.03,0,0
vda,1.20,0.00,0.01,0,0
vda,1.00,0.00,0.00,0,0
vda,1.40,0.00,0.01,0,0
vda,1.60,0.00,0.01,0,0
vda,0.60,0.00,0.00,0,0
vda,5.80,0.00,0.03,0,0
vda,1.40,0.00,0.01,0,0
