vda,50.20,0.00,226.40,0,1132
vda,21.00,0.00,190.40,0,952
vda,6.40,0.00,90.40,0,452
vda,6.40,0.00,35.20,0,176
vda,10.20,0.00,54.40,0,272
vda,0.80,1.60,32.80,8,164
vda,59.60,0.00,250.40,0,1252
vda,42.40,0.00,185.60,0,928
vda,64.80,0.00,296.80,0,1484
vda,41.20,0.00,172.00,0,860
vda,59.60,0.00,256.00,0,1280
vda,42.40,0.00,173.60,0,868
vda,22.00,0.00,126.40,0,632
vda,0.60,0.00,40.80,0,204
vda,30.60,388.80,160.00,1944,800
vda,47.20,108.00,196.00,540,980
vda,2.20,36.00,44.00,180,220
vda,48.60,0.80,229.60,4,1148
vda,54.60,0.00,242.40,0,1212
vda,34.60,2.40,565.60,12,2828
vda,10.80,0.00,80.80,0,404
vda,0.40,0.00,8.80,0,44
vda,0.60,0.00,11.20,0,56
vda,22.80,0.00,127.20,0,636
vda,60.00,0.00,242.40,0,1212
vda,36.00,0.00,188.80,0,944
vda,8.20,0.00,35.20,0,176
vda,61.80,0.00,264.80,0,1324
