vda,0.40,0.00,0.00,0,0
vda,23.95,0.00,0.11,0,0
vda,3.40,0.00,0.01,0,0
vda,2.00,0.00,0.01,0,0
vda,0.00,0.00,0.00,0,0
vda,4.80,0.00,0.02,0,0
vda,28.60,0.08,0.05,0,0
vda,2.80,0.00,0.01,0,0
vda,4.40,0.00,0.02,0,0
vda,2.40,0.00,0.01,0,0
vda,1.80,0.00,0.01,0,0
vda,0.00,0.00,0.00,0,0
vda,235.20,3.03,0.01,15,0
vda,342.80,3.93,0.05,19,0
vda,309.00,10.68,0.02,53,0
vda,38.20,0.27,0.13,1,0
vda,134.60,1.16,0.02,5,0
vda,9.60,0.00,0.04,0,0
vda,23.40,0.00,1.95,0,9
vda,0.20,0.00,0.00,0,0
vda,6.40,0.00,0.03,0,0
vda,11.00,0.00,0.04,0,0
vda,4.80,0.00,0.02,0,0
vda,8.40,0.09,0.04,0,0
vda,0.60,0.00,0.01,0,0
vda,9.60,0.00,0.06,0,0
vda,2.60,0.00,0.01,0,0
vda,2.00,0.00,0.01,0,0
vda,1.80,0.00,0.01,0,0
vda,2.00,0.00,0.01,0,0
vda,32.00,0.09,0.07,0,0
vda,2.20,0.00,0.01,0,0
