vda,0.80,0.00,0.01,0,0
vda,24.40,0.00,0.12,0,0
vda,2.20,0.00,0.01,0,0
vda,4.20,0.00,0.02,0,0
vda,0.00,0.00,0.00,0,0
vda,2.00,0.00,0.01,0,0
vda,3.40,0.00,0.02,0,0
vda,2.00,0.00,0.01,0,0
vda,3.20,0.00,0.01,0,0
vda,1.80,0.00,0.01,0,0
vda,7.00,0.00,0.03,0,0
vda,1.80,0.00,0.01,0,0
vda,365.60,4.44,0.02,22,0
vda,153.20,1.78,0.00,8,0
vda,361.20,4.76,0.03,23,0
vda,149.00,1.33,0.04,6,0
vda,16.20,0.09,0.07,0,0
vda,13.60,0.00,0.06,0,0
vda,2.80,0.00,0.01,0,0
vda,2.59,0.00,0.01,0,0
vda,0.60,0.00,0.00,0,0
vda,9.60,0.00,0.08,0,0
vda,2.40,0.00,0.01,0,0
vda,3.60,0.00,0.01,0,0
vda,2.00,0.00,0.01,0,0
vda,2.00,0.00,0.01,0,0
