3083004.0,226448.26667,8782.6666667
3082932.0,226588.0,8788.0
3082932.0,226588.0,8788.0
1060176.8,781637.6,8836.0
554488.0,920400.0,8848.0
554488.0,920400.0,8848.0
165388.8,682067.73333,8922.6666667
137596.0,665044.0,8928.0
202540.53333,624678.13333,8980.0
212532.0,618468.0,8988.0
212532.0,618468.0,8988.0
237709.6,587149.06667,9047.7333333
239508.0,584912.0,9052.0
239508.0,584912.0,9052.0
133895.73333,676983.46667,9115.4666667
126352.0,683560.0,9120.0
126352.0,683560.0,9120.0
128774.93333,667054.93333,9176.0
128948.0,665876.0,9180.0
112990.93333,675901.6,9242.4
110536.0,677444.0,9252.0
110536.0,677444.0,9252.0
241790.93333,544528.53333,9300.5333333
261984.0,524080.0,9308.0
164147.2,624387.2,9352.8
139688.0,649464.0,9364.0
139688.0,649464.0,9364.0
443645.86667,349762.4,9416.8
554176.0,240780.0,9436.0
554176.0,240780.0,9436.0
433766.4,358536.8,9487.2
403664.0,387976.0,9500.0
302499.2,488281.33333,9535.2
265712.0,524756.0,9548.0
265712.0,524756.0,9548.0
166019.73333,616630.93333,9597.8666667
129768.0,650040.0,9616.0
129768.0,650040.0,9616.0
299508.8,476596.8,9670.4
341944.0,433236.0,9684.0
229233.6,532580.0,9735.2
201056.0,557416.0,9748.0
201056.0,557416.0,9748.0
202338.66667,557416.0,9796.5333333
202536.0,557416.0,9804.0
202536.0,557416.0,9804.0
