vda,0.40,0.00,0.00,0,0
vda,21.40,0.00,0.10,0,0
vda,1.60,0.00,0.01,0,0
vda,0.80,0.00,0.00,0,0
vda,0.00,0.00,0.00,0,0
vda,4.40,0.00,0.02,0,0
vda,9.98,0.00,0.04,0,0
vda,0.00,0.00,0.00,0,0
vda,0.80,0.00,0.00,0,0
vda,0.00,0.00,0.00,0,0
vda,0.60,0.00,0.00,0,0
vda,0.00,0.00,0.00,0,0
vda,272.60,3.41,0.01,17,0
vda,344.80,4.01,0.02,20,0
vda,288.20,9.59,0.02,47,0
vda,13.40,0.18,0.01,0,0
vda,156.80,1.41,0.01,7,0
vda,7.20,0.00,0.03,0,0
vda,12.40,0.00,0.05,0,0
vda,8.00,0.00,0.04,0,0
vda,20.60,0.00,0.14,0,0
vda,6.60,0.09,0.02,0,0
vda,12.40,0.00,0.06,0,0
vda,7.20,0.00,0.03,0,0
vda,9.60,0.00,0.06,0,0
vda,1.00,0.00,0.00,0,0
vda,0.00,0.00,0.00,0,0
vda,2.00,0.00,0.01,0,0
vda,1.00,0.00,0.00,0,0
vda,0.00,0.00,0.00,0,0
vda,1.60,0.00,0.01,0,0
