vda,4.20,0.00,0.02,0,0
vda,28.60,0.00,0.13,0,0
vda,2.20,0.00,0.01,0,0
vda,1.80,0.00,0.01,0,0
vda,12.20,0.00,0.05,0,0
vda,0.00,0.00,0.00,0,0
vda,2.80,0.00,0.01,0,0
vda,2.40,0.00,0.01,0,0
vda,18.80,0.08,0.01,0,0
vda,2.80,0.00,0.01,0,0
vda,1.60,0.00,0.01,0,0
vda,0.20,0.00,0.00,0,0
vda,274.80,3.44,0.01,17,0
vda,242.00,2.76,0.02,13,0
vda,225.60,3.30,0.03,16,0
vda,276.40,2.77,0.01,13,0
vda,14.80,0.04,0.05,0,0
vda,12.40,0.09,0.06,0,0
vda,7.60,0.00,0.03,0,0
vda,3.00,0.00,0.01,0,0
vda,3.00,0.00,0.01,0,0
vda,9.20,0.00,0.04,0,0
vda,3.00,0.00,0.01,0,0
vda,6.40,0.00,0.04,0,0
vda,1.00,0.00,0.01,0,0
vda,2.20,0.00,0.01,0,0
vda,1.80,0.00,0.01,0,0
