4459288.0,2130536.0,17224.0
3907030.6667,2192838.9333,17307.2
3822068.0,2202424.0,17320.0
3822068.0,2202424.0,17320.0
3684150.1333,2270318.6667,17361.6
3662932.0,2280764.0,17368.0
3662932.0,2280764.0,17368.0
3025141.6,2278999.4667,17413.066667
2927020.0,2278728.0,17420.0
2282933.6,2276424.0,17480.8
2121912.0,2275848.0,17496.0
2121912.0,2275848.0,17496.0
2110580.8,2274158.4,17531.2
2107748.0,2273736.0,17540.0
2107748.0,2273736.0,17540.0
2078402.9333,2270931.7333,17584.0
2067732.0,2269912.0,17600.0
1941208.5333,2267970.1333,17658.666667
1895200.0,2267264.0,17680.0
1895200.0,2267264.0,17680.0
1894296.5333,2264981.8667,17709.333333
1893968.0,2264152.0,17720.0
1893968.0,2264152.0,17720.0
1896434.9333,2261212.8,17775.733333
1897332.0,2260144.0,17796.0
1851145.3333,2258898.6667,17841.333333
1828052.0,2258276.0,17864.0
1828052.0,2258276.0,17864.0
1828046.6667,2256276.0,17885.333333
1828044.0,2255276.0,17896.0
1829013.6,2254064.0,17939.2
1829660.0,2253256.0,17968.0
1829660.0,2253256.0,17968.0
1830168.8,2252034.4,17984.8
1830508.0,2251220.0,17996.0
1830508.0,2251220.0,17996.0
1797851.2,2250651.2,18034.4
1776080.0,2250272.0,18060.0
1777214.9333,2248744.5333,18089.866667
1778208.0,2247408.0,18116.0
1778208.0,2247408.0,18116.0
1778747.2,2246571.2,18138.4
1779556.0,2245316.0,18172.0
1779556.0,2245316.0,18172.0
1471237.6,2244613.6,18192.8
1008760.0,2243560.0,18224.0
1230174.6667,2103868.0,18216.533333
1483220.0,1944220.0,18208.0
1483220.0,1944220.0,18208.0
