vda,0.40,0.00,0.00,0,0
vda,2.40,0.00,0.01,0,0
vda,1.80,0.00,0.01,0,0
vda,2.60,0.00,0.01,0,0
vda,26.40,0.00,0.11,0,0
vda,2.00,0.00,0.01,0,0
vda,0.60,0.00,0.00,0,0
vda,422.00,5.11,0.03,25,0
vda,391.60,5.15,0.02,25,0
vda,127.40,13.55,0.03,67,0
vda,104.80,3.06,0.02,15,0
vda,45.40,0.35,0.02,1,0
vda,12.40,0.03,0.05,0,0
vda,12.80,0.00,0.06,0,0
vda,5.20,0.00,0.07,0,0
vda,8.20,0.00,0.03,0,0
vda,5.00,0.00,0.02,0,0
vda,11.00,0.00,0.04,0,0
vda,6.00,0.00,1.39,0,6
vda,4.00,0.00,0.04,0,0
vda,5.40,0.00,0.03,0,0
vda,14.40,0.00,0.06,0,0
vda,7.40,0.00,0.03,0,0
vda,4.20,0.00,0.02,0,0
vda,1.80,0.00,0.01,0,0
vda,3.40,0.08,0.02,0,0
vda,12.00,0.00,0.06,0,0
vda,2.40,0.00,0.01,0,0
vda,2.40,0.00,0.01,0,0
vda,2.00,0.00,0.01,0,0
vda,1.80,0.00,0.01,0,0
vda,2.00,0.00,0.01,0,0
vda,9.40,0.00,0.04,0,0
vda,3.19,0.00,0.01,0,0
vda,2.80,0.00,0.01,0,0
vda,2.20,0.00,0.01,0,0
vda,4.00,0.00,0.02,0,0
vda,2.00,0.00,0.01,0,0
vda,2.00,0.00,0.01,0,0
vda,0.40,0.00,0.00,0,0
