5382012.0,997356.0,8540.0
5217862.6667,996956.0,8558.1333333
4766452.0,995856.0,8608.0
4766452.0,995856.0,8608.0
4754644.8,996829.6,8624.8
4707416.0,1000724.0,8692.0
4698861.6,1000702.4,8708.0
4664644.0,1000616.0,8772.0
4664644.0,1000616.0,8772.0
4540059.2,1000243.2,8784.8
4041720.0,998752.0,8836.0
4041720.0,998752.0,8836.0
3892031.2,998159.2,8851.2
3293276.0,995788.0,8912.0
3293276.0,995788.0,8912.0
3288653.0667,995235.46667,8932.2666667
3275940.0,993716.0,8988.0
3257305.3333,993172.0,9005.0666667
3206060.0,991676.0,9052.0
3206060.0,991676.0,9052.0
3171322.6667,992233.33333,9082.6666667
3101848.0,993348.0,9144.0
3101848.0,993348.0,9144.0
3099396.8,993133.6,9176.0
3095720.0,992812.0,9224.0
3070329.6,992080.8,9246.4
3032244.0,990984.0,9280.0
3032244.0,990984.0,9280.0
3031277.6,990661.86667,9303.4666667
3028620.0,989776.0,9368.0
3028620.0,989776.0,9368.0
3028620.0,989776.0,9368.0
3028620.0,989776.0,9368.0
3000085.3333,989146.66667,9416.0
2943016.0,987888.0,9512.0
2943016.0,987888.0,9512.0
2942430.4,988089.6,9540.8
2941552.0,988392.0,9584.0
2941552.0,988392.0,9584.0
2940809.3333,988512.0,9610.6666667
2939324.0,988752.0,9664.0
2938717.3333,988204.0,9682.6666667
2937504.0,987108.0,9720.0
2937504.0,987108.0,9720.0
2900013.3333,986721.33333,9744.0
2825032.0,985948.0,9792.0
2825032.0,985948.0,9792.0
2823693.3333,986609.33333,9873.3333333
2821016.0,987932.0,10036.0
2554532.8,987630.13333,10057.333333
1821704.0,986800.0,10116.0
1821704.0,986800.0,10116.0
2774187.2,986417.06667,10136.266667
5393516.0,985364.0,10192.0
