vda,28.00,0.00,0.14,0,0
vda,1.00,0.00,0.00,0,0
vda,0.00,0.00,0.00,0,0
vda,0.60,0.00,0.00,0,0
vda,0.60,0.00,0.01,0,0
vda,9.60,0.00,0.04,0,0
vda,0.40,0.00,0.00,0,0
vda,3.40,0.00,0.02,0,0
vda,104.80,6.43,0.02,32,0
vda,131.40,8.31,0.01,41,0
vda,156.00,9.83,0.01,49,0
vda,177.60,11.34,0.01,56,0
vda,38.80,11.63,0.00,58,0
vda,164.40,11.00,0.03,55,0
vda,193.60,11.62,0.13,58,0
vda,40.00,2.27,0.02,11,0
vda,2.60,0.00,0.01,0,0
vda,7.80,0.38,0.01,1,0
vda,2.40,0.00,0.01,0,0
vda,0.80,0.00,0.00,0,0
vda,0.80,0.00,0.01,0,0
vda,3.00,0.00,0.02,0,0
vda,4.80,0.00,0.03,0,0
vda,1.20,0.00,0.00,0,0
vda,3.40,0.00,0.01,0,0
vda,2.60,0.00,0.01,0,0
vda,4.00,0.00,0.02,0,0
vda,4.20,0.00,0.02,0,0
vda,0.40,0.00,0.00,0,0
vda,15.20,0.00,4.97,0,24
vda,3.80,0.00,0.01,0,0
vda,5.60,0.00,4.78,0,23
vda,7.60,0.00,5.12,0,25
vda,6.00,0.00,4.98,0,24
vda,6.20,0.00,4.95,0,24
vda,3.60,0.00,2.51,0,12
vda,4.40,0.00,2.42,0,12
vda,16.20,0.00,5.11,0,25
vda,6.60,0.00,0.04,0,0
vda,3.20,0.00,0.01,0,0
vda,3.00,0.00,0.01,0,0
vda,0.40,0.00,0.00,0,0
vda,6.80,0.00,0.03,0,0
vda,2.60,0.00,0.01,0,0
vda,4.40,0.00,0.06,0,0
vda,10.20,0.00,4.92,0,24
vda,6.40,0.00,4.78,0,23
vda,5.80,0.00,5.12,0,25
vda,6.00,0.00,4.99,0,24
vda,6.00,0.00,0.03,0,0
vda,5.60,0.00,4.95,0,24
vda,9.40,0.00,4.94,0,24
vda,6.60,0.00,5.06,0,25
vda,1.80,0.00,5.10,0,25
vda,5.80,0.00,5.14,0,25
vda,5.60,0.00,4.98,0,24
vda,7.40,0.00,4.92,0,24
vda,3.00,0.00,0.01,0,0
vda,4.80,0.00,0.02,0,0
vda,8.80,0.00,0.04,0,0
vda,5.60,0.00,4.92,0,24
vda,7.20,0.00,4.80,0,23
vda,7.20,0.00,5.13,0,25
vda,4.20,0.00,4.99,0,24
vda,5.80,0.00,4.95,0,24
vda,10.20,0.00,4.94,0,24
vda,5.80,0.00,5.06,0,25
vda,19.60,0.00,0.08,0,0
vda,1.00,0.00,0.01,0,0
vda,3.00,0.00,0.01,0,0
vda,4.60,0.00,0.02,0,0
vda,3.20,0.00,0.01,0,0
vda,4.60,0.00,0.05,0,0
vda,12.20,0.00,0.05,0,0
vda,0.80,0.00,0.01,0,0
vda,10.60,0.00,4.92,0,24
vda,7.20,0.00,4.79,0,23
vda,7.20,0.00,5.12,0,25
vda,5.40,0.00,4.99,0,24
vda,9.40,0.00,4.97,0,24
vda,10.40,0.00,4.94,0,24
vda,3.60,0.00,5.05,0,25
vda,2.60,0.00,2.60,0,12
vda,0.80,0.00,2.51,0,12
vda,6.00,0.00,5.15,0,25
vda,5.80,0.00,4.98,0,24
vda,15.60,0.00,4.97,0,24
vda,5.00,0.00,0.02,0,0
vda,2.60,0.00,0.01,0,0
vda,5.60,0.00,4.93,0,24
vda,5.40,0.00,4.79,0,23
vda,5.80,0.00,5.12,0,25
vda,6.00,0.00,2.44,0,12
vda,9.40,0.00,2.61,0,13
vda,1.20,0.00,4.93,0,24
vda,5.40,0.00,4.91,0,24
vda,14.00,0.00,0.05,0,0
vda,7.00,0.00,0.03,0,0
vda,4.20,0.00,0.03,0,0
vda,3.00,0.00,0.01,0,0
vda,8.20,0.00,0.07,0,0
vda,3.20,0.00,0.01,0,0
vda,2.80,0.00,0.01,0,0
vda,9.60,0.00,4.91,0,24
vda,4.20,0.00,0.02,0,0
vda,8.20,0.00,4.79,0,23
vda,13.00,0.00,5.15,0,25
vda,11.40,0.00,5.02,0,25
vda,5.40,0.00,4.95,0,24
vda,9.20,0.00,4.93,0,24
vda,5.20,0.00,5.06,0,25
vda,1.80,0.00,5.10,0,25
vda,4.00,0.00,5.13,0,25
vda,5.80,0.00,4.98,0,24
vda,9.78,0.00,4.92,0,24
vda,3.60,0.00,0.01,0,0
vda,13.80,0.00,0.07,0,0
vda,4.20,0.00,0.02,0,0
vda,5.20,0.00,4.92,0,24
vda,7.00,0.00,4.80,0,23
vda,5.40,0.00,5.12,0,25
vda,9.60,0.00,5.02,0,25
vda,5.00,0.00,2.51,0,12
vda,4.60,0.00,2.46,0,12
vda,3.60,0.00,4.91,0,24
vda,9.40,0.00,5.08,0,25
vda,4.80,0.00,5.11,0,25
vda,8.40,0.00,5.15,0,25
vda,6.20,0.00,4.99,0,24
vda,5.40,0.00,4.91,0,24
vda,2.40,0.00,0.01,0,0
vda,3.40,0.00,0.01,0,0
vda,3.80,0.00,4.91,0,24
vda,4.20,0.00,0.02,0,0
vda,12.40,0.00,4.82,0,24
vda,13.80,0.00,5.15,0,25
vda,7.40,0.00,4.99,0,24
vda,6.80,0.00,4.95,0,24
vda,17.20,0.00,4.95,0,24
vda,5.60,0.00,5.06,0,25
vda,15.80,0.00,2.62,0,13
vda,5.20,0.00,2.60,0,13
vda,5.80,0.00,5.13,0,25
vda,7.20,0.00,4.98,0,24
vda,7.00,0.00,4.91,0,24
vda,4.40,0.00,0.02,0,0
vda,3.80,0.00,0.02,0,0
vda,4.40,0.00,0.33,0,1
vda,11.40,0.00,4.61,0,23
vda,9.60,0.00,7.23,0,36
vda,5.40,0.00,2.67,0,13
vda,2.60,0.00,4.98,0,24
vda,9.60,0.00,4.96,0,24
vda,2.80,0.00,4.91,0,24
vda,5.00,0.00,5.05,0,25
vda,14.20,0.00,5.16,0,25
vda,3.80,0.00,0.01,0,0
vda,5.60,0.00,5.13,0,25
vda,6.00,0.01,4.98,0,24
vda,7.20,0.00,4.92,0,24
vda,3.40,0.00,0.02,0,0
vda,0.20,0.00,0.00,0,0
vda,9.80,0.00,4.95,0,24
vda,5.60,0.00,4.79,0,23
vda,5.20,0.00,5.11,0,25
vda,12.80,0.00,5.03,0,25
vda,6.20,0.00,4.95,0,24
vda,5.40,0.00,0.02,0,0
vda,4.40,0.00,4.91,0,24
vda,14.60,0.00,5.09,0,25
vda,5.40,0.00,5.15,0,25
vda,4.40,0.00,5.14,0,25
vda,3.60,0.00,4.97,0,24
vda,10.60,0.00,4.94,0,24
vda,2.20,0.00,0.01,0,0
vda,2.00,0.00,0.01,0,0
vda,0.00,0.00,0.00,0,0
vda,4.00,0.00,0.02,0,0
vda,1.60,0.00,0.01,0,0
vda,1.20,0.00,0.00,0,0
vda,8.00,0.00,0.04,0,0
vda,1.20,0.00,0.00,0,0
vda,7.40,0.00,0.03,0,0
vda,0.00,0.00,0.00,0,0
vda,0.60,0.00,0.00,0,0
vda,0.00,0.00,0.00,0,0
vda,2.60,0.00,0.01,0,0
vda,5.00,0.00,0.03,0,0
vda,7.20,0.00,0.04,0,0
vda,0.80,0.00,0.00,0,0
vda,0.00,0.00,0.00,0,0
