5093796.0,2375476.0,32280.0
5093796.0,2375476.0,32280.0
4047726.6667,2478556.0,32337.333333
1955588.0,2684716.0,32452.0
1568213.6,2710279.2,32474.4
987152.0,2748624.0,32508.0
987152.0,2748624.0,32508.0
808187.2,2819478.4,32530.4
539740.0,2925760.0,32564.0
539740.0,2925760.0,32564.0
606044.0,2866728.0,32582.666667
738652.0,2748664.0,32620.0
679604.0,2807773.3333,32634.666667
561508.0,2925992.0,32664.0
561508.0,2925992.0,32664.0
514210.66667,2968628.0,32676.0
419616.0,3053900.0,32700.0
419616.0,3053900.0,32700.0
371889.06667,3101448.8,32717.066667
240640.0,3232208.0,32764.0
240640.0,3232208.0,32764.0
409860.8,3058651.2,32786.4
663692.0,2798316.0,32820.0
592346.4,2870348.0,32842.4
485328.0,2978396.0,32876.0
485328.0,2978396.0,32876.0
407258.4,3049174.4,32902.133333
318036.0,3130064.0,32932.0
318036.0,3130064.0,32932.0
246335.2,3201672.0,32949.6
138784.0,3309084.0,32976.0
322993.6,3059666.4,32987.2
599308.0,2685540.0,33004.0
599308.0,2685540.0,33004.0
536724.0,2747015.2,33023.2
442848.0,2839228.0,33052.0
442848.0,2839228.0,33052.0
362101.33333,2920040.8,33075.466667
291448.0,2990752.0,33096.0
223691.73333,3050782.1333,33129.6
146256.0,3119388.0,33168.0
146256.0,3119388.0,33168.0
145302.13333,3120269.0667,33197.866667
144212.0,3121276.0,33232.0
144212.0,3121276.0,33232.0
337896.8,2922887.2,33259.2
628424.0,2625304.0,33300.0
544211.2,2709337.6,33333.6
447968.0,2805376.0,33372.0
447968.0,2805376.0,33372.0
371072.0,2872710.4,33393.333333
303788.0,2931628.0,33412.0
303788.0,2931628.0,33412.0
209270.66667,3027282.4,33441.866667
126568.0,3110980.0,33468.0
409957.86667,2838329.0667,33490.4
733832.0,2526728.0,33516.0
733832.0,2526728.0,33516.0
2827354.6667,2395874.6667,33534.666667
5219952.0,2246328.0,33556.0
