vda,50.40,1.13,0.14,5,0
vda,13.60,0.76,0.01,3,0
vda,17.40,1.13,0.00,5,0
vda,120.00,0.76,0.43,3,2
vda,27.20,1.13,0.04,5,0
vda,15.00,0.76,0.01,3,0
vda,28.20,1.13,0.05,5,0
vda,15.80,0.38,0.04,1,0
vda,39.00,1.13,0.09,5,0
vda,17.80,0.76,0.03,3,0
vda,30.20,1.51,0.22,7,1
vda,21.60,1.14,0.02,5,0
vda,92.20,1.53,0.29,7,1
vda,32.80,0.76,0.11,3,0
vda,28.20,1.51,0.07,7,0
vda,43.40,1.13,0.11,5,0
vda,23.80,1.51,0.00,7,0
vda,15.20,1.16,0.01,5,0
vda,16.20,0.76,0.02,3,0
vda,21.00,1.54,0.01,7,0
vda,25.40,1.13,0.04,5,0
vda,128.80,1.13,0.44,5,2
vda,28.80,0.76,0.26,3,1
vda,32.80,1.13,0.06,5,0
vda,17.40,0.76,0.02,3,0
vda,21.60,1.15,0.06,5,0
vda,123.80,0.76,0.47,3,2
vda,23.20,1.14,0.02,5,0
vda,13.60,0.76,0.01,3,0
vda,19.80,1.13,0.01,5,0
vda,16.00,0.76,0.02,3,0
vda,19.00,1.13,0.00,5,0
vda,17.80,0.76,0.03,3,0
vda,170.20,1.13,0.60,5,3
vda,43.60,0.77,0.34,3,1
vda,17.60,1.14,0.00,5,0
vda,13.80,0.76,0.01,3,0
vda,21.80,1.13,0.02,5,0
vda,15.60,0.76,0.03,3,0
vda,19.80,1.13,0.05,5,0
vda,153.60,0.76,0.57,3,2
vda,16.40,0.76,0.02,3,0
vda,21.60,1.13,0.02,5,0
vda,13.40,0.76,0.01,3,0
vda,21.00,1.13,0.01,5,0
vda,18.80,0.76,0.03,3,0
vda,27.40,1.13,0.25,5,1
vda,35.40,0.76,0.11,3,0
vda,101.60,1.13,0.33,5,1
vda,12.80,0.76,0.00,3,0
vda,20.00,1.13,0.05,5,0
vda,15.80,0.76,0.02,3,0
vda,144.60,1.13,0.51,5,2
vda,18.00,0.77,0.02,3,0
vda,22.36,1.13,0.02,5,0
vda,15.20,0.76,0.01,3,0
vda,116.60,1.13,0.44,5,2
vda,11.60,0.76,0.00,3,0
vda,28.20,1.13,0.24,5,1
vda,15.80,0.76,0.02,3,0
vda,19.40,1.13,0.01,5,0
vda,105.60,0.76,0.39,3,1
vda,20.20,1.13,0.01,5,0
vda,14.80,0.77,0.01,3,0
vda,16.20,0.76,0.02,3,0
vda,19.00,1.13,0.01,5,0
vda,17.60,0.76,0.02,3,0
vda,23.60,1.13,0.03,5,0
vda,33.60,0.76,0.09,3,0
vda,29.40,1.13,0.06,5,0
vda,126.00,0.76,0.64,3,3
vda,21.20,1.13,0.01,5,0
vda,8.80,0.38,0.05,1,0
vda,26.40,1.13,0.04,5,0
vda,13.80,0.76,0.01,3,0
vda,37.80,1.13,0.08,5,0
vda,134.60,0.76,0.49,3,2
vda,20.00,1.14,0.01,5,0
vda,15.80,0.76,0.01,3,0
vda,108.80,1.13,0.40,5,2
vda,14.00,0.76,0.01,3,0
vda,19.00,1.14,0.00,5,0
vda,22.80,0.76,0.24,3,1
vda,21.40,1.13,0.02,5,0
vda,110.60,0.76,0.40,3,2
vda,16.60,0.76,0.02,3,0
vda,12.80,0.76,0.00,3,0
vda,110.60,0.76,0.42,3,2
vda,21.40,1.14,0.01,5,0
vda,12.20,0.80,0.00,4,0
vda,21.00,1.13,0.01,5,0
vda,16.20,0.76,0.02,3,0
vda,19.20,1.13,0.01,5,0
vda,145.40,0.76,0.56,3,2
vda,28.00,1.13,0.24,5,1
vda,15.40,0.76,0.01,3,0
vda,21.40,1.13,0.02,5,0
vda,103.80,0.76,0.38,3,1
vda,14.60,0.76,0.01,3,0
vda,20.20,0.77,0.03,3,0
vda,156.80,1.13,0.60,5,3
vda,11.40,0.76,0.00,3,0
vda,13.60,0.76,0.01,3,0
vda,21.60,1.13,0.02,5,0
vda,100.00,0.76,0.36,3,1
vda,22.00,1.13,0.02,5,0
vda,19.00,0.76,0.22,3,1
vda,21.20,1.13,0.01,5,0
vda,105.20,0.76,0.38,3,1
vda,17.60,1.13,0.00,5,0
vda,14.20,0.76,0.01,3,0
vda,146.80,0.76,0.57,3,2
vda,17.20,0.76,0.02,3,0
vda,20.20,1.13,0.01,5,0
vda,15.80,0.76,0.02,3,0
vda,19.20,1.13,0.01,5,0
vda,13.40,0.76,0.01,3,0
vda,24.40,1.13,0.03,5,0
vda,23.00,0.76,0.25,3,1
vda,28.40,0.77,0.06,3,0
vda,90.80,1.13,0.29,5,1
vda,16.40,0.76,0.02,3,0
vda,19.20,1.13,0.01,5,0
vda,154.00,0.76,0.62,3,3
vda,16.20,0.76,0.02,3,0
vda,13.40,0.76,0.01,3,0
vda,21.80,1.13,0.02,5,0
vda,12.80,0.76,0.00,3,0
vda,106.20,1.14,0.36,5,1
vda,11.80,0.76,0.00,3,0
vda,30.80,1.13,0.25,5,1
vda,15.60,0.76,0.02,3,0
vda,118.80,1.13,0.45,5,2
vda,11.80,0.76,0.00,3,0
vda,18.60,1.13,0.01,5,0
vda,139.00,0.76,0.51,3,2
vda,21.80,1.13,0.02,5,0
vda,13.80,0.76,0.01,3,0
vda,110.60,1.14,0.37,5,1
vda,17.60,0.76,0.02,3,0
vda,19.36,1.13,0.01,5,0
vda,112.20,0.76,0.41,3,2
vda,20.60,0.76,0.23,3,1
vda,21.00,1.13,0.01,5,0
vda,15.80,0.76,0.02,3,0
vda,104.60,1.13,0.36,5,1
vda,14.20,0.76,0.01,3,0
