vda,25.40,0.00,0.10,0,0
vda,3.80,0.00,0.02,0,0
vda,197.40,0.00,0.79,0,3
vda,2.60,0.00,0.01,0,0
vda,2.00,0.00,0.01,0,0
vda,0.00,0.00,0.00,0,0
vda,32.80,0.00,0.15,0,0
vda,115.20,0.00,0.46,0,2
vda,6.80,0.00,0.03,0,0
vda,5.20,0.00,0.02,0,0
vda,6.40,0.00,0.03,0,0
vda,207.80,0.00,0.99,0,4
vda,6.00,0.00,0.02,0,0
vda,2.40,0.00,0.05,0,0
vda,8.40,0.00,0.03,0,0
vda,5.00,0.00,0.02,0,0
vda,1.60,0.00,0.01,0,0
vda,1.80,0.00,0.01,0,0
vda,25.20,0.00,0.14,0,0
vda,8.60,0.00,0.06,0,0
vda,117.80,0.00,0.46,0,2
vda,3.00,0.00,0.01,0,0
