vda,0.40,0.00,0.00,0,0
vda,19.20,0.00,0.09,0,0
vda,3.60,0.00,0.01,0,0
vda,2.20,0.00,0.01,0,0
vda,4.80,0.00,0.03,0,0
vda,5.00,0.00,0.02,0,0
vda,11.40,0.00,0.05,0,0
vda,0.00,0.00,0.00,0,0
vda,4.20,0.00,0.02,0,0
vda,2.40,0.00,0.01,0,0
vda,2.20,0.00,0.01,0,0
vda,1.80,0.00,0.01,0,0
vda,264.80,3.28,0.03,16,0
vda,252.80,2.92,0.02,14,0
vda,358.80,4.70,0.10,23,0
vda,155.00,1.43,0.02,7,0
vda,13.60,0.00,0.05,0,0
vda,29.20,0.09,0.17,0,0
vda,7.80,0.00,0.03,0,0
vda,0.00,0.00,0.00,0,0
vda,7.60,0.00,0.04,0,0
vda,2.40,0.00,0.01,0,0
vda,2.20,0.00,0.01,0,0
vda,1.60,0.00,0.01,0,0
vda,1.80,0.00,0.01,0,0
vda,1.80,0.00,0.01,0,0
