vda,0.40,0.00,0.00,0,0
vda,2.00,0.00,0.01,0,0
vda,0.00,0.00,0.00,0,0
vda,0.60,0.00,0.00,0,0
vda,0.40,0.00,0.01,0,0
vda,3.20,0.00,0.01,0,0
vda,13.80,0.00,0.08,0,0
vda,47.20,0.73,0.02,3,0
vda,152.20,6.15,0.02,30,0
vda,73.00,27.31,0.01,136,0
vda,48.80,17.41,0.00,87,0
vda,29.80,10.22,0.01,51,0
vda,58.20,18.05,0.05,90,0
vda,57.68,20.55,0.02,102,0
vda,21.00,6.51,0.06,32,0
vda,17.00,5.35,0.00,26,0
vda,39.80,13.30,0.02,66,0
vda,25.60,8.45,0.01,42,0
vda,37.60,10.55,0.04,52,0
vda,80.60,28.71,0.03,143,0
vda,64.00,21.55,0.02,107,0
vda,45.00,17.49,0.00,87,0
vda,17.00,4.18,0.01,20,0
vda,52.20,0.58,0.01,2,0
vda,10.00,0.01,4.02,0,20
vda,5.60,0.00,0.02,0,0
vda,22.60,0.11,10.43,0,52
vda,8.40,0.02,2.25,0,11
vda,28.20,0.00,12.35,0,61
vda,5.80,0.00,0.02,0,0
vda,18.80,0.00,11.80,0,59
vda,2.80,0.00,0.01,0,0
vda,0.00,0.00,0.00,0,0
vda,1.80,0.01,0.00,0,0
vda,3.20,0.00,0.01,0,0
vda,14.20,0.00,0.06,0,0
vda,16.80,0.00,4.08,0,20
vda,26.40,0.06,11.39,0,56
vda,5.60,0.00,0.02,0,0
vda,14.40,0.00,11.64,0,58
vda,4.20,0.00,0.02,0,0
vda,9.60,0.00,11.30,0,56
vda,5.20,0.00,0.02,0,0
vda,0.60,0.00,0.00,0,0
vda,0.20,0.00,0.00,0,0
vda,2.00,0.00,0.01,0,0
vda,14.20,0.04,0.05,0,0
vda,3.80,0.00,0.01,0,0
vda,21.20,0.00,8.33,0,41
vda,5.20,0.00,0.02,0,0
vda,10.40,0.00,10.89,0,54
vda,12.80,0.00,5.42,0,27
vda,8.20,0.00,6.65,0,33
vda,9.40,0.00,10.86,0,54
vda,6.80,0.01,0.02,0,0
vda,2.00,0.00,0.01,0,0
vda,2.20,0.00,0.01,0,0
vda,2.40,0.00,0.01,0,0
vda,26.60,0.00,12.37,0,61
vda,6.00,0.00,0.02,0,0
vda,19.40,0.00,11.36,0,56
vda,18.40,0.00,7.44,0,37
vda,6.20,0.00,4.27,0,21
vda,5.00,0.00,0.02,0,0
vda,14.40,0.21,0.02,1,0
vda,1.00,0.00,0.00,0,0
vda,25.00,0.04,10.64,0,53
vda,3.60,0.00,0.01,0,0
vda,11.00,0.00,0.04,0,0
vda,18.00,0.00,10.87,0,54
vda,5.60,0.00,0.02,0,0
vda,13.60,0.00,11.02,0,55
vda,25.00,0.00,10.69,0,53
vda,5.80,0.00,0.02,0,0
vda,35.60,0.04,11.54,0,57
vda,2.40,0.02,0.01,0,0
vda,1.00,0.00,0.00,0,0
vda,3.20,0.03,0.01,0,0
vda,11.20,0.00,0.04,0,0
vda,3.20,0.00,0.01,0,0
vda,31.00,0.00,6.19,0,30
vda,9.40,0.00,6.34,0,31
vda,18.00,0.00,10.73,0,53
vda,5.60,0.00,0.02,0,0
vda,27.00,0.00,8.09,0,40
vda,23.00,0.04,4.36,0,21
vda,3.60,0.03,0.01,0,0
vda,1.80,0.00,0.00,0,0
vda,2.20,0.00,0.01,0,0
vda,11.00,0.00,0.04,0,0
vda,5.60,0.00,0.04,0,0
vda,82.40,0.22,8.36,1,41
vda,29.20,0.00,10.17,0,50
vda,12.00,0.00,6.66,0,33
vda,12.80,0.00,4.09,0,20
vda,25.20,0.04,10.07,0,50
vda,3.20,0.00,0.01,0,0
vda,0.00,0.00,0.00,0,0
vda,0.60,0.00,0.00,0,0
vda,2.00,0.00,0.01,0,0
vda,0.80,0.00,0.00,0,0
vda,27.40,0.00,9.95,0,49
vda,17.20,0.00,12.84,0,64
vda,5.80,0.00,0.02,0,0
vda,7.00,0.00,10.66,0,53
vda,42.80,0.01,11.06,0,55
vda,6.00,0.00,0.02,0,0
vda,0.00,0.00,0.00,0,0
vda,0.80,0.00,0.00,0,0
vda,1.80,0.00,0.01,0,0
vda,10.20,0.00,0.04,0,0
vda,29.00,0.00,10.60,0,52
vda,12.20,0.00,4.39,0,21
vda,13.40,0.00,6.10,0,30
vda,8.40,0.00,10.54,0,52
vda,6.20,0.02,0.02,0,0
vda,35.20,0.01,10.77,0,53
vda,5.40,0.00,0.02,0,0
vda,67.80,0.46,0.01,2,0
vda,2.80,0.00,0.01,0,0
vda,11.20,0.00,0.04,0,0
vda,39.60,0.00,10.01,0,50
vda,4.80,0.00,0.02,0,0
vda,26.00,0.00,10.10,0,50
vda,16.60,0.03,10.36,0,51
vda,8.20,0.02,0.03,0,0
vda,27.40,0.00,9.96,0,49
vda,3.80,0.00,0.01,0,0
vda,0.00,0.00,0.00,0,0
vda,0.80,0.00,0.00,0,0
vda,10.40,0.00,0.04,0,0
vda,32.40,0.05,8.05,0,40
vda,0.40,0.00,0.00,0,0
vda,0.60,0.00,0.00,0,0
vda,0.00,0.00,0.00,0,0
vda,4.20,0.03,0.01,0,0
vda,2.40,0.02,0.01,0,0
vda,3.20,0.00,0.02,0,0
vda,6.40,0.00,0.04,0,0
vda,13.00,0.45,0.00,2,0
vda,5.60,0.00,0.02,0,0
vda,4.80,0.00,0.03,0,0
vda,0.60,0.00,0.00,0,0
vda,0.60,0.00,0.01,0,0
vda,1.00,0.00,0.00,0,0
vda,8.20,0.05,0.02,0,0
vda,2.20,0.00,0.01,0,0
vda,0.00,0.00,0.00,0,0
vda,0.60,0.00,0.00,0,0
