3080552.0,489180.0,14324.0
2979508.0,509761.6,14331.466667
1564892.0,797904.0,14436.0
1564892.0,797904.0,14436.0
1475962.9333,840081.6,14443.466667
897924.0,1114236.0,14492.0
897924.0,1114236.0,14492.0
815788.0,1150579.4667,14498.4
281904.0,1386812.0,14540.0
281904.0,1386812.0,14540.0
259476.26667,1354190.1333,14545.333333
113696.0,1142148.0,14580.0
126996.8,1139313.3333,14585.866667
213452.0,1120888.0,14624.0
213452.0,1120888.0,14624.0
206318.4,1116959.2,14634.4
177784.0,1101244.0,14676.0
177784.0,1101244.0,14676.0
175222.93333,1104035.4667,14682.4
158576.0,1122180.0,14724.0
152778.13333,1124202.9333,14733.066667
115092.0,1137352.0,14792.0
115092.0,1137352.0,14792.0
120125.06667,1133444.8,14798.4
152840.0,1108048.0,14840.0
152840.0,1108048.0,14840.0
148264.53333,1112156.2667,14845.866667
118524.0,1138860.0,14884.0
167400.0,1088976.0,14895.2
362904.0,889440.0,14940.0
362904.0,889440.0,14940.0
341235.2,910308.8,14951.2
254560.0,993784.0,14996.0
254560.0,993784.0,14996.0
246179.73333,1000792.5333,14999.733333
128856.0,1098912.0,15052.0
129624.0,1097981.8667,15055.733333
140376.0,1084960.0,15108.0
140376.0,1084960.0,15108.0
136691.73333,1085189.8667,15114.4
112744.0,1086684.0,15156.0
112744.0,1086684.0,15156.0
112437.86667,1086706.4,15162.4
110448.0,1086852.0,15204.0
157454.93333,1044450.9333,15212.0
463000.0,768844.0,15264.0
463000.0,768844.0,15264.0
463000.0,768844.0,15264.0
432456.0,795984.0,15324.0
432456.0,795984.0,15324.0
316487.46667,907356.8,15383.733333
308204.0,915312.0,15388.0
308204.0,915312.0,15388.0
163420.0,1040900.0,15440.0
163420.0,1040900.0,15440.0
163420.0,1040900.0,15440.0
140456.0,1061704.0,15492.0
140456.0,1061704.0,15492.0
546235.73333,652198.4,15536.8
575220.0,622948.0,15540.0
575220.0,622948.0,15540.0
