vda,3.20,0.00,0.02,0,0
vda,24.80,0.00,0.12,0,0
vda,2.60,0.00,0.01,0,0
vda,2.00,0.00,0.01,0,0
vda,0.00,0.00,0.00,0,0
vda,4.00,0.00,0.01,0,0
vda,5.39,0.00,0.02,0,0
vda,2.20,0.00,0.01,0,0
vda,1.80,0.00,0.01,0,0
vda,2.00,0.00,0.01,0,0
vda,1.80,0.00,0.01,0,0
vda,18.20,0.12,0.01,0,0
vda,384.80,4.55,0.07,22,0
vda,144.20,1.62,0.01,8,0
vda,346.40,4.66,0.00,23,0
vda,164.00,1.46,0.05,7,0
vda,16.00,0.09,0.06,0,0
vda,18.20,0.00,0.12,0,0
vda,0.00,0.00,0.00,0,0
vda,2.20,0.00,0.01,0,0
vda,6.40,0.00,0.03,0,0
vda,2.40,0.00,0.01,0,0
vda,4.00,0.00,0.02,0,0
vda,2.40,0.00,0.01,0,0
vda,2.40,0.00,0.01,0,0
vda,4.60,0.00,0.02,0,0
