vda,8.60,0.00,0.04,0,0
vda,22.20,0.00,0.10,0,0
vda,52.80,0.00,0.21,0,1
vda,7.80,0.00,0.03,0,0
vda,5.60,0.00,0.22,0,1
vda,119.00,0.00,0.47,0,2
vda,7.20,0.00,0.03,0,0
vda,2.00,0.00,0.01,0,0
vda,14.40,0.00,0.06,0,0
vda,8.00,0.00,0.04,0,0
vda,1.60,0.00,0.01,0,0
vda,35.40,0.00,0.14,0,0
vda,6.60,0.00,0.03,0,0
vda,8.80,0.00,0.03,0,0
vda,119.80,0.00,0.47,0,2
vda,37.80,7.18,0.09,35,0
vda,18.80,0.00,0.07,0,0
vda,9.00,0.00,0.24,0,1
vda,10.60,0.00,0.08,0,0
vda,7.00,0.00,0.08,0,0
vda,58.00,0.00,0.23,0,1
vda,9.60,0.00,0.04,0,0
vda,101.00,0.00,0.50,0,2
vda,4.60,0.00,0.02,0,0
vda,6.80,0.00,0.03,0,0
vda,8.00,0.00,0.03,0,0
vda,0.00,0.00,0.00,0,0
vda,202.00,0.00,0.84,0,4
vda,2.20,0.00,0.01,0,0
vda,7.00,0.00,0.22,0,1
vda,6.60,0.00,0.03,0,0
vda,130.00,0.00,0.53,0,2
vda,6.40,0.00,0.03,0,0
vda,0.00,0.00,0.00,0,0
