vda,0.60,0.00,0.00,0,0
vda,1.60,0.00,0.01,0,0
vda,0.00,0.00,0.00,0,0
vda,19.80,0.00,0.10,0,0
vda,2.20,0.00,0.01,0,0
vda,0.00,0.00,0.00,0,0
vda,0.80,0.00,0.00,0,0
vda,210.80,2.53,0.00,12,0
vda,306.20,3.67,0.04,18,0
vda,31.80,0.33,0.02,1,0
vda,1.00,0.00,0.00,0,0
vda,100.20,1.15,0.05,5,0
vda,5.80,0.00,0.02,0,0
vda,18.20,0.09,0.01,0,0
vda,3.60,0.00,0.01,0,0
vda,3.80,0.01,0.01,0,0
vda,5.40,0.00,0.03,0,0
vda,0.60,0.00,0.01,0,0
vda,8.60,0.01,0.04,0,0
vda,3.40,0.03,0.00,0,0
vda,11.20,0.00,0.05,0,0
vda,2.00,0.00,0.01,0,0
vda,0.00,0.00,0.00,0,0
vda,3.60,0.00,0.02,0,0
vda,1.80,0.00,0.01,0,0
vda,0.00,0.00,0.00,0,0
