vda,0.00,0.00,0.00,0,0
vda,142.40,0.00,0.58,0,2
vda,3.60,0.00,0.01,0,0
vda,5.00,0.00,0.02,0,0
vda,130.40,0.00,0.53,0,2
vda,0.20,0.00,0.00,0,0
vda,5.00,0.00,0.02,0,0
vda,192.60,0.00,0.77,0,3
vda,1.80,0.00,0.01,0,0
vda,10.80,0.00,0.24,0,1
vda,3.20,0.00,0.01,0,0
vda,7.20,0.00,0.03,0,0
vda,144.00,0.00,0.59,0,2
vda,6.00,0.00,0.02,0,0
vda,5.60,0.00,0.02,0,0
vda,13.80,4.78,0.00,23,0
vda,156.00,6.23,0.62,31,3
vda,5.80,0.00,0.02,0,0
vda,8.00,0.00,0.03,0,0
vda,5.40,0.00,0.02,0,0
vda,207.00,0.00,0.97,0,4
vda,8.60,0.00,0.23,0,1
vda,5.20,0.00,0.02,0,0
vda,8.80,0.00,0.03,0,0
vda,145.80,0.00,0.66,0,3
vda,1.60,0.00,0.01,0,0
vda,5.00,0.00,0.02,0,0
vda,0.00,0.00,0.00,0,0
vda,1.40,0.00,0.01,0,0
vda,2.20,0.00,0.01,0,0
vda,7.00,0.00,0.03,0,0
