vda,1.20,0.00,0.01,0,0
vda,25.80,0.00,0.11,0,0
vda,1.60,0.00,0.01,0,0
vda,0.80,0.00,0.00,0,0
vda,2.00,0.00,0.01,0,0
vda,1.40,0.00,0.01,0,0
vda,2.00,0.00,0.01,0,0
vda,371.40,4.46,0.05,22,0
vda,158.00,1.77,0.02,8,0
vda,303.40,9.66,0.04,48,0
vda,113.00,8.99,0.02,44,0
vda,51.00,3.75,0.01,18,0
vda,109.20,0.88,0.01,4,0
vda,5.60,0.03,0.02,0,0
vda,9.20,0.00,0.04,0,0
vda,1.00,0.00,0.01,0,0
vda,12.20,0.00,0.13,0,0
vda,8.80,0.00,0.03,0,0
vda,3.60,0.00,0.01,0,0
vda,3.20,0.00,0.01,0,0
vda,3.60,0.00,0.01,0,0
vda,4.80,0.00,0.02,0,0
vda,8.20,0.09,0.84,0,4
vda,13.40,0.00,0.06,0,0
vda,0.00,0.00,0.00,0,0
vda,0.60,0.00,0.00,0,0
vda,0.00,0.00,0.00,0,0
vda,3.60,0.00,0.02,0,0
vda,1.20,0.00,0.00,0,0
vda,0.20,0.00,0.00,0,0
vda,4.20,0.00,0.02,0,0
vda,1.00,0.00,0.00,0,0
vda,1.40,0.00,0.01,0,0
vda,18.60,0.00,0.08,0,0
vda,1.20,0.00,0.00,0,0
vda,0.80,0.00,0.00,0,0
vda,1.40,0.00,0.01,0,0
