vda,0.60,0.00,0.00,0,0
vda,23.20,0.00,0.10,0,0
vda,2.80,0.00,0.01,0,0
vda,33.00,0.34,0.02,1,0
vda,2.20,0.00,0.01,0,0
vda,9.80,0.00,0.04,0,0
vda,2.40,0.00,0.01,0,0
vda,2.20,0.00,0.01,0,0
vda,2.00,0.00,0.01,0,0
vda,1.80,0.00,0.01,0,0
vda,1.80,0.00,0.01,0,0
vda,2.60,0.00,0.01,0,0
vda,376.80,4.52,0.03,22,0
vda,385.23,5.04,0.08,25,0
vda,134.40,1.41,0.02,7,0
vda,13.20,0.17,0.01,0,0
vda,139.40,1.16,0.10,5,0
vda,0.00,0.00,0.00,0,0
vda,26.20,0.09,0.04,0,0
vda,21.40,0.00,2.52,0,12
vda,8.40,0.00,0.03,0,0
vda,16.20,0.00,0.06,0,0
vda,6.80,0.09,0.03,0,0
vda,4.40,0.00,0.02,0,0
vda,0.00,0.00,0.00,0,0
vda,16.80,0.00,0.10,0,0
vda,2.60,0.00,0.01,0,0
vda,2.00,0.00,0.01,0,0
vda,2.00,0.00,0.01,0,0
vda,13.60,0.00,0.06,0,0
vda,2.40,0.00,0.01,0,0
vda,8.20,0.00,0.04,0,0
