2255948.0,1178348.0,26772.0
1162242.4,1178879.2,26893.6
888816.0,1179012.0,26924.0
888816.0,1179012.0,26924.0
711446.13333,1179012.0,26959.2
646948.0,1179012.0,26972.0
646948.0,1179012.0,26972.0
660976.8,1226314.4,27029.6
664484.0,1238140.0,27044.0
494822.93333,1287780.8,27090.933333
433128.0,1305832.0,27108.0
433128.0,1305832.0,27108.0
461508.0,1256246.9333,27152.0
471828.0,1238216.0,27168.0
471828.0,1238216.0,27168.0
432418.66667,1287915.4667,27209.066667
418088.0,1305988.0,27224.0
362912.0,1349398.4,27270.933333
342848.0,1365184.0,27288.0
342848.0,1365184.0,27288.0
423548.8,1284064.0,27326.4
443724.0,1263784.0,27336.0
443724.0,1263784.0,27336.0
1771641.0667,1201503.4667,27380.0
2254520.0,1178856.0,27396.0
