vda,4.20,0.06,0.01,0,0
vda,2.79,0.00,0.01,0,0
vda,0.80,0.00,0.01,0,0
vda,0.80,0.00,0.00,0,0
vda,0.00,0.00,0.00,0,0
vda,0.80,0.00,0.00,0,0
vda,15.80,0.00,0.08,0,0
vda,8.20,0.23,0.00,1,0
vda,37.00,4.51,0.05,22,0
vda,68.00,11.47,0.01,57,0
vda,67.80,25.60,0.01,128,0
vda,29.60,9.77,0.00,48,0
vda,59.00,18.61,0.01,93,0
vda,55.60,20.10,0.01,100,0
vda,87.60,20.05,0.09,100,0
vda,105.00,18.74,0.10,93,0
vda,3.20,0.00,0.01,0,0
vda,3.00,0.00,0.01,0,0
vda,4.00,0.00,0.02,0,0
vda,0.00,0.00,0.00,0,0
vda,4.00,0.00,0.02,0,0
vda,4.20,0.00,0.02,0,0
vda,3.60,0.00,0.03,0,0
vda,15.00,0.00,4.85,0,24
vda,10.60,0.00,10.38,0,51
vda,3.60,0.00,0.01,0,0
vda,4.40,0.00,0.02,0,0
vda,1.00,0.00,0.00,0,0
vda,0.00,0.00,0.00,0,0
vda,8.80,0.00,0.04,0,0
vda,10.60,0.00,5.07,0,25
vda,6.80,0.00,5.25,0,26
vda,10.80,0.00,0.04,0,0
vda,0.00,0.00,0.00,0,0
vda,2.60,0.00,0.01,0,0
vda,6.60,0.01,0.03,0,0
vda,21.60,0.00,4.89,0,24
vda,8.60,0.00,10.38,0,51
vda,3.40,0.00,0.01,0,0
vda,2.60,0.00,0.01,0,0
vda,3.40,0.00,0.01,0,0
vda,0.60,0.00,0.00,0,0
vda,1.00,0.00,0.01,0,0
vda,8.00,0.00,2.55,0,12
vda,4.80,0.01,2.54,0,12
vda,6.80,0.00,5.26,0,26
vda,6.00,0.00,5.19,0,25
vda,0.00,0.00,0.00,0,0
vda,3.60,0.00,0.02,0,0
vda,19.40,0.00,6.47,0,32
vda,6.00,0.00,6.42,0,32
vda,9.00,0.00,7.45,0,37
vda,0.00,0.00,0.00,0,0
vda,3.20,0.00,0.01,0,0
vda,0.00,0.00,0.00,0,0
vda,3.40,0.00,0.02,0,0
vda,10.00,0.00,2.68,0,13
vda,12.80,0.00,0.05,0,0
vda,0.20,0.00,0.00,0,0
vda,2.60,0.00,0.01,0,0
vda,17.00,0.00,3.29,0,16
vda,9.20,0.00,4.19,0,20
vda,6.00,0.00,2.83,0,14
vda,2.60,0.00,0.01,0,0
vda,13.60,0.00,4.05,0,20
vda,12.00,0.00,1.65,0,8
vda,11.00,0.00,14.86,0,74
vda,0.20,0.00,0.00,0,0
vda,0.80,0.00,0.00,0,0
vda,1.60,0.00,0.01,0,0
vda,2.20,0.00,0.02,0,0
vda,5.80,0.00,0.02,0,0
vda,0.60,0.01,0.00,0,0
vda,16.80,0.00,4.07,0,20
vda,10.00,0.00,11.20,0,56
vda,3.80,0.00,0.01,0,0
vda,3.00,0.00,0.01,0,0
vda,3.00,0.00,0.01,0,0
vda,0.00,0.00,0.00,0,0
vda,1.60,0.00,0.01,0,0
vda,9.20,0.00,5.08,0,25
vda,11.00,0.00,0.04,0,0
vda,0.00,0.00,0.00,0,0
vda,3.80,0.00,0.02,0,0
vda,0.20,0.00,0.00,0,0
vda,21.60,0.00,3.30,0,16
vda,10.80,0.00,7.01,0,35
vda,3.20,0.00,0.01,0,0
vda,2.00,0.00,0.01,0,0
vda,0.00,0.00,0.00,0,0
vda,10.60,0.00,6.43,0,32
vda,12.00,0.00,14.07,0,70
vda,1.80,0.00,0.01,0,0
vda,0.00,0.00,0.00,0,0
vda,3.00,0.00,0.01,0,0
vda,8.20,0.00,0.03,0,0
vda,1.60,0.00,0.01,0,0
vda,7.40,0.00,0.04,0,0
vda,2.80,0.00,0.01,0,0
vda,10.20,0.00,9.64,0,48
vda,6.00,0.00,5.60,0,27
vda,2.80,0.00,0.01,0,0
vda,0.00,0.00,0.00,0,0
vda,3.00,0.00,0.01,0,0
vda,2.20,0.01,0.01,0,0
vda,5.20,0.00,0.83,0,4
vda,14.80,0.00,14.70,0,73
vda,2.40,0.00,0.01,0,0
vda,1.00,0.00,0.00,0,0
vda,2.80,0.00,0.01,0,0
vda,2.60,0.00,0.01,0,0
vda,4.40,0.00,0.02,0,0
vda,14.20,0.00,6.05,0,30
vda,13.60,0.00,10.40,0,51
vda,3.60,0.00,0.01,0,0
vda,3.40,0.00,0.01,0,0
vda,11.20,0.00,0.04,0,0
vda,1.20,0.00,0.00,0,0
vda,4.60,0.00,3.84,0,19
vda,3.60,0.04,0.01,0,0
vda,12.40,0.00,5.30,0,26
vda,6.20,0.00,5.18,0,25
vda,11.00,0.00,0.05,0,0
vda,3.80,0.01,0.01,0,0
vda,24.80,0.00,6.01,0,30
vda,15.80,0.00,12.11,0,60
vda,3.20,0.00,0.01,0,0
vda,0.00,0.00,0.00,0,0
vda,2.80,0.00,0.01,0,0
vda,0.80,0.00,0.00,0,0
vda,3.20,0.00,2.21,0,11
vda,5.80,0.00,0.03,0,0
vda,4.80,0.00,5.26,0,26
vda,5.00,0.00,5.18,0,25
vda,4.80,0.00,0.02,0,0
vda,0.00,0.00,0.00,0,0
vda,3.80,0.00,0.02,0,0
vda,17.40,0.00,6.47,0,32
vda,9.00,0.00,13.84,0,69
vda,3.20,0.00,0.01,0,0
vda,2.80,0.00,0.01,0,0
vda,0.00,0.00,0.00,0,0
vda,0.60,0.00,0.00,0,0
vda,1.60,0.00,0.01,0,0
vda,2.40,0.00,0.01,0,0
vda,19.60,0.00,5.34,0,26
vda,2.20,0.00,5.17,0,25
vda,2.00,0.00,0.01,0,0
vda,0.00,0.00,0.00,0,0
vda,1.60,0.00,0.01,0,0
vda,1.60,0.00,0.01,0,0
vda,6.20,0.00,0.03,0,0
vda,3.20,0.00,0.02,0,0
vda,0.00,0.00,0.00,0,0
vda,0.60,0.00,0.00,0,0
vda,3.20,0.01,0.02,0,0
vda,1.20,0.00,0.00,0,0
vda,0.00,0.00,0.00,0,0
vda,7.20,0.00,0.03,0,0
vda,0.60,0.00,0.00,0,0
vda,4.20,0.00,0.03,0,0
vda,7.20,0.00,0.03,0,0
vda,0.80,0.00,0.00,0,0
vda,0.60,0.00,0.00,0,0
vda,5.20,0.01,0.02,0,0
vda,1.20,0.00,0.00,0,0
vda,0.00,0.00,0.00,0,0
