3149652.0,292192.0,3640.0
2523211.2,321594.4,3817.6
2105584.0,341196.0,3936.0
2105584.0,341196.0,3936.0
1144686.4,708163.2,4298.4
504088.0,952808.0,4540.0
504088.0,952808.0,4540.0
241651.46667,946724.26667,4481.3333333
146220.0,944512.0,4460.0
273230.4,848979.2,4515.7333333
319416.0,814240.0,4536.0
319416.0,814240.0,4536.0
213544.0,918949.33333,4584.0
160608.0,971304.0,4608.0
160608.0,971304.0,4608.0
130432.0,994480.0,4637.3333333
115344.0,1006068.0,4652.0
369445.33333,731849.33333,4697.3333333
496496.0,594740.0,4720.0
496496.0,594740.0,4720.0
405848.0,688952.0,4763.2
345416.0,751760.0,4792.0
345416.0,751760.0,4792.0
307112.0,783176.0,4825.6
281576.0,804120.0,4848.0
204257.6,866956.8,4884.0
152712.0,908848.0,4908.0
152712.0,908848.0,4908.0
272306.4,798820.0,4941.6
352036.0,725468.0,4964.0
314418.4,756848.0,5002.4
289340.0,777768.0,5028.0
289340.0,777768.0,5028.0
207869.6,856492.8,5061.6
153556.0,908976.0,5084.0
153556.0,908976.0,5084.0
144107.46667,857191.46667,5113.8666667
135840.0,811880.0,5140.0
291413.33333,658706.66667,5174.1333333
427540.0,524680.0,5204.0
427540.0,524680.0,5204.0
343237.06667,608406.93333,5240.2666667
269472.0,681668.0,5272.0
269472.0,681668.0,5272.0
226845.86667,723148.53333,5301.8666667
189548.0,759444.0,5328.0
300347.73333,649932.26667,5348.5333333
426976.0,524776.0,5372.0
426976.0,524776.0,5372.0
426393.6,524780.26667,5399.7333333
425884.0,524784.0,5424.0
425884.0,524784.0,5424.0
1835686.6667,440944.0,5451.7333333
