vda,25.80,0.00,0.12,0,0
vda,3.60,0.00,0.01,0,0
vda,2.00,0.00,0.01,0,0
vda,0.00,0.00,0.00,0,0
vda,1.80,0.00,0.01,0,0
vda,1.80,0.00,0.01,0,0
vda,2.60,0.00,0.01,0,0
vda,3.80,0.00,0.01,0,0
vda,6.19,0.00,0.03,0,0
vda,8.80,0.00,0.04,0,0
vda,2.80,0.00,0.01,0,0
vda,2.20,0.00,0.01,0,0
vda,369.60,4.51,0.02,22,0
vda,372.60,5.01,0.02,25,0
vda,160.00,5.88,0.02,29,0
vda,143.60,1.32,0.03,6,0
vda,21.80,0.09,0.09,0,0
vda,5.60,0.00,0.02,0,0
vda,1.80,0.00,0.01,0,0
vda,2.40,0.00,0.01,0,0
vda,2.20,0.00,0.01,0,0
vda,2.80,0.00,0.01,0,0
vda,7.60,0.00,0.06,0,0
vda,0.20,0.00,0.00,0,0
vda,9.00,0.00,0.04,0,0
vda,1.80,0.00,0.01,0,0
