vda,1.20,0.00,0.01,0,0
vda,25.60,0.00,0.12,0,0
vda,1.00,0.00,0.00,0,0
vda,0.00,0.00,0.00,0,0
vda,0.60,0.00,0.00,0,0
vda,28.60,0.24,0.01,1,0
vda,2.80,0.00,0.01,0,0
vda,0.00,0.00,0.00,0,0
vda,0.80,0.00,0.00,0,0
vda,1.60,0.00,0.01,0,0
vda,0.60,0.00,0.00,0,0
vda,7.20,0.00,0.03,0,0
vda,275.00,3.45,0.01,17,0
vda,318.60,3.82,0.01,19,0
vda,303.60,5.60,0.03,28,0
vda,147.11,3.05,0.02,15,0
vda,21.40,0.04,0.07,0,0
vda,7.80,0.09,0.04,0,0
vda,0.60,0.00,0.01,0,0
vda,1.80,0.00,0.01,0,0
vda,1.20,0.00,0.00,0,0
vda,8.40,0.00,0.03,0,0
vda,0.00,0.00,0.00,0,0
vda,6.80,0.00,0.04,0,0
vda,2.60,0.00,0.01,0,0
vda,1.40,0.00,0.01,0,0
