vda,32.80,0.34,0.02,1,0
vda,28.60,0.00,0.12,0,0
vda,0.00,0.00,0.00,0,0
vda,2.00,0.00,0.01,0,0
vda,1.80,0.00,0.01,0,0
vda,0.00,0.00,0.00,0,0
vda,2.40,0.00,0.01,0,0
vda,2.60,0.00,0.01,0,0
vda,3.40,0.00,0.01,0,0
vda,3.00,0.00,0.01,0,0
vda,2.20,0.00,0.01,0,0
vda,0.00,0.00,0.00,0,0
vda,374.40,4.59,0.01,22,0
vda,371.80,4.94,0.02,24,0
vda,158.60,4.27,0.02,21,0
vda,16.40,0.16,0.03,0,0
vda,139.40,1.14,0.05,5,0
vda,6.00,0.03,0.02,0,0
vda,7.00,0.00,0.03,0,0
vda,6.20,0.00,0.04,0,0
vda,12.40,0.00,0.10,0,0
vda,8.00,0.00,0.03,0,0
vda,9.20,0.00,0.07,0,0
vda,5.40,0.00,0.02,0,0
vda,5.60,0.00,0.02,0,0
vda,13.00,0.00,0.06,0,0
vda,8.40,0.09,0.04,0,0
vda,2.20,0.00,0.01,0,0
vda,1.80,0.00,0.01,0,0
vda,6.40,0.00,0.03,0,0
vda,2.40,0.00,0.01,0,0
vda,0.40,0.00,0.00,0,0
vda,2.20,0.00,0.01,0,0
vda,2.00,0.00,0.01,0,0
vda,2.40,0.00,0.01,0,0
