941588.0,2488009.6,20260.266667
936956.0,2488384.0,20264.0
936956.0,2488384.0,20264.0
189860.0,1855475.7333,20529.066667
136496.0,1810268.0,20548.0
136496.0,1810268.0,20548.0
109653.33333,1055925.6,20648.8
107736.0,1002044.0,20656.0
113303.46667,401367.73333,5506.6666667
114160.0,308956.0,3176.0
114160.0,308956.0,3176.0
132415.46667,288266.93333,624.53333333
135224.0,285084.0,232.0
135224.0,285084.0,232.0
127118.4,208869.6,1000.0
125092.0,189816.0,1192.0
260506.4,58862.4,1313.6
294360.0,26124.0,1344.0
294360.0,26124.0,1344.0
184298.66667,130273.33333,1242.6666667
129268.0,182348.0,1192.0
129268.0,182348.0,1192.0
187894.66667,108510.66667,818.66666667
217208.0,71592.0,632.0
143764.8,181281.6,488.0
125404.0,208704.0,452.0
125404.0,208704.0,452.0
125944.8,206409.06667,1277.0666667
126028.0,206056.0,1404.0
126028.0,206056.0,1404.0
270262.13333,43632.266667,1469.8666667
292452.0,18644.0,1480.0
3342454.6667,29448.266667,1969.0666667
