vda,1.20,0.00,0.01,0,0
vda,29.20,0.00,0.13,0,0
vda,2.00,0.00,0.01,0,0
vda,2.00,0.00,0.01,0,0
vda,1.60,0.00,0.01,0,0
vda,1.80,0.00,0.01,0,0
vda,4.40,0.00,0.02,0,0
vda,2.20,0.00,0.01,0,0
vda,12.00,0.00,0.05,0,0
vda,2.00,0.00,0.01,0,0
vda,2.00,0.00,0.01,0,0
vda,1.60,0.00,0.01,0,0
vda,284.60,3.49,0.02,17,0
vda,398.40,4.52,0.02,22,0
vda,207.40,3.03,0.02,15,0
vda,143.00,1.32,0.03,6,0
vda,10.80,0.00,0.04,0,0
vda,12.40,0.00,0.05,0,0
vda,6.60,0.00,0.03,0,0
vda,8.40,0.09,0.04,0,0
vda,15.80,0.00,0.10,0,0
vda,2.00,0.00,0.01,0,0
vda,1.80,0.00,0.01,0,0
vda,0.20,0.00,0.00,0,0
vda,4.40,0.00,0.02,0,0
vda,4.80,0.00,0.02,0,0
vda,13.80,0.00,0.06,0,0
vda,2.60,0.00,0.01,0,0
