vda,2.60,0.00,0.01,0,0
vda,2.20,0.00,0.01,0,0
vda,19.40,0.00,0.10,0,0
vda,1.00,0.00,0.00,0,0
vda,2.60,0.00,0.01,0,0
vda,4.00,0.00,0.02,0,0
vda,1.00,0.00,0.00,0,0
vda,12.60,0.22,0.04,1,0
vda,60.80,14.98,0.10,74,0
vda,29.60,8.45,0.03,42,0
vda,3.20,0.80,0.00,4,0
vda,34.40,12.80,0.01,64,0
vda,28.40,11.20,0.00,56,0
vda,8.60,2.40,0.01,12,0
vda,3.00,0.00,0.02,0,0
vda,12.00,0.00,0.06,0,0
vda,3.00,0.00,0.01,0,0
vda,3.60,0.00,0.01,0,0
vda,7.60,0.00,0.03,0,0
vda,3.80,0.00,0.01,0,0
vda,5.60,0.00,0.03,0,0
vda,5.60,0.00,0.02,0,0
vda,14.40,0.00,0.06,0,0
vda,0.00,0.00,0.00,0,0
vda,12.40,0.00,0.05,0,0
vda,4.20,0.00,0.02,0,0
vda,23.80,0.00,16.72,0,83
vda,9.40,0.00,0.04,0,0
vda,5.80,0.00,0.02,0,0
vda,4.20,0.00,0.02,0,0
vda,4.40,0.00,0.02,0,0
vda,5.20,0.00,0.02,0,0
vda,5.80,0.00,0.04,0,0
vda,15.80,0.00,2.85,0,14
vda,30.20,0.00,22.17,0,110
vda,7.40,0.00,0.03,0,0
vda,9.60,0.00,0.04,0,0
vda,3.80,0.00,0.01,0,0
vda,5.00,0.00,0.02,0,0
vda,3.80,0.00,0.01,0,0
vda,26.80,0.00,16.89,0,84
vda,3.60,0.00,0.01,0,0
vda,5.80,0.00,0.02,0,0
vda,12.20,0.00,0.05,0,0
vda,16.40,0.00,0.07,0,0
vda,6.40,0.00,0.03,0,0
vda,0.60,0.00,0.01,0,0
vda,15.80,0.00,0.12,0,0
vda,1.40,0.00,0.01,0,0
vda,0.00,0.00,0.00,0,0
vda,9.00,0.00,0.04,0,0
vda,1.00,0.00,0.00,0,0
vda,0.00,0.00,0.00,0,0
vda,2.20,0.00,0.01,0,0
