1844824.0,1496208.0,31464.0
855982.4,1498025.6,31518.4
608772.0,1498480.0,31532.0
608772.0,1498480.0,31532.0
246121.06667,1529189.0667,31561.333333
114248.0,1540356.0,31572.0
183630.13333,1517745.8667,31604.266667
208860.0,1509524.0,31616.0
208860.0,1509524.0,31616.0
162220.0,1509556.0,31628.8
150560.0,1509564.0,31632.0
150560.0,1509564.0,31632.0
113859.2,1540402.4,31667.2
104684.0,1548112.0,31676.0
104684.0,1548112.0,31676.0
190511.2,1458217.6,31708.0
211968.0,1435744.0,31716.0
156910.4,1485868.5333,31743.733333
148440.0,1493580.0,31748.0
148440.0,1493580.0,31748.0
132424.0,1504427.2,31761.866667
129960.0,1506096.0,31764.0
129960.0,1506096.0,31764.0
138259.2,1493331.7333,31797.6
138852.0,1492420.0,31800.0
207948.0,1415372.0,31848.0
207948.0,1415372.0,31848.0
1184965.6,1353590.6667,31865.066667
1184965.6,1353590.6667,31865.066667
2039856.0,1299532.0,31880.0
