vda,20.60,0.00,0.09,0,0
vda,0.00,0.00,0.00,0,0
vda,0.80,0.00,0.00,0,0
vda,0.80,0.00,0.00,0,0
vda,0.00,0.00,0.00,0,0
vda,0.60,0.00,0.00,0,0
vda,0.80,0.00,0.01,0,0
vda,351.00,4.28,0.01,21,0
vda,318.40,3.73,0.01,18,0
vda,281.60,13.83,0.15,69,0
vda,118.60,3.90,0.01,19,0
vda,41.20,0.29,0.03,1,0
vda,7.40,0.09,0.04,0,0
vda,13.40,0.00,0.07,0,0
vda,1.20,0.00,0.00,0,0
vda,1.40,0.00,0.01,0,0
vda,1.00,0.00,0.00,0,0
vda,0.80,0.00,0.00,0,0
vda,0.00,0.00,0.00,0,0
vda,0.60,0.00,0.00,0,0
vda,10.20,0.00,0.05,0,0
vda,2.80,0.00,0.01,0,0
vda,1.40,0.00,0.01,0,0
vda,0.00,0.00,0.00,0,0
vda,0.60,0.00,0.00,0,0
vda,0.00,0.00,0.00,0,0
