vda,25.80,0.00,0.11,0,0
vda,3.40,0.00,0.01,0,0
vda,1.80,0.00,0.01,0,0
vda,0.00,0.00,0.00,0,0
vda,1.80,0.00,0.01,0,0
vda,3.20,0.00,0.01,0,0
vda,2.80,0.00,0.01,0,0
vda,12.20,0.00,0.06,0,0
vda,2.60,0.00,0.01,0,0
vda,2.20,0.00,0.01,0,0
vda,2.00,0.00,0.01,0,0
vda,1.80,0.00,0.01,0,0
vda,356.00,4.35,0.02,21,0
vda,415.60,5.46,0.03,27,0
vda,159.80,12.36,0.03,61,0
vda,4.00,0.01,0.01,0,0
vda,139.40,1.28,0.02,6,0
vda,6.00,0.01,0.02,0,0
vda,5.60,0.03,0.03,0,0
vda,11.00,0.00,0.10,0,0
vda,0.20,0.00,0.00,0,0
vda,34.20,0.09,0.11,0,0
vda,5.20,0.00,0.02,0,0
vda,4.60,0.00,0.02,0,0
vda,5.60,0.00,0.03,0,0
vda,2.40,0.00,0.01,0,0
vda,7.60,0.00,1.35,0,6
vda,10.00,0.01,0.04,0,0
vda,15.00,0.00,0.06,0,0
vda,9.20,0.00,0.05,0,0
vda,4.40,0.00,0.02,0,0
vda,5.60,0.00,0.03,0,0
vda,1.80,0.00,1.35,0,6
vda,5.80,0.00,1.36,0,6
vda,10.80,0.00,0.04,0,0
vda,3.20,0.00,0.01,0,0
vda,7.80,0.00,0.04,0,0
vda,6.00,0.00,0.03,0,0
vda,3.60,0.00,0.02,0,0
vda,7.80,0.08,0.03,0,0
vda,15.00,0.00,0.07,0,0
vda,3.00,0.00,0.01,0,0
vda,2.00,0.00,0.01,0,0
vda,4.80,0.00,0.02,0,0
vda,2.20,0.00,0.01,0,0
vda,11.00,0.00,0.05,0,0
vda,2.40,0.00,0.01,0,0
vda,2.00,0.00,0.01,0,0
