vda,0.22,0.00,0.00,0,0
vda,1.20,0.00,0.00,0,0
vda,0.00,0.00,0.00,0,0
vda,3.60,0.00,0.01,0,0
vda,1.60,0.00,0.01,0,0
vda,1.20,0.00,0.01,0,0
vda,15.00,0.00,0.08,0,0
vda,2.20,0.00,0.01,0,0
vda,26.60,7.40,0.02,37,0
vda,28.20,10.03,0.01,50,0
vda,34.80,10.45,0.04,52,0
vda,34.40,12.20,0.01,60,0
vda,60.00,23.00,0.00,114,0
vda,169.60,22.82,0.02,114,0
vda,116.80,7.36,0.07,36,0
vda,147.00,9.27,0.02,46,0
vda,188.80,12.09,0.01,60,0
vda,4.80,0.00,0.03,0,0
vda,3.40,0.00,0.01,0,0
vda,8.60,0.00,0.04,0,0
vda,3.80,0.00,0.02,0,0
vda,11.20,0.00,4.85,0,24
vda,8.60,0.00,8.97,0,44
vda,8.40,0.01,0.03,0,0
vda,3.60,0.00,0.01,0,0
vda,14.37,0.00,6.12,0,30
vda,9.00,0.00,9.75,0,48
vda,2.40,0.00,0.01,0,0
vda,11.60,0.00,0.05,0,0
vda,2.20,0.00,0.01,0,0
vda,0.20,0.00,0.00,0,0
vda,16.40,0.00,4.88,0,24
vda,10.80,0.00,8.98,0,44
vda,8.80,0.02,0.02,0,0
vda,18.80,0.00,4.87,0,24
vda,2.60,0.00,3.83,0,19
vda,7.00,0.00,8.89,0,44
vda,0.80,0.00,0.00,0,0
vda,4.40,0.00,0.02,0,0
vda,0.00,0.00,0.00,0,0
vda,11.20,0.00,5.98,0,29
vda,8.80,0.00,10.36,0,51
vda,3.60,0.00,0.01,0,0
vda,3.80,0.00,0.01,0,0
vda,3.00,0.01,0.01,0,0
vda,20.20,0.00,5.68,0,28
vda,10.40,0.00,9.41,0,47
vda,4.00,0.00,0.02,0,0
vda,0.00,0.00,0.00,0,0
vda,11.80,0.00,4.04,0,20
vda,23.00,0.00,14.08,0,70
vda,3.80,0.00,0.01,0,0
vda,3.20,0.00,0.01,0,0
vda,3.00,0.00,0.01,0,0
vda,2.40,0.00,0.01,0,0
vda,12.00,0.00,0.05,0,0
vda,6.60,0.00,4.44,0,22
vda,24.80,0.00,6.49,0,32
vda,16.40,0.00,11.56,0,57
vda,3.80,0.00,0.01,0,0
vda,10.80,0.00,6.34,0,31
vda,10.80,0.00,9.92,0,49
vda,4.00,0.00,0.02,0,0
vda,0.00,0.00,0.00,0,0
vda,3.60,0.01,0.01,0,0
vda,5.00,0.01,0.02,0,0
vda,19.60,0.00,5.68,0,28
vda,8.60,0.00,9.49,0,47
vda,0.20,0.00,0.00,0,0
vda,3.00,0.00,0.01,0,0
vda,10.80,0.00,5.65,0,28
vda,7.40,0.00,9.92,0,49
vda,4.00,0.00,0.02,0,0
vda,2.80,0.05,0.00,0,0
vda,27.20,0.11,5.68,0,28
vda,17.60,0.00,10.19,0,50
vda,4.80,0.00,0.02,0,0
vda,0.00,0.00,0.00,0,0
vda,18.40,0.00,6.45,0,32
vda,22.80,0.00,11.37,0,56
vda,14.20,0.00,0.06,0,0
vda,0.00,0.00,0.00,0,0
vda,1.40,0.00,0.01,0,0
vda,8.00,0.11,0.02,0,0
vda,27.20,0.00,4.91,0,24
vda,18.60,0.00,8.74,0,43
vda,0.20,0.00,0.00,0,0
vda,14.40,0.00,5.65,0,28
vda,11.80,0.00,9.92,0,49
vda,2.80,0.00,0.01,0,0
vda,0.00,0.00,0.00,0,0
vda,1.40,0.00,0.01,0,0
vda,1.00,0.00,0.00,0,0
vda,13.80,0.01,5.65,0,28
vda,14.60,0.08,10.18,0,50
vda,4.40,0.00,0.02,0,0
vda,3.60,0.00,0.01,0,0
vda,14.80,0.00,6.46,0,32
vda,8.20,0.00,11.37,0,56
vda,3.40,0.00,0.01,0,0
vda,1.20,0.00,0.00,0,0
vda,0.20,0.00,0.00,0,0
vda,12.60,0.00,0.05,0,0
vda,7.80,0.00,0.04,0,0
vda,20.80,0.02,4.88,0,24
vda,23.20,0.10,8.98,0,44
vda,3.20,0.00,0.01,0,0
vda,23.60,0.00,6.47,0,32
vda,15.00,0.00,11.11,0,55
vda,0.20,0.00,0.00,0,0
vda,1.60,0.00,0.01,0,0
vda,1.40,0.00,0.00,0,0
vda,0.80,0.00,0.00,0,0
vda,1.20,0.00,0.02,0,0
vda,5.40,0.00,0.03,0,0
vda,1.80,0.00,0.01,0,0
vda,1.60,0.00,0.01,0,0
vda,1.00,0.00,0.00,0,0
vda,0.00,0.00,0.00,0,0
vda,1.40,0.00,0.01,0,0
vda,6.80,0.00,0.03,0,0
vda,0.80,0.00,0.00,0,0
vda,10.20,0.00,0.05,0,0
vda,0.80,0.00,0.00,0,0
vda,0.00,0.00,0.00,0,0
vda,7.80,0.07,0.02,0,0
vda,1.20,0.00,0.00,0,0
vda,0.00,0.00,0.00,0,0
vda,13.20,0.24,0.00,1,0
