vda,17.80,0.00,0.09,0,0
vda,3.60,0.00,0.01,0,0
vda,31.60,0.34,0.01,1,0
vda,2.00,0.00,0.01,0,0
vda,11.00,0.00,0.05,0,0
vda,2.60,0.00,0.01,0,0
vda,1.80,0.00,0.01,0,0
vda,2.20,0.00,0.01,0,0
vda,1.80,0.00,0.01,0,0
vda,1.80,0.00,0.01,0,0
vda,3.00,0.00,0.02,0,0
vda,12.80,0.00,0.05,0,0
vda,362.40,4.45,0.02,22,0
vda,411.60,5.21,0.08,26,0
vda,135.60,3.35,0.00,16,0
vda,142.20,1.32,0.02,6,0
vda,7.60,0.00,0.03,0,0
vda,15.20,0.09,0.07,0,0
vda,6.20,0.00,0.02,0,0
vda,10.40,0.00,0.08,0,0
vda,2.20,0.00,0.01,0,0
vda,5.20,0.00,0.02,0,0
vda,5.00,0.00,0.02,0,0
vda,10.20,0.00,0.05,0,0
vda,2.60,0.00,0.01,0,0
vda,2.20,0.00,0.01,0,0
vda,4.40,0.00,0.02,0,0
