vda,0.40,0.00,0.00,0,0
vda,2.40,0.00,0.01,0,0
vda,33.00,0.34,0.02,1,0
vda,3.00,0.00,0.02,0,0
vda,4.80,0.00,0.02,0,0
vda,0.00,0.00,0.00,0,0
vda,23.80,0.00,0.11,0,0
vda,2.80,0.00,0.01,0,0
vda,0.00,0.00,0.00,0,0
vda,2.40,0.00,0.01,0,0
vda,4.80,0.00,0.02,0,0
vda,4.40,0.00,0.02,0,0
vda,272.40,3.45,0.00,17,0
vda,331.60,3.91,0.02,19,0
vda,280.60,8.36,0.02,41,0
vda,75.40,4.21,0.02,21,0
vda,84.20,0.66,0.02,3,0
vda,23.20,0.09,0.10,0,0
vda,8.80,0.00,0.06,0,0
vda,2.60,0.00,0.01,0,0
vda,2.80,0.00,0.01,0,0
vda,3.00,0.00,0.02,0,0
vda,2.20,0.00,0.01,0,0
vda,29.40,0.09,0.07,0,0
vda,2.80,0.00,0.01,0,0
vda,2.00,0.00,0.01,0,0
vda,0.00,0.00,0.00,0,0
