1928240.2667,1434738.9333,28614.933333
1924716.0,1434804.0,28648.0
1924716.0,1434804.0,28648.0
751650.4,1447018.4,28692.8
458384.0,1450072.0,28704.0
354533.06667,1488732.2667,28759.466667
338556.0,1494680.0,28768.0
338556.0,1494680.0,28768.0
395806.66667,1494788.2667,28827.733333
399896.0,1494796.0,28832.0
399896.0,1494796.0,28832.0
220475.2,1546352.2667,28880.533333
192872.0,1554284.0,28888.0
244791.46667,1498877.6,28940.266667
248500.0,1494920.0,28944.0
248500.0,1494920.0,28944.0
197754.93333,1546472.8,28992.533333
189948.0,1554404.0,29000.0
189948.0,1554404.0,29000.0
1695060.2667,1451069.6,29045.066667
