vda,16.20,0.76,0.02,3,0
vda,24.40,1.13,0.22,5,1
vda,17.20,0.76,0.03,3,0
vda,40.20,1.13,0.11,5,0
vda,14.20,0.76,0.01,3,0
vda,88.80,1.13,0.28,5,1
vda,15.60,0.76,0.01,3,0
vda,27.00,1.13,0.04,5,0
vda,155.40,0.76,0.64,3,3
vda,17.60,1.13,0.00,5,0
vda,12.80,0.76,0.00,3,0
vda,14.60,1.16,0.01,5,0
vda,102.60,1.16,0.37,5,1
vda,26.40,1.13,0.23,5,1
vda,15.20,0.76,0.01,3,0
vda,21.80,1.13,0.02,5,0
vda,13.00,0.76,0.01,3,0
vda,31.20,1.87,0.01,9,0
vda,19.80,0.78,0.04,3,0
vda,43.80,1.13,0.11,5,0
vda,89.80,0.76,0.31,3,1
vda,15.80,0.76,0.02,3,0
vda,20.40,1.17,0.01,5,0
vda,16.00,0.76,0.02,3,0
vda,149.40,1.13,0.58,5,2
vda,19.20,0.76,0.23,3,1
vda,23.15,1.13,0.02,5,0
vda,13.20,0.76,0.01,3,0
vda,17.00,1.14,0.00,5,0
vda,13.20,0.76,0.01,3,0
vda,24.00,1.13,0.04,5,0
vda,31.80,0.76,0.08,3,0
vda,32.20,1.16,0.07,5,0
vda,117.80,0.76,0.42,3,2
vda,19.80,1.13,0.01,5,0
vda,12.00,0.76,0.00,3,0
vda,114.20,1.13,0.44,5,2
vda,16.00,0.38,0.24,1,1
vda,23.00,1.14,0.02,5,0
vda,14.20,0.76,0.01,3,0
vda,17.40,1.13,0.00,5,0
vda,99.20,0.76,0.36,3,1
vda,27.20,1.14,0.04,5,0
vda,13.80,0.76,0.01,3,0
vda,116.40,0.76,0.46,3,2
vda,23.20,1.13,0.02,5,0
vda,13.40,0.76,0.01,3,0
vda,21.80,1.13,0.02,5,0
vda,12.40,0.76,0.00,3,0
vda,25.40,1.14,0.23,5,1
vda,113.00,0.38,0.43,1,2
vda,33.80,1.13,0.08,5,0
vda,14.40,0.76,0.01,3,0
vda,22.60,1.13,0.02,5,0
vda,117.40,0.76,0.45,3,2
vda,22.80,1.13,0.02,5,0
vda,13.40,0.76,0.01,3,0
vda,140.80,1.13,0.52,5,2
vda,14.40,0.76,0.01,3,0
vda,18.60,1.14,0.00,5,0
vda,67.20,0.76,0.22,3,1
vda,26.40,1.13,0.23,5,1
vda,18.40,0.76,0.03,3,0
vda,20.40,1.13,0.01,5,0
vda,107.20,0.76,0.41,3,2
vda,22.00,1.13,0.02,5,0
vda,18.00,0.76,0.02,3,0
vda,104.40,0.76,0.40,3,1
vda,21.00,1.14,0.02,5,0
vda,15.60,0.76,0.02,3,0
vda,138.40,1.13,0.49,5,2
vda,14.80,0.76,0.01,3,0
vda,22.80,1.13,0.02,5,0
vda,20.60,0.76,0.23,3,1
vda,17.40,1.13,0.00,5,0
vda,17.60,0.76,0.02,3,0
vda,17.60,0.76,0.03,3,0
vda,82.00,0.76,0.28,3,1
vda,52.80,1.13,0.15,5,0
vda,12.60,0.76,0.00,3,0
vda,20.40,1.13,0.01,5,0
vda,145.40,0.77,0.57,3,2
vda,20.00,1.13,0.01,5,0
vda,11.80,0.76,0.00,3,0
vda,21.80,1.13,0.02,5,0
vda,12.80,0.76,0.00,3,0
vda,28.60,1.13,0.24,5,1
vda,20.00,0.76,0.04,3,0
vda,43.00,1.13,0.11,5,0
vda,81.40,0.76,0.27,3,1
vda,15.60,0.76,0.02,3,0
vda,18.60,1.13,0.04,5,0
vda,15.80,0.76,0.01,3,0
vda,154.00,1.13,0.55,5,2
vda,13.80,0.76,0.01,3,0
vda,20.80,1.13,0.01,5,0
vda,16.00,0.76,0.02,3,0
vda,19.40,1.13,0.01,5,0
vda,18.40,0.76,0.22,3,1
vda,26.00,1.13,0.04,5,0
vda,30.00,0.76,0.07,3,0
vda,95.21,1.14,0.34,5,1
vda,21.40,0.76,0.04,3,0
vda,17.60,1.14,0.00,5,0
vda,14.40,0.76,0.01,3,0
vda,25.40,1.13,0.03,5,0
vda,14.20,0.76,0.01,3,0
vda,16.00,0.76,0.02,3,0
vda,44.40,1.13,0.11,5,0
vda,13.20,0.76,0.01,3,0
vda,130.20,1.13,0.64,5,3
vda,21.40,0.76,0.09,3,0
vda,18.20,1.13,0.00,5,0
vda,14.00,0.76,0.01,3,0
vda,22.40,1.13,0.02,5,0
vda,42.40,0.76,0.13,3,0
vda,20.20,1.14,0.01,5,0
vda,32.40,0.76,0.09,3,0
vda,19.00,1.14,0.01,5,0
vda,149.60,0.76,0.54,3,2
vda,21.40,1.13,0.02,5,0
vda,15.20,0.76,0.05,3,0
vda,29.80,0.95,0.26,4,1
vda,34.40,0.94,0.09,4,0
vda,19.60,1.13,0.01,5,0
vda,102.20,0.76,0.39,3,1
vda,14.80,0.76,0.01,3,0
vda,14.80,0.76,0.01,3,0
vda,131.20,0.38,0.51,1,2
vda,18.00,0.76,0.02,3,0
vda,21.60,1.14,0.01,5,0
vda,20.80,0.76,0.04,3,0
vda,117.20,1.14,0.42,5,2
vda,15.40,0.76,0.01,3,0
vda,24.60,1.14,0.22,5,1
vda,17.80,0.76,0.02,3,0
vda,104.40,1.13,0.35,5,1
vda,11.80,0.76,0.00,3,0
vda,21.56,1.13,0.02,5,0
