vda,1.00,0.00,0.01,0,0
vda,24.40,0.00,0.11,0,0
vda,2.80,0.00,0.01,0,0
vda,29.00,0.27,0.01,1,0
vda,3.80,0.07,0.01,0,0
vda,2.00,0.00,0.01,0,0
vda,3.40,0.00,0.02,0,0
vda,2.20,0.00,0.01,0,0
vda,0.00,0.00,0.00,0,0
vda,4.60,0.00,0.02,0,0
vda,11.00,0.00,0.04,0,0
vda,0.00,0.00,0.00,0,0
vda,275.20,3.45,0.01,17,0
vda,370.80,4.22,0.02,21,0
vda,250.00,6.81,0.04,34,0
vda,144.60,3.35,0.01,16,0
vda,7.00,0.00,0.02,0,0
vda,27.20,0.09,0.12,0,0
vda,6.60,0.00,0.03,0,0
vda,2.80,0.00,0.01,0,0
vda,2.80,0.00,0.01,0,0
vda,1.80,0.00,0.01,0,0
vda,2.00,0.00,0.01,0,0
vda,1.80,0.00,0.01,0,0
vda,8.80,0.00,0.07,0,0
vda,2.00,0.00,0.01,0,0
vda,2.60,0.00,0.01,0,0
