vda,3.00,0.00,0.01,0,0
vda,1.60,0.00,0.01,0,0
vda,1.60,0.00,0.01,0,0
vda,5.80,0.00,0.02,0,0
vda,11.40,0.00,0.06,0,0
vda,111.80,0.00,0.44,0,2
vda,22.80,0.00,0.09,0,0
vda,3.40,0.00,0.01,0,0
vda,13.60,0.00,0.25,0,1
vda,2.40,0.00,0.01,0,0
vda,1.20,0.00,0.00,0,0
vda,3.00,0.00,0.01,0,0
vda,7.00,0.00,0.03,0,0
vda,16.00,0.00,0.07,0,0
vda,182.20,0.00,0.71,0,3
vda,7.60,0.62,0.02,3,0
vda,1.60,0.00,0.01,0,0
vda,13.60,0.00,0.06,0,0
vda,13.80,0.00,0.18,0,0
vda,1.80,0.00,0.01,0,0
vda,18.20,0.00,0.27,0,1
vda,27.80,0.00,0.11,0,0
vda,3.80,0.00,0.01,0,0
vda,242.20,0.00,0.96,0,4
vda,4.40,0.00,0.02,0,0
vda,15.80,0.00,0.22,0,1
vda,7.20,0.00,0.03,0,0
vda,1.20,0.00,0.00,0,0
vda,1.40,0.00,0.01,0,0
vda,22.00,0.00,0.09,0,0
vda,0.20,0.00,0.00,0,0
vda,3.60,0.00,0.01,0,0
vda,193.00,0.00,0.98,0,4
vda,2.20,0.00,0.01,0,0
