2666424.0,871204.0,26924.0
2666424.0,871204.0,26924.0
2666424.0,871204.0,26924.0
1496455.2,871484.8,27090.4
1316460.0,871528.0,27116.0
1311159.4667,876894.4,27164.533333
1310344.0,877720.0,27172.0
1310344.0,877720.0,27172.0
1382592.8,877723.46667,27220.533333
1393708.0,877724.0,27228.0
1393708.0,877724.0,27228.0
1165239.2,913157.06667,27287.733333
1148920.0,915688.0,27292.0
1056100.0,915698.4,27333.6
1041820.0,915700.0,27340.0
1041820.0,915700.0,27340.0
996508.0,916432.8,27384.8
985180.0,916616.0,27396.0
985180.0,916616.0,27396.0
985180.0,916616.0,27396.0
985180.0,916616.0,27396.0
912767.2,947992.0,27492.0
894664.0,955836.0,27516.0
894664.0,955836.0,27516.0
882680.0,955842.4,27554.4
879684.0,955844.0,27564.0
879684.0,955844.0,27564.0
827424.0,989924.8,27612.533333
819384.0,995168.0,27620.0
879131.2,932745.6,27664.8
894068.0,917140.0,27676.0
894068.0,917140.0,27676.0
815242.4,948589.6,27714.4
795536.0,956452.0,27724.0
795536.0,956452.0,27724.0
762665.06667,956458.93333,27779.466667
757608.0,956460.0,27788.0
721662.13333,990509.6,27829.6
716132.0,995748.0,27836.0
716132.0,995748.0,27836.0
803821.33333,944749.86667,27877.6
817312.0,936904.0,27884.0
817312.0,936904.0,27884.0
800598.4,952568.0,27922.4
796420.0,956484.0,27932.0
734439.46667,990564.8,27987.466667
724904.0,995808.0,27996.0
724904.0,995808.0,27996.0
723669.86667,995818.4,28037.6
723480.0,995820.0,28044.0
723480.0,995820.0,28044.0
706545.33333,1029900.8,28085.6
703940.0,1035144.0,28092.0
702577.6,1035137.0667,28140.533333
702368.0,1035136.0,28148.0
702368.0,1035136.0,28148.0
775996.8,961873.06667,28192.8
781256.0,956640.0,28196.0
781256.0,956640.0,28196.0
781256.0,956640.0,28196.0
781256.0,956640.0,28196.0
754566.13333,956653.86667,28286.133333
750460.0,956656.0,28300.0
750460.0,956656.0,28300.0
2274546.4,893504.0,28354.4
