vda,34.00,0.34,0.02,1,0
vda,2.00,0.00,0.01,0,0
vda,14.60,0.11,0.01,0,0
vda,2.60,0.00,0.01,0,0
vda,0.80,0.00,0.01,0,0
vda,4.40,0.00,0.02,0,0
vda,25.60,0.00,0.12,0,0
vda,2.80,0.00,0.01,0,0
vda,0.00,0.00,0.00,0,0
vda,4.60,0.00,0.02,0,0
vda,5.20,0.00,0.02,0,0
vda,11.20,0.00,0.05,0,0
vda,287.20,3.60,0.00,18,0
vda,424.60,5.51,0.02,27,0
vda,166.00,1.86,0.02,9,0
vda,139.60,1.29,0.01,6,0
vda,8.00,0.04,0.02,0,0
vda,13.40,0.00,0.06,0,0
vda,13.60,0.09,0.12,0,0
vda,6.20,0.00,0.02,0,0
vda,2.60,0.00,0.01,0,0
vda,6.60,0.00,0.04,0,0
vda,10.00,0.00,0.04,0,0
vda,0.00,0.00,0.00,0,0
vda,1.80,0.00,0.01,0,0
vda,2.00,0.00,0.01,0,0
vda,0.00,0.00,0.00,0,0
