vda,0.40,0.00,0.00,0,0
vda,2.40,0.00,0.01,0,0
vda,2.00,0.00,0.01,0,0
vda,2.80,0.00,0.01,0,0
vda,2.40,0.00,0.01,0,0
vda,2.00,0.00,0.01,0,0
vda,18.60,0.00,0.09,0,0
vda,433.40,5.38,0.02,26,0
vda,444.40,7.67,0.02,38,0
vda,13.60,0.88,0.02,4,0
vda,143.20,1.32,0.02,6,0
vda,18.00,0.00,0.07,0,0
vda,12.00,0.09,0.04,0,0
vda,13.40,0.00,0.07,0,0
vda,2.60,0.00,0.01,0,0
vda,7.00,0.00,0.08,0,0
vda,2.20,0.00,0.01,0,0
vda,2.40,0.00,0.01,0,0
vda,2.20,0.00,0.01,0,0
vda,2.00,0.00,0.01,0,0
vda,1.80,0.00,0.01,0,0
vda,2.60,0.00,0.01,0,0
vda,1.80,0.00,0.01,0,0
vda,9.00,0.00,0.04,0,0
vda,2.00,0.00,0.01,0,0
vda,1.80,0.00,0.01,0,0
vda,2.40,0.00,0.01,0,0
