vda,1.40,0.01,0.00,0,0
vda,4.60,0.00,0.02,0,0
vda,18.40,0.00,0.09,0,0
vda,1.00,0.00,0.00,0,0
vda,0.00,0.00,0.00,0,0
vda,1.40,0.00,0.01,0,0
vda,2.40,0.00,0.01,0,0
vda,403.00,7.04,0.09,35,0
vda,308.40,3.87,0.03,19,0
vda,211.40,20.12,0.00,100,0
vda,54.80,11.46,0.09,57,0
vda,64.80,23.33,0.01,116,0
vda,63.60,23.80,0.00,119,0
vda,58.20,21.00,0.01,105,0
vda,44.20,14.53,0.04,72,0
vda,60.00,21.75,0.01,108,0
vda,69.80,23.79,0.03,118,0
vda,72.00,25.83,0.01,129,0
vda,55.80,21.40,0.00,107,0
vda,57.40,20.21,0.01,101,0
vda,54.60,19.71,0.02,98,0
vda,58.40,20.14,0.04,100,0
vda,76.80,25.80,0.04,129,0
vda,65.80,25.40,0.00,127,0
vda,64.60,23.81,0.01,119,0
vda,63.80,22.43,0.02,112,0
vda,66.60,24.38,0.02,121,0
vda,61.60,23.00,0.01,115,0
vda,65.20,22.99,0.03,114,0
vda,61.60,22.55,0.01,112,0
vda,53.80,18.08,0.03,90,0
vda,64.40,24.62,0.00,123,0
vda,54.60,20.20,0.01,101,0
vda,60.40,22.60,0.01,112,0
vda,56.20,20.95,0.00,104,0
vda,66.60,23.47,0.01,117,0
vda,69.20,24.43,0.02,122,0
vda,51.20,19.15,0.00,95,0
vda,65.00,23.79,0.02,118,0
vda,62.20,23.20,0.01,115,0
vda,58.00,21.98,0.00,109,0
vda,72.00,24.61,0.03,123,0
vda,64.40,23.12,0.02,115,0
vda,65.80,23.75,0.00,118,0
vda,49.40,18.45,0.01,92,0
vda,63.40,23.80,0.01,119,0
vda,66.60,24.98,0.00,124,0
vda,65.80,20.66,0.04,103,0
vda,0.80,0.00,0.00,0,0
vda,14.40,0.16,0.02,0,0
vda,3.60,0.00,0.02,0,0
vda,0.00,0.00,0.00,0,0
vda,4.80,0.02,0.00,0,0
vda,131.80,1.11,0.01,5,0
vda,9.80,0.08,0.00,0,0
vda,3.00,0.00,0.01,0,0
vda,5.00,0.00,0.02,0,0
vda,32.00,0.11,21.06,0,105
vda,9.00,0.15,0.01,0,0
vda,3.40,0.00,0.01,0,0
vda,3.00,0.00,0.01,0,0
vda,29.80,0.00,21.35,0,106
vda,7.40,0.03,0.02,0,0
vda,4.00,0.00,0.02,0,0
vda,3.40,0.00,0.01,0,0
vda,3.20,0.00,0.01,0,0
vda,22.40,0.00,22.74,0,113
vda,1.00,0.02,0.00,0,0
vda,5.00,0.03,0.02,0,0
vda,3.00,0.00,0.01,0,0
vda,2.80,0.00,0.01,0,0
vda,31.80,0.00,22.05,0,110
vda,2.80,0.00,0.01,0,0
vda,2.60,0.00,0.01,0,0
vda,3.20,0.00,0.01,0,0
vda,0.00,0.00,0.00,0,0
vda,28.20,0.08,22.33,0,111
vda,0.00,0.00,0.00,0,0
vda,3.40,0.00,0.01,0,0
vda,2.40,0.00,0.01,0,0
vda,28.60,0.00,22.19,0,110
vda,4.60,0.00,0.02,0,0
vda,2.80,0.00,0.01,0,0
vda,2.60,0.00,0.01,0,0
vda,22.60,0.00,23.04,0,115
vda,6.20,0.04,0.02,0,0
vda,3.40,0.00,0.01,0,0
vda,4.40,0.00,0.02,0,0
vda,38.00,0.05,22.17,0,110
vda,32.20,0.52,0.03,2,0
vda,32.80,0.61,0.00,3,0
vda,20.80,0.37,0.00,1,0
vda,86.20,1.76,0.00,8,0
vda,148.40,3.00,0.00,15,0
vda,186.80,3.66,0.25,18,1
vda,135.80,2.64,4.27,13,21
vda,197.00,0.04,135.25,0,676
vda,96.00,1.82,0.05,9,0
vda,1.20,0.01,0.00,0,0
vda,40.60,0.00,18.09,0,90
vda,11.60,0.11,0.02,0,0
vda,3.80,0.00,0.01,0,0
vda,43.00,0.00,19.05,0,95
vda,0.40,0.00,0.00,0,0
vda,3.60,0.00,0.01,0,0
vda,40.20,0.00,18.41,0,92
vda,5.60,0.00,0.02,0,0
vda,26.40,0.38,0.02,1,0
vda,4.80,0.00,0.02,0,0
vda,28.40,0.01,10.86,0,54
vda,31.00,0.00,8.33,0,41
vda,0.20,0.00,0.00,0,0
vda,35.80,0.00,18.16,0,90
vda,5.00,0.00,0.02,0,0
vda,3.00,0.00,0.01,0,0
vda,2.80,0.00,0.01,0,0
vda,37.80,0.00,18.07,0,90
vda,6.40,0.00,0.02,0,0
vda,10.00,0.15,0.02,0,0
vda,39.60,0.00,13.14,0,65
vda,9.60,0.00,5.51,0,27
vda,3.40,0.00,0.01,0,0
vda,18.36,0.00,5.46,0,27
vda,28.60,0.00,13.58,0,67
vda,4.00,0.00,0.02,0,0
vda,16.00,0.00,5.38,0,26
vda,30.60,0.05,12.76,0,63
vda,3.80,0.00,0.01,0,0
vda,17.60,0.00,6.41,0,32
vda,242.20,4.29,8.55,21,42
vda,797.60,15.74,2.73,78,13
vda,568.80,11.09,0.01,55,0
vda,1039.00,20.89,0.00,104,0
vda,1085.60,22.22,0.00,111,0
vda,1389.20,28.04,0.00,140,0
vda,844.20,17.12,0.03,85,0
vda,9.00,0.00,4.30,0,21
vda,3.60,0.00,0.03,0,0
vda,3.40,0.00,0.01,0,0
vda,3.00,0.00,0.01,0,0
vda,41.60,0.00,16.43,0,82
vda,14.40,0.00,5.57,0,27
vda,4.20,0.00,0.02,0,0
vda,3.00,0.00,0.01,0,0
vda,45.60,0.00,19.63,0,98
vda,29.60,0.18,0.02,0,0
vda,3.60,0.00,0.01,0,0
vda,52.40,0.00,18.68,0,93
vda,5.40,0.00,0.02,0,0
vda,3.40,0.00,0.01,0,0
vda,3.20,0.00,0.01,0,0
vda,39.40,0.00,19.59,0,97
vda,4.80,0.00,0.02,0,0
vda,3.20,0.00,0.01,0,0
vda,41.00,0.00,18.46,0,92
vda,5.00,0.00,0.02,0,0
vda,5.80,0.09,0.01,0,0
vda,5.40,0.14,0.01,0,0
vda,45.40,0.00,14.30,0,71
vda,15.60,0.00,5.33,0,26
vda,4.20,0.00,0.02,0,0
vda,38.80,0.00,16.32,0,81
vda,10.00,0.00,2.70,0,13
vda,3.80,0.00,0.01,0,0
vda,3.40,0.00,0.01,0,0
vda,130.80,1.14,18.80,5,94
vda,53.00,1.31,0.11,6,0
vda,1.00,0.00,0.00,0,0
vda,0.00,0.00,0.00,0,0
vda,0.60,0.00,0.00,0,0
vda,0.00,0.00,0.00,0,0
vda,1.20,0.00,0.01,0,0
vda,18.80,0.00,0.14,0,0
vda,0.00,0.00,0.00,0,0
vda,0.80,0.00,0.00,0,0
