vda,1.00,0.00,0.01,0,0
vda,20.40,0.00,0.09,0,0
vda,2.20,0.00,0.01,0,0
vda,0.00,0.00,0.00,0,0
vda,0.60,0.00,0.00,0,0
vda,0.00,0.00,0.00,0,0
vda,1.80,0.00,0.01,0,0
vda,392.40,4.69,0.05,23,0
vda,370.00,5.03,0.02,25,0
vda,148.60,1.93,0.09,9,0
vda,6.20,0.81,0.01,4,0
vda,141.40,1.32,0.01,6,0
vda,15.80,0.00,0.17,0,0
vda,13.60,0.00,0.05,0,0
vda,7.40,0.09,0.03,0,0
vda,6.00,0.00,0.02,0,0
vda,0.00,0.00,0.00,0,0
vda,0.60,0.00,0.00,0,0
vda,0.60,0.00,0.01,0,0
vda,8.60,0.00,0.06,0,0
vda,7.60,0.00,0.03,0,0
vda,1.00,0.00,0.00,0,0
vda,0.60,0.00,0.00,0,0
vda,0.00,0.00,0.00,0,0
vda,5.00,0.00,0.02,0,0
vda,1.40,0.00,0.01,0,0
vda,2.40,0.00,0.01,0,0
vda,0.00,0.00,0.00,0,0
vda,0.80,0.00,0.00,0,0
