3012508.0,500652.0,5624.0
2464245.6,569446.13333,5752.8
1837660.0,648068.0,5900.0
1837660.0,648068.0,5900.0
1038655.7333,983816.0,5935.4666667
125508.0,1367528.0,5976.0
127058.4,1209657.6,6004.8
129384.0,972852.0,6048.0
129384.0,972852.0,6048.0
229338.4,879255.46667,6076.0
343572.0,772288.0,6108.0
343572.0,772288.0,6108.0
242760.8,862683.2,6141.6
127548.0,965992.0,6180.0
125652.0,963646.4,6192.8
122808.0,960128.0,6212.0
122808.0,960128.0,6212.0
280853.06667,813947.46667,5282.4
461476.0,646884.0,4220.0
461476.0,646884.0,4220.0
346843.46667,753870.66667,4256.2666667
246540.0,847484.0,4288.0
1954423.2,591615.2,4523.2
