vda,0.20,0.00,0.00,0,0
vda,1.60,0.00,0.01,0,0
vda,0.00,0.00,0.00,0,0
vda,3.80,0.00,0.02,0,0
vda,1.00,0.00,0.00,0,0
vda,0.00,0.00,0.00,0,0
vda,14.60,0.00,0.07,0,0
vda,10.40,0.22,0.02,1,0
vda,101.20,5.90,0.00,29,0
vda,295.80,18.90,0.02,94,0
vda,192.60,20.21,0.04,101,0
vda,291.00,21.27,0.00,106,0
vda,332.80,21.22,0.02,106,0
vda,316.40,20.23,0.03,101,0
vda,327.40,20.97,0.06,104,0
vda,354.40,22.91,0.01,114,0
vda,297.20,19.04,0.01,95,0
vda,364.40,22.68,0.07,113,0
vda,258.80,25.52,0.00,127,0
vda,168.40,22.71,0.01,113,0
vda,352.00,23.50,0.03,117,0
vda,355.60,22.68,0.01,113,0
vda,360.00,23.05,0.01,115,0
vda,196.00,22.89,0.01,114,0
vda,118.40,24.28,0.01,121,0
vda,156.60,21.22,0.00,106,0
vda,62.00,23.50,0.02,117,0
vda,25.40,8.00,0.03,40,0
vda,5.80,0.00,0.02,0,0
vda,13.40,0.00,0.05,0,0
vda,0.00,0.00,0.00,0,0
vda,18.00,0.00,3.99,0,19
vda,18.00,0.00,3.19,0,15
vda,37.80,0.00,18.78,0,93
vda,13.20,0.01,0.05,0,0
vda,2.40,0.00,0.01,0,0
vda,0.00,0.00,0.00,0,0
vda,18.80,0.00,0.07,0,0
vda,9.60,0.00,0.05,0,0
vda,2.80,0.00,0.01,0,0
vda,16.60,0.00,0.08,0,0
vda,43.60,0.00,11.96,0,59
vda,57.40,0.00,39.66,0,198
vda,8.80,0.00,0.03,0,0
vda,13.60,0.00,0.05,0,0
vda,4.40,0.00,0.02,0,0
vda,8.80,0.00,0.03,0,0
vda,13.40,0.00,3.27,0,16
vda,52.00,0.00,26.30,0,131
vda,32.20,0.00,23.79,0,118
vda,5.40,0.00,0.02,0,0
vda,7.80,0.00,0.03,0,0
vda,6.60,0.00,0.03,0,0
vda,35.60,0.00,19.09,0,95
vda,28.00,0.00,3.31,0,16
vda,8.00,0.01,0.03,0,0
vda,7.20,0.00,0.03,0,0
vda,0.20,0.00,0.00,0,0
vda,6.80,0.00,0.03,0,0
vda,22.40,0.00,7.24,0,36
vda,16.20,0.00,0.07,0,0
vda,0.00,0.00,0.00,0,0
vda,0.60,0.00,0.00,0,0
vda,0.00,0.00,0.00,0,0
vda,0.60,0.00,0.00,0,0
vda,2.40,0.00,0.01,0,0
vda,2.00,0.00,0.01,0,0
vda,7.00,0.00,0.04,0,0
vda,0.00,0.00,0.00,0,0
