5926036.0,1565016.0,9836.0
5926036.0,1565016.0,9836.0
5237551.2,1695159.2,9861.6
2483612.0,2215732.0,9964.0
2087094.4,2401398.4,9974.4
501024.0,3144064.0,10016.0
501024.0,3144064.0,10016.0
405202.13333,3120569.6,9493.3333333
141692.0,3055960.0,8056.0
141692.0,3055960.0,8056.0
169123.46667,2966977.6,8080.5333333
244560.0,2722276.0,8148.0
212076.8,2766525.6,8170.4
122748.0,2888212.0,8232.0
122748.0,2888212.0,8232.0
317714.4,2680165.0667,8258.6666667
853872.0,2108036.0,8332.0
853872.0,2108036.0,8332.0
2119725.8667,2072225.8667,8348.0
5600824.0,1973748.0,8392.0
