4250404.0,1820700.0,179724.0
4096662.1333,1820918.6667,179731.46667
3673872.0,1821520.0,179752.0
3655598.6667,1825730.6667,179760.0
3619052.0,1834152.0,179776.0
3619052.0,1834152.0,179776.0
3423958.6667,1837286.9333,179780.26667
2887452.0,1845908.0,179792.0
2887452.0,1845908.0,179792.0
2879620.0,1845482.6667,179800.0
2863956.0,1844632.0,179816.0
2853573.3333,1844756.0,179822.66667
2832808.0,1845004.0,179836.0
2832808.0,1845004.0,179836.0
2619779.7333,1845086.1333,179844.53333
2033952.0,1845312.0,179868.0
2033952.0,1845312.0,179868.0
2032398.4,1845202.4,179873.6
2026184.0,1844764.0,179896.0
2024497.6,1844858.4,179897.6
2017752.0,1845236.0,179904.0
2017752.0,1845236.0,179904.0
2007889.6,1845151.2,179908.8
1968440.0,1844812.0,179928.0
1968440.0,1844812.0,179928.0
1967312.0,1844480.0,179930.4
1962800.0,1843152.0,179940.0
1938458.4,1843437.6,179944.0
1841092.0,1844580.0,179960.0
1841092.0,1844580.0,179960.0
1835778.4,1844377.3333,179962.13333
1801240.0,1843060.0,179976.0
1801240.0,1843060.0,179976.0
1800889.6,1843150.4,179977.6
1799488.0,1843512.0,179984.0
1798960.0,1843581.8667,179984.53333
1795528.0,1844036.0,179988.0
1795528.0,1844036.0,179988.0
1795959.4667,1843680.8,179989.6
1798764.0,1841372.0,180000.0
1798764.0,1841372.0,180000.0
1798268.8,1841660.0,180002.4
1796288.0,1842812.0,180012.0
1789495.2,1842532.8,180019.2
1762324.0,1841416.0,180048.0
1762324.0,1841416.0,180048.0
1762598.6667,1840950.6667,180056.0
1763148.0,1840020.0,180072.0
1763148.0,1840020.0,180072.0
1763148.0,1840020.0,180072.0
1763148.0,1840020.0,180072.0
1763662.1333,1839356.5333,180079.46667
1765076.0,1837532.0,180100.0
1765076.0,1837532.0,180100.0
1765592.0,1837088.0,180102.66667
1766624.0,1836200.0,180108.0
1766624.0,1836200.0,180108.0
1734990.4,1836832.0,180114.4
1687540.0,1837780.0,180124.0
1687540.0,1837780.0,180124.0
1687540.0,1837780.0,180124.0
1687540.0,1837780.0,180124.0
1686792.8,1838181.6,180144.8
1685672.0,1838784.0,180176.0
1685672.0,1838784.0,180176.0
1685672.0,1838784.0,180176.0
1685672.0,1838784.0,180176.0
1685672.0,1838784.0,180176.0
1685136.0,1838747.2,180195.2
1684332.0,1838692.0,180224.0
1684251.7333,1838077.8667,180224.0
1684160.0,1837376.0,180224.0
1684160.0,1837376.0,180224.0
1682370.1333,1837975.4667,180232.53333
1680804.0,1838500.0,180240.0
1680804.0,1838500.0,180240.0
1632961.3333,1838828.5333,180249.33333
1578284.0,1839204.0,180260.0
1003677.6,1682997.6,180269.6
141768.0,1448688.0,180284.0
141768.0,1448688.0,180284.0
1987129.6,1406697.6,180404.0
