vda,6.20,0.00,0.02,0,0
vda,7.20,0.00,0.22,0,1
vda,124.40,0.00,0.51,0,2
vda,3.80,0.00,0.01,0,0
vda,3.60,0.00,0.02,0,0
vda,12.20,0.00,0.05,0,0
vda,5.59,0.00,0.02,0,0
vda,200.00,0.00,0.80,0,4
vda,2.60,0.00,0.01,0,0
vda,5.00,0.00,0.02,0,0
vda,0.00,0.00,0.00,0,0
vda,1.40,0.00,0.01,0,0
vda,7.80,0.00,0.03,0,0
vda,146.80,0.00,0.85,0,4
vda,7.80,0.00,0.03,0,0
vda,4.00,0.00,0.02,0,0
vda,6.60,0.00,0.03,0,0
vda,8.60,0.00,0.03,0,0
vda,207.00,0.00,0.94,0,4
vda,5.00,0.00,0.02,0,0
vda,13.40,0.00,0.05,0,0
vda,1.20,0.00,0.00,0,0
vda,1.80,0.00,0.01,0,0
vda,5.80,0.00,0.02,0,0
vda,3.40,0.00,0.02,0,0
vda,8.60,0.00,0.26,0,1
vda,25.20,0.00,0.11,0,0
vda,120.80,0.00,0.47,0,2
