vda,0.60,0.00,0.00,0,0
vda,1.60,0.00,0.01,0,0
vda,0.80,0.00,0.00,0,0
vda,0.00,0.00,0.00,0,0
vda,0.60,0.00,0.00,0,0
vda,28.60,0.27,0.01,1,0
vda,27.60,0.07,0.12,0,0
vda,299.00,3.78,0.01,18,0
vda,438.40,5.74,0.01,28,0
vda,140.60,1.49,0.02,7,0
vda,15.60,0.22,0.01,1,0
vda,130.80,1.11,0.02,5,0
vda,9.60,0.00,0.04,0,0
vda,17.60,0.00,0.10,0,0
vda,0.80,0.00,0.02,0,0
vda,6.40,0.00,0.07,0,0
vda,7.40,0.09,0.03,0,0
vda,8.20,0.01,0.03,0,0
vda,1.40,0.00,0.01,0,0
vda,0.00,0.00,0.00,0,0
vda,5.80,0.00,0.03,0,0
vda,0.60,0.00,0.00,0,0
vda,24.20,0.09,0.04,0,0
vda,2.60,0.00,0.01,0,0
vda,0.00,0.00,0.00,0,0
