2373512.0,1131684.0,33560.0
2373512.0,1131684.0,33560.0
1622331.2,1131883.2,33620.0
1121544.0,1132016.0,33660.0
1121544.0,1132016.0,33660.0
987861.33333,1147904.0,33692.0
921020.0,1155848.0,33708.0
948048.8,1170644.0,33734.4
966068.0,1180508.0,33752.0
966068.0,1180508.0,33752.0
984002.4,1163098.6667,33787.2
990524.0,1156768.0,33800.0
990524.0,1156768.0,33800.0
972870.66667,1173178.6667,33829.333333
964044.0,1181384.0,33844.0
962702.4,1181408.0,33865.6
961808.0,1181424.0,33880.0
961808.0,1181424.0,33880.0
1808057.6,1151743.2,33916.0
2372224.0,1131956.0,33940.0
