vda,1.40,0.00,0.01,0,0
vda,48.40,0.27,0.09,1,0
vda,3.00,0.07,0.01,0,0
vda,9.00,0.00,0.04,0,0
vda,0.20,0.00,0.00,0,0
vda,0.60,0.00,0.00,0,0
vda,1.20,0.00,0.01,0,0
vda,337.00,4.15,0.01,20,0
vda,218.80,2.41,0.03,12,0
vda,337.20,4.60,0.02,23,0
vda,144.20,1.34,0.02,6,0
vda,10.00,0.00,0.04,0,0
vda,13.20,0.00,0.06,0,0
vda,9.60,0.09,0.05,0,0
vda,6.00,0.00,0.02,0,0
vda,0.40,0.00,0.00,0,0
vda,8.80,0.00,0.08,0,0
vda,0.00,0.00,0.00,0,0
vda,8.20,0.00,0.04,0,0
vda,1.00,0.00,0.00,0,0
vda,0.60,0.00,0.00,0,0
vda,1.40,0.00,0.01,0,0
vda,2.00,0.00,0.01,0,0
vda,1.20,0.00,0.00,0,0
vda,2.80,0.00,0.02,0,0
vda,1.00,0.00,0.00,0,0
vda,0.80,0.00,0.00,0,0
vda,0.20,0.00,0.00,0,0
