2374184.0,986532.0,26788.0
2374184.0,986532.0,26788.0
900313.06667,1186265.6,26934.666667
364360.0,1258896.0,26988.0
364360.0,1258896.0,26988.0
248276.8,1272652.8,27032.8
219256.0,1276092.0,27044.0
219256.0,1276092.0,27044.0
225988.8,1343861.6,27088.8
227672.0,1360804.0,27100.0
145207.2,1406370.4,27141.066667
115220.0,1422940.0,27156.0
115220.0,1422940.0,27156.0
202922.4,1321893.6,27194.4
224848.0,1296632.0,27204.0
224848.0,1296632.0,27204.0
149913.06667,1365134.1333,27250.933333
122664.0,1390044.0,27268.0
122664.0,1390044.0,27268.0
303000.0,1205919.2,27312.8
348084.0,1159888.0,27324.0
298640.8,1207427.2,27368.8
286280.0,1219312.0,27380.0
286280.0,1219312.0,27380.0
1865044.8,1124028.8,27428.0
