vda,0.40,0.00,0.00,0,0
vda,33.80,0.34,0.02,1,0
vda,2.00,0.00,0.01,0,0
vda,0.00,0.00,0.00,0,0
vda,2.80,0.00,0.01,0,0
vda,3.60,0.00,0.01,0,0
vda,20.40,0.00,0.10,0,0
vda,434.00,5.33,0.02,26,0
vda,432.60,5.56,0.02,27,0
vda,16.20,0.13,0.02,0,0
vda,149.60,1.33,0.05,6,0
vda,18.20,0.09,0.08,0,0
vda,11.00,0.00,0.08,0,0
vda,0.40,0.00,0.00,0,0
vda,2.20,0.00,0.01,0,0
vda,10.40,0.00,0.04,0,0
vda,2.20,0.00,0.01,0,0
vda,2.20,0.00,0.01,0,0
vda,2.00,0.00,0.01,0,0
vda,8.00,0.00,0.04,0,0
vda,2.40,0.00,0.01,0,0
vda,2.00,0.00,0.01,0,0
vda,2.40,0.00,0.01,0,0
vda,2.20,0.00,0.01,0,0
vda,2.00,0.00,0.01,0,0
vda,1.80,0.00,0.01,0,0
