vda,0.20,0.00,0.00,0,0
vda,1.80,0.00,0.01,0,0
vda,2.60,0.00,0.01,0,0
vda,0.40,0.00,0.00,0,0
vda,1.20,0.00,0.00,0,0
vda,0.80,0.00,0.00,0,0
vda,22.60,0.00,0.10,0,0
vda,4.60,0.00,0.02,0,0
vda,4.60,0.00,0.02,0,0
vda,0.20,0.00,0.00,0,0
vda,34.00,9.63,0.01,48,0
vda,18.80,0.00,0.15,0,0
vda,0.00,0.00,0.00,0,0
vda,1.20,0.00,0.00,0,0
vda,10.00,0.00,0.05,0,0
vda,1.00,0.00,0.00,0,0
vda,0.80,0.00,0.00,0,0
vda,2.80,0.00,0.01,0,0
vda,0.00,0.00,0.00,0,0
vda,3.00,0.00,0.01,0,0
vda,1.00,0.00,0.01,0,0
vda,6.60,0.00,0.03,0,0
vda,8.00,0.00,0.03,0,0
vda,7.20,0.00,0.03,0,0
vda,24.40,0.00,0.10,0,0
vda,5.60,0.00,0.02,0,0
vda,7.78,0.00,0.04,0,0
vda,9.40,0.00,0.04,0,0
vda,10.00,0.00,0.07,0,0
vda,0.00,0.00,0.00,0,0
vda,6.20,0.00,0.03,0,0
vda,12.00,0.00,0.05,0,0
vda,8.00,0.00,0.04,0,0
vda,1.00,0.00,0.00,0,0
vda,0.00,0.00,0.00,0,0
vda,8.40,0.00,0.04,0,0
vda,0.60,0.00,0.00,0,0
vda,7.20,0.00,0.03,0,0
vda,1.80,0.00,0.01,0,0
vda,1.00,0.00,0.00,0,0
vda,9.60,0.00,0.04,0,0
