vda,0.60,0.00,0.00,0,0
vda,1.00,0.00,0.00,0,0
vda,30.40,0.34,0.01,1,0
vda,24.60,0.00,0.11,0,0
vda,0.20,0.00,0.00,0,0
vda,0.80,0.00,0.00,0,0
vda,0.00,0.00,0.00,0,0
vda,290.00,3.67,0.00,18,0
vda,317.20,3.70,0.01,18,0
vda,295.80,10.91,0.02,54,0
vda,157.40,2.05,0.01,10,0
vda,16.60,0.04,0.06,0,0
vda,6.60,0.00,0.03,0,0
vda,28.20,0.00,0.80,0,4
vda,11.20,0.09,0.04,0,0
vda,5.80,0.00,0.02,0,0
vda,0.00,0.00,0.00,0,0
vda,0.60,0.00,0.00,0,0
vda,0.00,0.00,0.00,0,0
vda,1.20,0.00,0.01,0,0
vda,8.20,0.00,0.06,0,0
vda,1.20,0.00,0.00,0,0
vda,9.60,0.18,0.00,0,0
vda,0.00,0.00,0.00,0,0
