vda,0.80,0.00,0.01,0,0
vda,1.60,0.00,0.01,0,0
vda,0.80,0.00,0.00,0,0
vda,2.00,0.00,0.01,0,0
vda,2.80,0.07,0.01,0,0
vda,1.00,0.00,0.00,0,0
vda,16.40,0.00,0.08,0,0
vda,7.20,0.25,0.01,1,0
vda,44.20,6.80,0.02,33,0
vda,54.20,19.26,0.02,96,0
vda,257.80,16.25,0.02,81,0
vda,257.80,16.44,0.01,82,0
vda,34.00,1.96,0.02,9,0
vda,34.00,12.80,0.01,64,0
vda,10.40,0.10,0.10,0,0
vda,4.80,0.00,0.02,0,0
vda,23.20,7.80,0.01,39,0
vda,22.40,6.43,0.04,32,0
vda,1.60,0.00,0.01,0,0
vda,0.20,0.00,0.00,0,0
vda,3.80,0.00,0.02,0,0
vda,9.00,0.00,0.04,0,0
vda,3.20,0.00,0.01,0,0
vda,24.40,0.00,12.87,0,64
vda,13.60,0.13,1.48,0,7
vda,2.60,0.02,0.01,0,0
vda,3.60,0.00,0.01,0,0
vda,2.20,0.00,0.01,0,0
vda,10.80,0.00,0.04,0,0
vda,20.20,0.00,6.48,0,32
vda,5.00,0.00,0.68,0,3
vda,4.00,0.00,0.02,0,0
vda,4.40,0.00,0.02,0,0
vda,19.00,0.00,15.00,0,75
vda,9.00,0.05,1.89,0,9
vda,4.20,0.00,0.02,0,0
vda,3.60,0.00,0.01,0,0
vda,3.40,0.00,0.01,0,0
vda,18.40,0.00,16.07,0,80
vda,7.20,0.00,1.94,0,9
vda,4.60,0.00,0.02,0,0
vda,3.20,0.00,0.01,0,0
vda,0.00,0.00,0.00,0,0
vda,3.60,0.00,0.01,0,0
vda,20.80,0.04,8.63,0,43
vda,31.40,0.11,9.92,0,49
vda,0.20,0.00,0.00,0,0
vda,3.80,0.00,0.01,0,0
vda,0.60,0.00,0.00,0,0
vda,2.80,0.00,0.01,0,0
vda,8.80,0.00,1.88,0,9
vda,16.20,0.00,3.67,0,18
vda,16.60,0.00,16.59,0,82
vda,13.20,0.12,1.91,0,9
vda,5.80,0.00,0.02,0,0
vda,0.00,0.00,0.00,0,0
vda,13.00,0.00,0.05,0,0
vda,24.00,0.00,6.53,0,32
vda,25.20,0.00,12.15,0,60
vda,5.20,0.00,0.02,0,0
vda,3.20,0.00,0.01,0,0
vda,3.20,0.04,0.01,0,0
vda,5.40,0.05,0.01,0,0
vda,18.60,0.00,3.26,0,16
vda,27.20,0.00,13.68,0,68
vda,0.20,0.00,0.00,0,0
vda,8.20,0.00,8.03,0,40
vda,21.20,0.03,9.97,0,49
vda,5.20,0.00,0.02,0,0
vda,2.20,0.00,0.01,0,0
vda,2.00,0.00,0.01,0,0
vda,3.80,0.00,0.01,0,0
vda,12.40,0.01,3.26,0,16
vda,19.40,0.00,13.50,0,67
vda,5.60,0.00,0.02,0,0
vda,0.00,0.00,0.00,0,0
vda,2.40,0.00,0.01,0,0
vda,14.60,0.00,0.06,0,0
vda,26.60,0.00,4.91,0,24
vda,11.20,0.00,2.30,0,11
vda,6.20,0.02,0.02,0,0
vda,1.60,0.01,0.01,0,0
vda,4.00,0.00,0.02,0,0
vda,0.00,0.00,0.00,0,0
vda,29.40,0.00,9.67,0,48
vda,18.00,0.00,9.04,0,45
vda,6.20,0.00,0.02,0,0
vda,3.40,0.00,0.01,0,0
vda,8.20,0.00,3.24,0,16
vda,13.80,0.00,14.86,0,74
vda,4.40,0.00,0.02,0,0
vda,7.20,0.17,0.01,0,0
vda,1.00,0.00,0.00,0,0
vda,0.00,0.00,0.00,0,0
vda,0.60,0.00,0.00,0,0
vda,4.20,0.00,4.11,0,20
vda,26.00,0.22,0.03,1,0
vda,20.80,0.04,0.05,0,0
vda,2.80,0.00,0.01,0,0
vda,0.80,0.02,0.00,0,0
vda,3.60,0.09,0.01,0,0
vda,1.80,0.00,0.01,0,0
vda,8.00,0.05,0.00,0,0
vda,6.00,0.00,0.03,0,0
vda,0.60,0.00,0.00,0,0
vda,0.80,0.00,0.00,0,0
