vda,30.60,0.00,0.15,0,0
vda,3.40,0.00,0.01,0,0
vda,2.60,0.00,0.01,0,0
vda,1.80,0.00,0.01,0,0
vda,1.80,0.00,0.01,0,0
vda,1.80,0.00,0.01,0,0
vda,2.40,0.00,0.01,0,0
vda,5.60,0.00,0.02,0,0
vda,2.20,0.00,0.01,0,0
vda,1.80,0.00,0.01,0,0
vda,1.80,0.00,0.01,0,0
vda,1.80,0.00,0.01,0,0
vda,300.60,3.63,0.06,18,0
vda,443.00,5.78,0.02,28,0
vda,204.20,16.71,0.03,83,0
vda,20.20,5.47,0.02,27,0
vda,141.80,1.32,0.01,6,0
vda,12.80,0.09,0.06,0,0
vda,6.40,0.00,0.03,0,0
vda,3.20,0.00,0.01,0,0
vda,3.00,0.00,0.01,0,0
vda,9.00,0.00,0.04,0,0
vda,6.60,0.00,0.04,0,0
vda,2.00,0.00,0.01,0,0
vda,3.00,0.00,0.01,0,0
vda,2.60,0.00,0.01,0,0
