vda,0.60,0.00,0.00,0,0
vda,20.60,0.00,0.10,0,0
vda,2.80,0.00,0.01,0,0
vda,33.20,0.34,0.02,1,0
vda,11.60,0.00,0.05,0,0
vda,1.60,0.00,0.01,0,0
vda,2.20,0.00,0.01,0,0
vda,430.00,5.26,0.04,26,0
vda,89.80,0.93,0.02,4,0
vda,347.20,4.70,0.00,23,0
vda,154.20,1.44,0.02,7,0
vda,26.80,0.00,0.10,0,0
vda,11.00,0.09,0.05,0,0
vda,21.60,0.00,0.11,0,0
vda,0.00,0.00,0.00,0,0
vda,2.20,0.00,0.01,0,0
vda,2.00,0.00,0.01,0,0
vda,5.40,0.00,0.03,0,0
vda,2.40,0.00,0.01,0,0
vda,2.20,0.00,0.01,0,0
vda,4.20,0.00,0.02,0,0
vda,0.00,0.00,0.00,0,0
vda,2.00,0.00,0.01,0,0
vda,2.60,0.00,0.01,0,0
vda,3.60,0.00,0.01,0,0
vda,2.00,0.00,0.01,0,0
vda,8.80,0.00,0.04,0,0
