vda,6.20,0.85,0.01,4,0
vda,5.40,1.20,0.01,6,0
vda,3.00,0.80,0.00,4,0
vda,5.20,1.22,0.01,6,0
vda,25.20,0.83,0.10,4,0
vda,3.60,1.10,0.00,5,0
vda,5.60,0.90,0.01,4,0
vda,10.20,1.42,0.01,7,0
vda,92.60,8.29,0.04,41,0
vda,161.40,19.37,0.00,96,0
vda,345.40,23.16,0.01,115,0
vda,191.80,19.79,0.01,98,0
vda,102.40,17.29,0.02,86,0
vda,41.80,12.37,0.06,61,0
vda,31.20,7.63,0.10,38,0
vda,8.60,1.63,0.01,8,0
vda,5.60,1.20,0.01,6,0
vda,5.00,0.80,0.01,4,0
vda,5.80,0.80,0.02,4,0
vda,12.40,1.23,0.03,6,0
vda,5.20,0.80,0.02,4,0
vda,7.00,1.20,0.02,6,0
vda,23.80,0.81,8.87,4,44
vda,14.00,1.24,11.84,6,59
vda,5.40,0.80,0.01,4,0
vda,14.60,1.23,0.04,6,0
vda,2.00,0.80,0.00,4,0
vda,6.00,1.20,0.01,6,0
vda,5.80,0.83,0.02,4,0
vda,12.80,1.20,0.06,6,0
vda,28.80,0.80,8.88,4,44
vda,20.40,1.34,11.90,6,59
vda,4.20,0.80,0.01,4,0
vda,3.20,1.20,0.00,6,0
vda,5.60,0.80,0.01,4,0
vda,5.80,0.83,0.01,4,0
vda,7.80,1.22,0.02,6,0
vda,28.40,1.20,8.89,6,44
vda,13.20,0.83,11.92,4,59
vda,8.80,1.24,0.01,6,0
vda,7.00,0.88,0.00,4,0
vda,4.80,0.83,0.01,4,0
vda,7.20,1.20,0.02,6,0
vda,8.40,0.80,0.03,4,0
vda,23.80,1.20,7.77,6,38
vda,13.60,0.80,9.79,4,48
vda,6.40,1.20,0.01,6,0
vda,5.60,0.82,0.01,4,0
vda,6.60,1.22,0.01,6,0
vda,6.20,0.83,0.02,4,0
vda,8.80,1.20,1.43,6,7
vda,18.20,0.83,0.07,4,0
vda,3.20,1.20,0.00,6,0
vda,29.80,0.80,8.91,4,44
vda,16.20,1.23,11.95,6,59
vda,4.00,0.80,0.01,4,0
vda,4.40,1.20,0.01,6,0
vda,5.00,0.80,0.01,4,0
vda,4.40,1.20,0.01,6,0
vda,6.00,0.80,0.02,4,0
vda,12.40,1.20,0.05,6,0
vda,30.80,0.05,5.65,0,28
vda,30.00,0.06,15.15,0,75
vda,13.60,0.04,0.01,0,0
vda,13.00,0.04,0.01,0,0
vda,16.80,0.07,0.00,0,0
vda,13.80,0.04,0.01,0,0
vda,25.80,0.14,0.02,0,0
vda,34.60,0.04,6.49,0,32
vda,25.60,0.07,8.78,0,43
vda,10.00,0.44,0.00,2,0
vda,7.60,0.42,0.00,2,0
vda,4.80,1.20,0.01,6,0
vda,4.80,0.80,0.01,4,0
vda,8.60,1.20,0.03,6,0
vda,11.60,0.80,2.44,4,12
vda,14.40,1.20,18.36,6,91
vda,6.60,0.80,0.02,4,0
vda,6.00,1.20,0.01,6,0
vda,6.60,0.80,0.02,4,0
vda,15.80,1.20,0.05,6,0
vda,5.80,0.80,0.01,4,0
vda,10.00,0.90,1.87,4,9
vda,8.20,1.10,3.78,5,18
vda,43.20,0.05,8.64,0,43
vda,28.60,0.05,10.90,0,54
vda,13.80,0.04,0.01,0,0
vda,19.00,0.07,0.01,0,0
vda,14.40,0.04,0.01,0,0
vda,20.20,0.07,0.01,0,0
vda,15.80,0.04,1.32,0,6
vda,22.00,0.06,0.03,0,0
vda,34.00,0.04,5.67,0,28
vda,30.20,0.07,15.16,0,75
vda,13.80,0.04,0.01,0,0
vda,27.00,0.07,0.04,0,0
vda,11.00,0.44,0.01,2,0
vda,5.40,1.24,0.01,6,0
vda,2.20,0.80,0.00,4,0
vda,11.60,1.23,0.06,6,0
vda,3.20,0.80,0.00,4,0
vda,3.20,1.20,0.00,6,0
vda,11.00,0.83,0.04,4,0
vda,9.40,1.10,0.03,5,0
vda,2.20,0.90,0.00,4,0
vda,4.59,1.20,0.01,6,0
vda,2.80,0.80,0.00,4,0
vda,18.00,0.90,0.07,4,0
vda,2.60,1.10,0.00,5,0
vda,2.00,0.40,0.00,2,0
vda,5.20,1.24,0.01,6,0
