vda,2.60,0.00,0.01,0,0
vda,133.20,0.00,0.54,0,2
vda,3.20,0.00,0.01,0,0
vda,5.20,0.00,0.02,0,0
vda,7.20,0.00,0.22,0,1
vda,3.20,0.00,0.01,0,0
vda,199.60,0.00,0.79,0,3
vda,2.00,0.00,0.01,0,0
vda,0.00,0.00,0.00,0,0
vda,5.00,0.00,0.02,0,0
vda,128.20,0.01,0.51,0,2
vda,2.40,0.00,0.01,0,0
vda,7.00,0.00,0.03,0,0
vda,154.29,0.00,0.70,0,3
vda,7.20,0.00,0.03,0,0
vda,3.60,0.00,0.01,0,0
vda,9.20,0.00,0.23,0,1
vda,8.80,0.00,0.03,0,0
vda,12.00,0.00,0.05,0,0
vda,194.00,0.00,0.91,0,4
vda,7.80,0.00,0.03,0,0
vda,1.60,0.00,0.01,0,0
vda,0.00,0.00,0.00,0,0
vda,135.00,0.00,0.54,0,2
vda,5.60,0.00,0.02,0,0
vda,1.20,0.00,0.00,0,0
vda,0.00,0.00,0.00,0,0
