vda,33.80,0.05,0.14,0,0
vda,2.20,0.00,0.01,0,0
vda,1.80,0.00,0.01,0,0
vda,4.40,0.07,0.02,0,0
vda,2.20,0.00,0.01,0,0
vda,1.80,0.00,0.01,0,0
vda,0.20,0.00,0.00,0,0
vda,8.40,0.41,0.01,2,0
vda,148.40,5.89,0.04,29,0
vda,199.80,16.05,0.06,80,0
vda,35.80,11.09,0.01,55,0
vda,8.00,1.82,0.01,9,0
vda,19.00,5.52,0.01,27,0
vda,31.80,10.98,0.02,54,0
vda,23.20,6.78,0.02,33,0
vda,22.40,6.93,0.07,34,0
vda,13.80,1.25,0.04,6,0
vda,51.60,17.80,0.01,89,0
vda,45.00,15.04,0.01,75,0
vda,3.00,0.00,0.01,0,0
vda,52.60,15.38,0.05,76,0
vda,27.35,8.71,0.02,43,0
vda,31.60,8.37,0.02,41,0
vda,58.40,17.93,0.04,89,0
vda,85.00,31.08,0.01,155,0
vda,34.20,11.70,0.01,58,0
vda,2.40,0.00,0.01,0,0
vda,67.00,0.93,0.02,4,0
vda,8.80,0.03,0.02,0,0
vda,16.80,0.00,0.07,0,0
vda,19.00,0.00,8.52,0,42
vda,9.80,0.00,4.67,0,23
vda,0.00,0.00,0.00,0,0
vda,9.60,0.07,0.02,0,0
vda,23.60,0.00,7.71,0,38
vda,10.60,0.00,4.12,0,20
vda,17.60,0.00,7.77,0,38
vda,13.60,0.00,11.35,0,56
vda,9.40,0.00,4.17,0,20
vda,3.00,0.00,0.01,0,0
vda,18.60,0.01,0.06,0,0
vda,6.60,0.00,0.03,0,0
vda,22.20,0.00,8.24,0,41
vda,4.00,0.00,4.84,0,24
vda,9.20,0.05,0.03,0,0
vda,2.00,0.00,0.01,0,0
vda,3.80,0.00,0.01,0,0
vda,26.80,0.00,8.09,0,40
vda,18.60,0.00,12.99,0,64
vda,2.80,0.00,4.07,0,20
vda,6.60,0.00,0.03,0,0
vda,3.20,0.00,0.01,0,0
vda,16.20,0.00,8.53,0,42
vda,8.20,0.00,4.31,0,21
vda,19.40,0.01,8.91,0,44
vda,4.80,0.00,3.91,0,19
vda,5.40,0.00,0.02,0,0
vda,2.80,0.00,0.01,0,0
vda,32.20,0.00,8.66,0,43
vda,23.60,0.00,12.30,0,61
vda,11.00,0.00,4.51,0,22
vda,1.80,0.00,0.01,0,0
vda,2.60,0.00,0.01,0,0
vda,23.20,0.13,0.07,0,0
vda,41.00,0.15,8.12,0,40
vda,16.60,0.00,4.90,0,24
vda,6.60,0.00,0.03,0,0
vda,2.80,0.00,0.01,0,0
vda,2.00,0.00,0.01,0,0
vda,26.00,0.00,12.36,0,61
vda,17.00,0.00,8.06,0,40
vda,9.60,0.00,4.52,0,22
vda,4.00,0.09,0.01,0,0
vda,3.00,0.00,0.01,0,0
vda,22.60,0.00,7.30,0,36
vda,2.60,0.00,4.70,0,23
vda,17.80,0.00,12.94,0,64
vda,14.00,0.00,7.26,0,36
vda,8.60,0.00,4.73,0,23
vda,3.20,0.00,0.01,0,0
vda,5.40,0.00,0.02,0,0
vda,24.60,0.00,10.90,0,54
vda,17.40,0.06,9.29,0,46
vda,6.20,0.11,4.71,0,23
vda,3.20,0.00,0.01,0,0
vda,16.60,0.00,0.06,0,0
vda,2.00,0.00,0.01,0,0
vda,0.00,0.00,0.00,0,0
vda,5.40,0.12,0.02,0,0
vda,19.80,0.00,0.12,0,0
vda,2.20,0.00,0.01,0,0
vda,3.60,0.06,0.01,0,0
vda,3.00,0.04,0.01,0,0
vda,2.00,0.00,0.01,0,0
vda,1.80,0.00,0.01,0,0
vda,4.20,0.00,0.02,0,0
vda,6.00,0.00,0.03,0,0
vda,1.80,0.00,0.01,0,0
vda,9.60,0.00,0.04,0,0
