vda,0.40,0.00,0.00,0,0
vda,2.40,0.00,0.01,0,0
vda,2.00,0.00,0.01,0,0
vda,1.80,0.00,0.01,0,0
vda,1.80,0.00,0.01,0,0
vda,0.80,0.00,0.01,0,0
vda,22.60,0.00,0.10,0,0
vda,5.20,0.00,0.02,0,0
vda,0.00,0.00,0.00,0,0
vda,2.00,0.00,0.01,0,0
vda,1.80,0.00,0.01,0,0
vda,2.99,0.00,0.01,0,0
vda,300.00,3.67,0.02,18,0
vda,220.60,2.54,0.01,12,0
vda,252.40,3.57,0.05,17,0
vda,143.40,1.35,0.03,6,0
vda,141.40,1.30,0.02,6,0
vda,8.20,0.03,0.03,0,0
vda,5.40,0.00,0.02,0,0
vda,12.60,0.00,0.06,0,0
vda,4.80,0.00,0.02,0,0
vda,13.60,0.00,0.14,0,0
vda,16.40,0.00,0.07,0,0
vda,5.00,0.00,0.02,0,0
vda,5.00,0.00,0.02,0,0
vda,5.00,0.00,0.02,0,0
vda,8.20,0.09,0.04,0,0
vda,2.20,0.00,0.01,0,0
vda,9.00,0.00,0.04,0,0
vda,2.60,0.00,0.01,0,0
vda,2.20,0.00,0.01,0,0
vda,1.80,0.00,0.01,0,0
vda,1.80,0.00,0.01,0,0
vda,3.20,0.00,0.01,0,0
vda,9.20,0.00,0.04,0,0
vda,4.20,0.00,0.02,0,0
