vda,4.00,0.07,0.01,0,0
vda,2.20,0.00,0.01,0,0
vda,1.80,0.00,0.01,0,0
vda,2.60,0.00,0.01,0,0
vda,2.20,0.00,0.01,0,0
vda,2.00,0.00,0.01,0,0
vda,24.80,0.00,0.10,0,0
vda,439.00,5.35,0.02,26,0
vda,88.40,0.88,0.02,4,0
vda,363.40,4.81,0.02,24,0
vda,146.40,1.34,0.02,6,0
vda,7.40,0.00,0.03,0,0
vda,20.56,0.00,0.12,0,0
vda,10.40,0.09,0.06,0,0
vda,6.60,0.00,0.03,0,0
vda,7.80,0.00,0.03,0,0
vda,3.00,0.00,0.01,0,0
vda,2.00,0.00,0.01,0,0
vda,2.00,0.00,0.01,0,0
vda,7.00,0.00,0.03,0,0
vda,2.80,0.00,0.01,0,0
vda,3.00,0.00,0.01,0,0
vda,2.40,0.00,0.01,0,0
vda,2.00,0.00,0.01,0,0
vda,2.00,0.00,0.01,0,0
vda,8.80,0.00,0.04,0,0
vda,3.80,0.00,0.02,0,0
vda,2.40,0.00,0.01,0,0
