vda,20.00,0.00,0.10,0,0
vda,2.40,0.00,0.01,0,0
vda,0.80,0.00,0.00,0,0
vda,0.00,0.00,0.00,0,0
vda,0.60,0.00,0.00,0,0
vda,2.40,0.00,0.01,0,0
vda,0.00,0.00,0.00,0,0
vda,3.80,0.00,0.01,0,0
vda,50.80,17.00,0.02,85,0
vda,14.20,4.63,0.01,23,0
vda,15.60,4.89,0.01,24,0
vda,62.20,20.09,0.05,100,0
vda,35.20,12.49,0.01,62,0
vda,6.00,0.00,0.10,0,0
vda,35.80,12.50,0.01,62,0
vda,3.40,0.00,0.01,0,0
vda,2.80,0.00,0.01,0,0
vda,2.60,0.00,0.01,0,0
vda,3.40,0.00,0.01,0,0
vda,6.40,0.00,0.03,0,0
vda,13.80,0.00,0.07,0,0
vda,1.40,0.00,0.01,0,0
vda,22.80,0.00,13.14,0,65
vda,12.00,0.00,5.04,0,25
vda,5.60,0.00,0.02,0,0
vda,14.80,0.00,0.06,0,0
vda,5.80,0.00,0.02,0,0
vda,3.80,0.00,0.01,0,0
vda,11.00,0.00,0.05,0,0
vda,25.40,0.00,14.03,0,70
vda,14.20,0.00,5.53,0,27
vda,7.60,0.01,0.03,0,0
vda,2.20,0.00,0.01,0,0
vda,25.00,0.00,8.09,0,40
vda,16.60,0.00,13.02,0,65
vda,3.40,0.00,0.01,0,0
vda,6.20,0.00,0.02,0,0
vda,0.00,0.00,0.00,0,0
vda,4.60,0.00,0.02,0,0
vda,12.80,0.00,4.87,0,24
vda,20.40,0.00,14.53,0,72
vda,5.80,0.01,0.02,0,0
vda,2.80,0.00,0.01,0,0
vda,27.20,0.00,13.71,0,68
vda,10.60,0.00,5.50,0,27
vda,3.80,0.00,0.01,0,0
vda,20.00,0.00,0.08,0,0
vda,21.00,0.00,7.31,0,36
vda,23.80,0.00,13.01,0,65
vda,4.40,0.00,0.02,0,0
vda,4.40,0.00,0.02,0,0
vda,4.60,0.01,0.01,0,0
vda,1.20,0.00,0.00,0,0
vda,1.60,0.00,0.02,0,0
vda,10.20,0.00,3.56,0,17
vda,4.59,0.01,0.01,0,0
vda,7.20,0.00,0.03,0,0
vda,0.00,0.00,0.00,0,0
vda,6.60,0.00,0.03,0,0
vda,1.40,0.00,0.01,0,0
vda,0.80,0.00,0.00,0,0
vda,0.40,0.00,0.00,0,0
vda,8.40,0.02,0.03,0,0
vda,1.00,0.00,0.00,0,0
vda,0.00,0.00,0.00,0,0
