vda,0.60,0.00,0.00,0,0
vda,0.80,0.00,0.00,0,0
vda,30.80,0.34,0.01,1,0
vda,2.20,0.00,0.01,0,0
vda,2.00,0.00,0.01,0,0
vda,0.60,0.00,0.00,0,0
vda,23.40,0.00,0.10,0,0
vda,0.00,0.00,0.00,0,0
vda,0.60,0.00,0.00,0,0
vda,0.00,0.00,0.00,0,0
vda,1.40,0.00,0.01,0,0
vda,2.40,0.00,0.01,0,0
vda,245.00,3.10,0.01,15,0
vda,278.40,3.12,0.01,15,0
vda,99.80,1.21,0.01,6,0
vda,277.60,7.84,0.02,39,0
vda,147.40,1.41,0.01,7,0
vda,14.00,0.03,0.05,0,0
vda,17.20,0.00,0.09,0,0
vda,6.00,0.00,0.04,0,0
vda,4.80,0.00,0.02,0,0
vda,10.00,0.00,0.09,0,0
vda,6.40,0.00,0.03,0,0
vda,8.60,0.00,0.03,0,0
vda,2.20,0.09,0.00,0,0
vda,4.00,0.00,0.04,0,0
vda,7.20,0.00,0.03,0,0
vda,0.20,0.00,0.00,0,0
vda,8.60,0.00,0.04,0,0
vda,1.00,0.00,0.00,0,0
vda,6.20,0.00,0.03,0,0
vda,3.80,0.00,0.01,0,0
vda,1.20,0.00,0.00,0,0
vda,0.00,0.00,0.00,0,0
