vda,0.40,0.00,0.00,0,0
vda,2.40,0.00,0.01,0,0
vda,2.00,0.00,0.01,0,0
vda,2.80,0.00,0.01,0,0
vda,2.40,0.00,0.01,0,0
vda,20.60,0.00,0.09,0,0
vda,9.40,0.00,0.04,0,0
vda,455.60,5.53,0.02,27,0
vda,416.00,5.38,0.02,26,0
vda,22.20,0.13,0.03,0,0
vda,141.20,1.32,0.01,6,0
vda,12.60,0.00,0.06,0,0
vda,13.60,0.00,0.05,0,0
vda,10.80,0.09,0.05,0,0
vda,12.80,0.00,0.10,0,0
vda,2.60,0.00,0.01,0,0
vda,2.80,0.00,0.01,0,0
vda,2.20,0.00,0.01,0,0
vda,2.00,0.00,0.01,0,0
vda,1.80,0.00,0.01,0,0
vda,2.80,0.00,0.01,0,0
vda,2.20,0.00,0.01,0,0
vda,10.20,0.00,0.04,0,0
vda,2.00,0.00,0.01,0,0
vda,1.80,0.00,0.01,0,0
vda,2.40,0.00,0.01,0,0
vda,2.60,0.00,0.01,0,0
vda,2.00,0.00,0.01,0,0
