vda,0.40,0.00,0.00,0,0
vda,2.60,0.00,0.01,0,0
vda,1.80,0.00,0.01,0,0
vda,3.00,0.00,0.01,0,0
vda,23.20,0.00,0.10,0,0
vda,4.00,0.00,0.02,0,0
vda,17.80,0.08,0.01,0,0
vda,4.00,0.00,0.02,0,0
vda,0.00,0.00,0.00,0,0
vda,2.80,0.00,0.01,0,0
vda,2.20,0.00,0.01,0,0
vda,2.00,0.00,0.01,0,0
vda,291.20,3.54,0.02,17,0
vda,227.40,2.67,0.00,13,0
vda,228.80,3.29,0.04,16,0
vda,152.40,1.62,0.03,8,0
vda,137.52,1.20,0.03,6,0
vda,6.00,0.00,0.02,0,0
vda,9.40,0.00,0.04,0,0
vda,10.60,0.00,0.09,0,0
vda,10.40,0.00,0.04,0,0
vda,7.00,0.00,0.08,0,0
vda,10.40,0.00,0.04,0,0
vda,7.80,0.08,0.03,0,0
vda,1.80,0.00,0.01,0,0
vda,2.40,0.00,0.01,0,0
vda,8.20,0.00,0.05,0,0
vda,3.20,0.00,0.02,0,0
vda,1.80,0.00,0.01,0,0
vda,2.00,0.00,0.01,0,0
vda,0.20,0.00,0.00,0,0
vda,28.40,0.09,0.06,0,0
