vda,0.40,0.00,0.00,0,0
vda,1.60,0.00,0.01,0,0
vda,0.60,0.00,0.00,0,0
vda,0.00,0.00,0.00,0,0
vda,1.40,0.00,0.01,0,0
vda,16.80,0.00,0.07,0,0
vda,4.40,0.00,0.02,0,0
vda,329.60,4.11,0.00,20,0
vda,193.40,2.14,0.02,10,0
vda,249.00,3.63,0.02,18,0
vda,256.80,2.58,0.02,12,0
vda,19.20,0.04,0.06,0,0
vda,13.00,0.00,0.05,0,0
vda,13.80,0.00,0.08,0,0
vda,11.40,0.09,0.06,0,0
vda,0.40,0.00,0.00,0,0
vda,6.40,0.00,0.03,0,0
vda,1.00,0.00,0.00,0,0
vda,2.80,0.00,0.01,0,0
vda,1.00,0.00,0.00,0,0
vda,7.20,0.00,0.05,0,0
vda,23.40,0.16,0.00,0,0
vda,2.80,0.00,0.01,0,0
vda,9.80,0.05,0.00,0,0
vda,13.80,0.00,0.06,0,0
vda,1.20,0.00,0.00,0,0
vda,0.00,0.00,0.00,0,0
vda,19.60,0.00,0.08,0,0
vda,0.20,0.00,0.00,0,0
