vda,0.00,0.00,0.00,0,0
vda,4.00,0.00,0.02,0,0
vda,1.20,0.00,0.00,0,0
vda,1.60,0.00,0.01,0,0
vda,0.60,0.00,0.00,0,0
vda,0.00,0.00,0.00,0,0
vda,16.60,0.00,0.08,0,0
vda,7.00,0.22,0.01,1,0
vda,16.60,0.19,0.03,0,0
vda,63.00,21.46,0.01,107,0
vda,49.60,16.87,0.02,84,0
vda,36.60,13.33,0.01,66,0
vda,71.60,25.41,0.02,127,0
vda,56.40,19.80,0.02,98,0
vda,51.40,18.87,0.07,94,0
vda,49.40,17.40,0.01,87,0
vda,59.00,21.73,0.01,108,0
vda,64.60,23.80,0.02,119,0
vda,59.60,19.20,0.03,95,0
vda,27.20,9.01,0.02,45,0
vda,1.60,0.00,0.01,0,0
vda,4.00,0.01,0.01,0,0
vda,1.60,0.00,0.01,0,0
vda,0.00,0.00,0.00,0,0
vda,4.00,0.00,0.02,0,0
vda,3.60,0.00,0.02,0,0
vda,5.60,0.00,0.03,0,0
vda,12.40,0.00,0.05,0,0
vda,23.60,0.00,12.36,0,61
vda,7.58,0.00,0.03,0,0
vda,14.00,0.00,0.05,0,0
vda,11.00,0.04,0.03,0,0
vda,31.40,0.00,11.95,0,59
vda,7.00,0.00,0.03,0,0
vda,27.00,0.00,11.74,0,58
vda,6.80,0.00,0.03,0,0
vda,30.20,0.00,11.45,0,57
vda,7.40,0.00,0.04,0,0
vda,36.40,0.11,11.24,0,56
vda,9.60,0.00,0.04,0,0
vda,26.60,0.03,12.99,0,64
vda,5.40,0.00,0.02,0,0
vda,30.20,0.00,13.49,0,67
vda,7.20,0.00,0.03,0,0
vda,19.00,0.00,0.07,0,0
vda,5.20,0.00,0.02,0,0
vda,0.80,0.00,0.00,0,0
vda,0.20,0.00,0.01,0,0
vda,7.20,0.00,0.03,0,0
vda,9.00,0.00,0.07,0,0
vda,2.60,0.02,0.01,0,0
vda,7.20,0.00,0.03,0,0
vda,1.20,0.00,0.00,0,0
vda,2.40,0.00,0.01,0,0
vda,0.80,0.00,0.00,0,0
vda,0.80,0.00,0.00,0,0
