vda,1.00,0.00,0.01,0,0
vda,29.80,0.00,0.13,0,0
vda,2.60,0.00,0.01,0,0
vda,2.00,0.00,0.01,0,0
vda,0.00,0.00,0.00,0,0
vda,1.80,0.00,0.01,0,0
vda,3.20,0.00,0.01,0,0
vda,448.00,5.52,0.02,27,0
vda,416.00,5.36,0.02,26,0
vda,23.80,0.13,0.04,0,0
vda,143.20,1.32,0.02,6,0
vda,23.20,0.00,0.75,0,3
vda,13.60,0.00,0.05,0,0
vda,8.60,0.09,0.04,0,0
vda,1.80,0.00,0.01,0,0
vda,13.00,0.03,0.07,0,0
vda,2.40,0.00,0.01,0,0
vda,2.00,0.00,0.01,0,0
vda,2.00,0.00,0.01,0,0
vda,1.80,0.00,0.01,0,0
vda,1.80,0.00,0.01,0,0
vda,2.80,0.00,0.01,0,0
vda,10.00,0.00,0.04,0,0
vda,0.00,0.00,0.00,0,0
vda,1.80,0.00,0.01,0,0
vda,2.00,0.00,0.01,0,0
vda,2.40,0.00,0.01,0,0
vda,2.00,0.00,0.01,0,0
