vda,0.60,0.00,0.00,0,0
vda,2.60,0.00,0.01,0,0
vda,1.00,0.00,0.00,0,0
vda,0.60,0.00,0.01,0,0
vda,1.00,0.00,0.00,0,0
vda,3.20,0.00,0.01,0,0
vda,17.00,0.00,0.08,0,0
vda,318.00,5.74,0.01,28,0
vda,286.20,3.07,0.01,15,0
vda,206.40,17.20,0.03,85,0
vda,48.40,13.77,0.01,68,0
vda,29.60,10.04,0.01,50,0
vda,40.40,13.66,0.01,68,0
vda,39.60,12.88,0.04,64,0
vda,26.40,5.44,0.06,27,0
vda,37.20,12.37,0.02,61,0
vda,49.40,17.73,0.01,88,0
vda,48.60,14.39,0.04,71,0
vda,25.40,9.78,0.00,48,0
vda,34.80,12.13,0.01,60,0
vda,49.40,15.19,0.05,75,0
vda,30.54,5.28,0.02,26,0
vda,135.80,1.16,0.01,5,0
vda,11.00,0.07,0.01,0,0
vda,4.20,0.00,0.02,0,0
vda,0.20,0.00,0.00,0,0
vda,9.60,0.00,0.04,0,0
vda,7.40,0.00,0.04,0,0
vda,3.80,0.00,0.01,0,0
vda,4.20,0.00,0.02,0,0
vda,5.80,0.00,1.30,0,6
vda,4.60,0.00,1.29,0,6
vda,6.00,0.00,1.30,0,6
vda,4.60,0.00,1.29,0,6
vda,11.00,0.05,1.28,0,6
vda,9.00,0.00,1.30,0,6
vda,3.20,0.00,1.29,0,6
vda,13.00,0.00,1.32,0,6
vda,5.80,0.00,1.31,0,6
vda,4.80,0.00,0.65,0,3
vda,5.00,0.00,0.02,0,0
vda,8.00,0.00,0.03,0,0
vda,5.40,0.00,0.03,0,0
vda,11.80,0.13,1.49,0,7
vda,6.40,0.00,1.50,0,7
vda,4.60,0.00,1.50,0,7
vda,5.20,0.00,1.51,0,7
vda,4.80,0.00,1.50,0,7
vda,27.00,0.00,0.11,0,0
vda,7.20,0.00,0.07,0,0
vda,3.20,0.00,0.02,0,0
vda,0.00,0.00,0.00,0,0
vda,9.60,0.01,0.04,0,0
vda,3.40,0.00,0.01,0,0
vda,0.20,0.00,0.00,0,0
vda,3.40,0.00,0.01,0,0
vda,7.20,0.00,1.54,0,7
vda,5.80,0.00,1.53,0,7
vda,11.80,0.00,1.57,0,7
vda,11.40,0.00,1.56,0,7
vda,5.20,0.00,1.54,0,7
vda,2.00,0.01,1.52,0,7
vda,5.80,0.00,1.54,0,7
vda,7.40,0.00,1.55,0,7
vda,1.40,0.00,1.53,0,7
vda,10.80,0.00,0.81,0,4
vda,4.20,0.00,0.02,0,0
vda,10.20,0.00,0.04,0,0
vda,6.60,0.00,1.55,0,7
vda,6.80,0.00,1.54,0,7
vda,10.60,0.00,1.56,0,7
vda,1.80,0.00,1.54,0,7
vda,8.40,0.00,1.56,0,7
vda,1.00,0.00,1.53,0,7
vda,5.60,0.00,1.55,0,7
vda,5.20,0.00,1.55,0,7
vda,5.40,0.00,1.55,0,7
vda,12.60,0.00,0.83,0,4
vda,4.60,0.00,0.02,0,0
vda,7.60,0.00,0.04,0,0
vda,6.60,0.00,1.56,0,7
vda,6.00,0.00,1.55,0,7
vda,6.80,0.00,1.56,0,7
vda,5.00,0.00,1.55,0,7
vda,4.80,0.00,1.55,0,7
vda,0.80,0.00,1.53,0,7
vda,5.40,0.00,1.56,0,7
vda,10.80,0.00,1.58,0,7
vda,13.20,0.00,1.59,0,7
vda,7.20,0.00,0.80,0,3
vda,4.80,0.00,0.02,0,0
vda,7.00,0.00,1.56,0,7
vda,7.80,0.00,1.56,0,7
vda,4.40,0.00,1.55,0,7
vda,8.80,0.00,1.58,0,7
vda,5.60,0.00,1.56,0,7
vda,4.00,0.00,1.55,0,7
vda,5.60,0.00,1.56,0,7
vda,13.60,0.00,1.59,0,7
vda,6.00,0.00,1.55,0,7
vda,6.00,0.02,0.79,0,3
vda,2.40,0.00,0.01,0,0
vda,9.00,0.00,0.04,0,0
vda,1.40,0.00,1.54,0,7
vda,8.00,0.00,1.57,0,7
vda,6.20,0.00,1.56,0,7
vda,4.00,0.00,1.55,0,7
vda,11.40,0.00,1.59,0,7
vda,2.00,0.00,1.54,0,7
vda,6.60,0.00,1.56,0,7
vda,7.60,0.03,1.56,0,7
vda,12.80,0.00,1.60,0,7
vda,5.00,0.00,0.79,0,3
vda,4.40,0.00,0.02,0,0
vda,3.80,0.00,0.02,0,0
vda,8.80,0.02,1.56,0,7
vda,3.00,0.00,1.54,0,7
vda,13.80,0.00,1.59,0,7
vda,11.20,0.00,1.59,0,7
vda,1.40,0.00,1.54,0,7
vda,23.20,0.06,0.08,0,0
vda,3.20,0.00,0.01,0,0
vda,5.00,0.00,0.02,0,0
vda,0.00,0.00,0.00,0,0
vda,2.40,0.00,0.01,0,0
vda,11.80,0.00,0.10,0,0
vda,32.80,0.00,9.31,0,46
vda,0.00,0.00,0.00,0,0
vda,4.80,0.01,0.02,0,0
vda,4.80,0.02,0.02,0,0
vda,2.80,0.00,0.01,0,0
vda,2.00,0.00,0.01,0,0
vda,1.00,0.00,0.01,0,0
vda,6.00,0.00,1.56,0,7
vda,6.60,0.00,1.56,0,7
vda,18.00,0.00,1.62,0,8
vda,1.00,0.00,0.77,0,3
vda,4.60,0.00,0.02,0,0
vda,7.00,0.05,0.03,0,0
vda,5.60,0.00,1.56,0,7
vda,1.80,0.00,1.54,0,7
vda,1.20,0.00,1.54,0,7
vda,15.60,0.00,1.60,0,8
vda,1.40,0.00,1.54,0,7
vda,12.60,0.03,1.60,0,7
vda,8.20,0.00,0.03,0,0
vda,1.60,0.02,0.00,0,0
vda,3.00,0.02,0.01,0,0
vda,1.80,0.00,0.01,0,0
vda,0.00,0.00,0.00,0,0
vda,0.40,0.00,0.00,0,0
vda,1.00,0.00,0.01,0,0
vda,6.20,0.00,0.04,0,0
vda,7.00,0.00,0.03,0,0
