vda,1.20,0.00,0.01,0,0
vda,23.60,0.00,0.11,0,0
vda,1.60,0.00,0.01,0,0
vda,0.00,0.00,0.00,0,0
vda,0.80,0.00,0.00,0,0
vda,0.00,0.00,0.00,0,0
vda,1.60,0.00,0.01,0,0
vda,347.00,4.24,0.01,21,0
vda,370.20,4.93,0.01,24,0
vda,194.60,3.85,0.06,19,0
vda,140.60,1.30,0.01,6,0
vda,28.20,0.03,0.63,0,3
vda,7.40,0.00,0.03,0,0
vda,0.00,0.00,0.00,0,0
vda,10.80,0.09,0.05,0,0
vda,13.80,0.00,0.10,0,0
vda,1.80,0.00,0.01,0,0
vda,0.00,0.00,0.00,0,0
vda,11.60,0.00,0.05,0,0
vda,1.20,0.00,0.00,0,0
vda,0.00,0.00,0.00,0,0
vda,0.80,0.00,0.00,0,0
vda,0.80,0.00,0.00,0,0
vda,2.00,0.00,0.01,0,0
vda,2.40,0.00,0.01,0,0
vda,16.40,0.00,0.07,0,0
vda,0.80,0.00,0.00,0,0
vda,0.00,0.00,0.00,0,0
