vda,0.60,0.00,0.00,0,0
vda,28.60,0.28,0.00,1,0
vda,3.20,0.07,0.01,0,0
vda,0.80,0.00,0.00,0,0
vda,0.80,0.00,0.01,0,0
vda,28.14,0.00,0.12,0,0
vda,1.20,0.00,0.00,0,0
vda,182.20,2.12,0.00,10,0
vda,372.20,4.49,0.01,22,0
vda,342.00,9.61,0.01,48,0
vda,67.40,19.81,0.02,99,0
vda,22.60,7.41,0.01,37,0
vda,37.00,6.81,0.13,34,0
vda,5.40,1.04,0.01,5,0
vda,0.20,0.00,0.00,0,0
vda,16.40,5.66,0.00,28,0
vda,143.20,1.32,0.02,6,0
vda,11.20,0.00,0.04,0,0
vda,7.20,0.00,0.04,0,0
vda,14.40,0.00,0.11,0,0
vda,1.60,0.09,0.01,0,0
vda,6.20,0.00,0.02,0,0
vda,0.00,0.00,0.00,0,0
vda,1.60,0.00,0.01,0,0
vda,1.20,0.00,0.01,0,0
vda,1.00,0.00,0.01,0,0
vda,0.60,0.00,0.00,0,0
vda,6.00,0.00,0.03,0,0
vda,0.80,0.00,0.00,0,0
