3487696.0,163364.0,22112.0
3171218.6667,176494.66667,22277.333333
3012980.0,183060.0,22360.0
1492425.3333,662681.33333,22488.0
732148.0,902492.0,22552.0
732148.0,902492.0,22552.0
415324.53333,742169.86667,22630.933333
138104.0,601888.0,22700.0
123053.33333,484012.8,22817.333333
109884.0,380872.0,22920.0
109884.0,380872.0,22920.0
134936.53333,380132.8,22979.733333
163568.0,379288.0,23048.0
163568.0,379288.0,23048.0
220048.0,312962.66667,23082.666667
333008.0,180312.0,23152.0
1616416.0,147582.4,23174.4
3541528.0,98488.0,23208.0
3541528.0,98488.0,23208.0
