2436276.0,1014716.0,10404.0
2362858.1333,1015294.6667,10414.133333
1335008.0,1023396.0,10556.0
1269427.4667,1031116.5333,10559.733333
351300.0,1139204.0,10612.0
351300.0,1139204.0,10612.0
346182.66667,1143544.5333,10616.266667
274540.0,1204312.0,10676.0
274540.0,1204312.0,10676.0
274038.93333,1210154.4,10680.266667
267024.0,1291948.0,10740.0
267024.0,1291948.0,10740.0
266155.73333,1291964.5333,10746.4
260512.0,1292072.0,10788.0
245626.13333,1303759.4667,10795.466667
148868.0,1379728.0,10844.0
148868.0,1379728.0,10844.0
150250.4,1378205.3333,10852.533333
159236.0,1368308.0,10908.0
159236.0,1368308.0,10908.0
154331.2,1372235.2,10847.2
134712.0,1387944.0,10604.0
128728.0,1395043.2,10572.8
104792.0,1423440.0,10448.0
104792.0,1423440.0,10448.0
140056.0,1389436.8,10385.6
369272.0,1168416.0,9980.0
364700.26667,1172762.6667,9983.7333333
300696.0,1233616.0,10036.0
300696.0,1233616.0,10036.0
294436.8,1239465.8667,10039.733333
206808.0,1321364.0,10092.0
206808.0,1321364.0,10092.0
201034.13333,1327213.6,10095.733333
120200.0,1409108.0,10148.0
120200.0,1409108.0,10148.0
375008.0,1146244.0,10212.0
375008.0,1146244.0,10212.0
375008.0,1146244.0,10212.0
