vda,29.00,0.27,0.01,1,0
vda,30.00,0.07,0.13,0,0
vda,9.20,0.00,0.04,0,0
vda,2.00,0.00,0.01,0,0
vda,0.00,0.00,0.00,0,0
vda,1.80,0.00,0.01,0,0
vda,3.40,0.00,0.02,0,0
vda,1.80,0.00,0.01,0,0
vda,3.40,0.00,0.01,0,0
vda,2.40,0.00,0.01,0,0
vda,2.60,0.00,0.01,0,0
vda,2.00,0.00,0.01,0,0
vda,294.00,3.62,0.02,18,0
vda,360.00,4.08,0.02,20,0
vda,233.00,3.32,0.02,16,0
vda,144.80,1.32,0.04,6,0
vda,18.40,0.00,0.07,0,0
vda,7.19,0.09,0.04,0,0
vda,0.60,0.00,0.01,0,0
vda,3.60,0.00,0.01,0,0
vda,3.20,0.00,0.01,0,0
vda,2.20,0.00,0.01,0,0
vda,6.40,0.00,0.04,0,0
vda,0.00,0.00,0.00,0,0
vda,2.60,0.00,0.01,0,0
vda,9.40,0.00,0.04,0,0
