5220112.0,2258928.0,51292.0
4632614.1333,2257621.3333,51299.466667
3961188.0,2256128.0,51308.0
2803494.4,2420866.9333,51328.533333
1480416.0,2609140.0,51352.0
1480416.0,2609140.0,51352.0
1046038.9333,2746164.5333,51366.933333
549608.0,2902764.0,51384.0
549608.0,2902764.0,51384.0
398745.06667,2975201.3333,51403.2
266740.0,3038584.0,51420.0
266740.0,3038584.0,51420.0
326914.93333,3019093.8667,51437.066667
379568.0,3002040.0,51452.0
284390.4,3084337.6,51457.6
175616.0,3178392.0,51464.0
175616.0,3178392.0,51464.0
161746.66667,3173637.6,51480.8
145896.0,3168204.0,51500.0
145896.0,3168204.0,51500.0
142137.06667,3168306.4,51519.2
138848.0,3168396.0,51536.0
425476.26667,2867775.2,51550.933333
676276.0,2604732.0,51564.0
676276.0,2604732.0,51564.0
582714.93333,2684513.3333,51571.466667
475788.0,2775692.0,51580.0
475788.0,2775692.0,51580.0
379773.06667,2866111.2,51597.066667
295760.0,2945228.0,51612.0
215687.46667,3018552.5333,51638.133333
124176.0,3102352.0,51668.0
124176.0,3102352.0,51668.0
610933.6,2623740.5333,51690.4
1167228.0,2076756.0,51716.0
2958949.6,1982613.6,51728.8
