vda,0.60,0.00,0.00,0,0
vda,32.00,0.34,0.01,1,0
vda,23.00,0.00,0.11,0,0
vda,0.00,0.00,0.00,0,0
vda,0.60,0.00,0.00,0,0
vda,0.80,0.00,0.01,0,0
vda,3.80,0.00,0.02,0,0
vda,297.60,3.73,0.01,18,0
vda,355.20,3.97,0.01,19,0
vda,251.00,12.52,0.02,62,0
vda,22.60,2.19,0.02,10,0
vda,24.60,7.30,0.01,36,0
vda,16.00,5.60,0.00,28,0
vda,1.20,0.00,0.00,0,0
vda,7.60,0.00,0.04,0,0
vda,3.60,0.00,0.06,0,0
vda,7.20,0.00,0.03,0,0
vda,1.00,0.00,0.01,0,0
vda,140.40,1.30,0.01,6,0
vda,13.40,0.03,0.96,0,4
vda,11.20,0.00,0.04,0,0
vda,12.00,0.00,0.05,0,0
vda,7.80,0.00,0.03,0,0
vda,8.40,0.00,0.03,0,0
vda,0.00,0.00,0.00,0,0
vda,7.20,0.00,0.03,0,0
vda,16.40,0.00,0.13,0,0
vda,10.60,0.09,0.04,0,0
vda,6.40,0.00,0.03,0,0
vda,0.00,0.00,0.00,0,0
vda,0.80,0.00,0.00,0,0
vda,2.40,0.00,0.01,0,0
vda,1.40,0.00,0.01,0,0
vda,6.40,0.00,0.04,0,0
vda,1.20,0.00,0.00,0,0
vda,0.60,0.00,0.00,0,0
vda,0.80,0.00,0.00,0,0
