vda,0.20,0.00,0.00,0,0
vda,2.60,0.00,0.01,0,0
vda,1.80,0.00,0.01,0,0
vda,2.60,0.00,0.01,0,0
vda,3.60,0.00,0.01,0,0
vda,2.00,0.00,0.01,0,0
vda,24.00,0.00,0.11,0,0
vda,3.20,0.00,0.01,0,0
vda,1.80,0.00,0.01,0,0
vda,19.60,0.08,0.01,0,0
vda,2.00,0.00,0.01,0,0
vda,3.60,0.00,0.01,0,0
vda,282.20,3.45,0.02,17,0
vda,337.80,3.95,0.02,19,0
vda,275.20,10.36,0.02,51,0
vda,17.40,0.91,0.02,4,0
vda,136.40,1.28,0.00,6,0
vda,8.00,0.04,0.02,0,0
vda,17.40,0.00,0.10,0,0
vda,6.80,0.00,0.04,0,0
vda,6.60,0.00,0.07,0,0
vda,11.00,0.00,0.05,0,0
vda,12.40,0.00,0.05,0,0
vda,8.20,0.00,0.03,0,0
vda,6.60,0.00,0.03,0,0
vda,7.60,0.00,0.06,0,0
vda,7.20,0.08,0.03,0,0
vda,12.40,0.00,0.05,0,0
vda,1.80,0.00,0.01,0,0
vda,2.00,0.00,0.01,0,0
vda,1.80,0.00,0.01,0,0
vda,0.00,0.00,0.00,0,0
vda,6.20,0.00,0.03,0,0
vda,20.80,0.09,0.03,0,0
vda,3.20,0.00,0.01,0,0
vda,2.20,0.00,0.01,0,0
