vda,2.80,0.00,0.01,0,0
vda,2.00,0.00,0.01,0,0
vda,2.00,0.00,0.01,0,0
vda,2.60,0.00,0.01,0,0
vda,30.20,0.24,0.01,1,0
vda,4.20,0.00,0.02,0,0
vda,24.20,0.00,0.10,0,0
vda,424.80,5.29,0.01,26,0
vda,431.80,5.55,0.02,27,0
vda,34.40,0.20,0.12,1,0
vda,141.80,1.32,0.01,6,0
vda,9.60,0.00,0.04,0,0
vda,8.00,0.09,0.04,0,0
vda,2.40,0.00,0.01,0,0
vda,16.00,0.00,0.08,0,0
vda,2.20,0.00,0.01,0,0
vda,0.00,0.00,0.00,0,0
vda,1.80,0.00,0.01,0,0
vda,2.00,0.00,0.01,0,0
vda,2.00,0.00,0.01,0,0
vda,0.80,0.00,0.01,0,0
vda,2.80,0.00,0.01,0,0
vda,3.60,0.00,0.02,0,0
vda,2.20,0.00,0.01,0,0
vda,12.00,0.00,0.05,0,0
vda,2.60,0.00,0.01,0,0
