4636304.0,2881348.0,27548.0
4636304.0,2881348.0,27548.0
2598033.3333,2881600.2667,27594.933333
1856844.0,2881692.0,27612.0
1856844.0,2881692.0,27612.0
1317892.0,2950385.3333,27649.333333
1048416.0,2984732.0,27668.0
851757.6,3063912.8,27684.8
720652.0,3116700.0,27696.0
720652.0,3116700.0,27696.0
682979.46667,3175183.2,27719.466667
650016.0,3226356.0,27740.0
650016.0,3226356.0,27740.0
678536.53333,3192485.0667,27763.466667
703492.0,3162848.0,27784.0
635982.13333,3225752.8,27795.2
558828.0,3297644.0,27808.0
558828.0,3297644.0,27808.0
508778.93333,3347616.5333,27834.133333
451580.0,3404728.0,27864.0
550371.46667,3301887.7333,27895.733333
663276.0,3184356.0,27932.0
663276.0,3184356.0,27932.0
606333.33333,3237277.8667,27956.266667
541256.0,3297760.0,27984.0
541256.0,3297760.0,27984.0
490324.8,3349222.4,28008.0
413928.0,3426416.0,28044.0
356475.2,3480385.6,28063.2
270296.0,3561340.0,28092.0
270296.0,3561340.0,28092.0
378415.2,3448686.6667,28121.866667
501980.0,3319940.0,28156.0
501980.0,3319940.0,28156.0
418406.66667,3403129.3333,28183.733333
345280.0,3475920.0,28208.0
260678.93333,3525924.2667,28228.533333
163992.0,3583072.0,28252.0
163992.0,3583072.0,28252.0
157035.2,3589574.4,28272.8
146600.0,3599328.0,28304.0
146600.0,3599328.0,28304.0
428517.86667,3317979.7333,28342.4
675196.0,3071800.0,28376.0
675196.0,3071800.0,28376.0
675196.0,3071800.0,28376.0
675196.0,3071800.0,28376.0
