vda,0.40,0.00,0.00,0,0
vda,25.60,0.00,0.11,0,0
vda,1.80,0.00,0.01,0,0
vda,3.00,0.00,0.01,0,0
vda,3.00,0.00,0.01,0,0
vda,1.80,0.00,0.01,0,0
vda,4.80,0.00,0.02,0,0
vda,3.20,0.00,0.01,0,0
vda,14.60,0.00,0.06,0,0
vda,2.40,0.00,0.01,0,0
vda,1.80,0.00,0.01,0,0
vda,0.00,0.00,0.00,0,0
vda,2.00,0.00,0.01,0,0
vda,293.60,3.63,0.02,18,0
vda,454.60,5.90,0.03,29,0
vda,201.00,20.92,0.05,104,0
vda,23.00,3.76,0.01,18,0
vda,107.00,36.06,0.01,180,0
vda,162.60,3.58,0.15,17,0
vda,4.20,0.00,0.02,0,0
vda,5.20,0.01,0.01,0,0
vda,0.00,0.00,0.00,0,0
vda,3.80,0.00,0.01,0,0
vda,1.80,0.00,0.01,0,0
vda,7.40,0.03,0.03,0,0
vda,12.80,0.00,0.07,0,0
vda,6.40,0.00,2.67,0,13
vda,4.00,0.00,0.02,0,0
vda,6.20,0.00,2.67,0,13
vda,8.80,0.00,0.03,0,0
vda,5.00,0.00,0.02,0,0
vda,0.00,0.00,0.00,0,0
vda,9.60,0.00,2.74,0,13
vda,6.40,0.00,2.69,0,13
vda,3.20,0.00,0.01,0,0
vda,6.40,0.00,2.70,0,13
vda,12.60,0.00,0.06,0,0
vda,6.80,0.00,2.72,0,13
vda,6.00,0.00,2.70,0,13
vda,8.20,0.00,0.04,0,0
vda,4.00,0.00,0.02,0,0
vda,5.00,0.00,1.34,0,6
vda,2.20,0.00,2.71,0,13
vda,6.80,0.00,2.71,0,13
vda,3.20,0.00,0.01,0,0
vda,17.60,0.00,0.07,0,0
vda,7.80,0.00,0.06,0,0
vda,6.20,0.00,2.72,0,13
vda,5.60,0.00,0.03,0,0
vda,6.20,0.00,2.71,0,13
vda,2.20,0.00,0.01,0,0
vda,3.40,0.00,0.01,0,0
vda,3.60,0.00,0.01,0,0
vda,12.20,0.00,2.74,0,13
vda,7.60,0.00,2.70,0,13
vda,2.00,0.00,0.01,0,0
vda,16.40,0.00,0.07,0,0
vda,0.00,0.00,0.00,0,0
vda,3.80,0.00,0.01,0,0
vda,3.80,0.00,0.01,0,0
vda,23.00,0.05,0.08,0,0
vda,3.20,0.00,0.01,0,0
vda,3.60,0.00,0.01,0,0
vda,3.40,0.00,2.70,0,13
vda,4.60,0.00,0.02,0,0
vda,5.40,0.00,2.69,0,13
vda,10.60,0.00,0.05,0,0
vda,13.60,0.00,0.07,0,0
vda,4.60,0.00,0.02,0,0
vda,7.60,0.00,2.73,0,13
vda,6.60,0.00,2.70,0,13
vda,5.20,0.00,2.71,0,13
vda,9.40,0.00,0.04,0,0
vda,2.00,0.00,0.01,0,0
vda,13.40,0.00,0.07,0,0
vda,2.80,0.00,0.01,0,0
vda,8.20,0.08,0.03,0,0
vda,1.80,0.00,0.01,0,0
vda,3.00,0.00,0.01,0,0
vda,2.20,0.00,0.01,0,0
vda,1.80,0.00,0.01,0,0
vda,8.00,0.00,0.04,0,0
vda,17.40,0.09,0.01,0,0
vda,2.40,0.00,0.01,0,0
vda,3.00,0.00,0.01,0,0
