vda,1.20,0.00,0.01,0,0
vda,26.60,0.00,0.12,0,0
vda,2.60,0.00,0.01,0,0
vda,0.00,0.00,0.00,0,0
vda,1.80,0.00,0.01,0,0
vda,1.80,0.00,0.01,0,0
vda,4.99,0.00,0.02,0,0
vda,432.00,5.37,0.02,26,0
vda,450.80,5.55,0.04,27,0
vda,24.00,0.16,0.02,0,0
vda,154.20,1.32,0.15,6,0
vda,12.20,0.09,0.05,0,0
vda,6.20,0.00,0.02,0,0
vda,7.60,0.00,0.05,0,0
vda,2.20,0.00,0.01,0,0
vda,4.40,0.00,0.02,0,0
vda,0.00,0.00,0.00,0,0
vda,11.20,0.00,0.05,0,0
vda,0.00,0.00,0.00,0,0
vda,2.60,0.00,0.01,0,0
vda,14.60,0.19,0.02,0,0
vda,12.80,0.00,0.06,0,0
vda,2.20,0.00,0.01,0,0
vda,0.00,0.00,0.00,0,0
vda,1.80,0.00,0.01,0,0
