vda,0.20,0.00,0.00,0,0
vda,2.40,0.00,0.01,0,0
vda,1.80,0.00,0.01,0,0
vda,3.00,0.00,0.01,0,0
vda,3.60,0.00,0.01,0,0
vda,3.00,0.00,0.01,0,0
vda,21.20,0.00,0.10,0,0
vda,3.60,0.00,0.01,0,0
vda,2.20,0.00,0.01,0,0
vda,5.00,0.00,0.02,0,0
vda,2.40,0.00,0.01,0,0
vda,1.60,0.00,0.01,0,0
vda,362.60,4.44,0.01,22,0
vda,385.00,5.10,0.04,25,0
vda,193.20,7.68,0.13,38,0
vda,147.00,2.11,0.03,10,0
vda,8.00,0.00,0.03,0,0
vda,14.00,0.00,0.05,0,0
vda,8.00,0.09,0.04,0,0
vda,0.00,0.00,0.00,0,0
vda,17.40,0.00,0.10,0,0
vda,2.60,0.00,0.01,0,0
vda,2.00,0.00,0.01,0,0
vda,2.20,0.00,0.01,0,0
vda,11.80,0.00,0.05,0,0
vda,2.80,0.00,0.01,0,0
vda,2.20,0.00,0.01,0,0
