vda,0.00,0.00,0.00,0,0
vda,2.40,0.00,0.01,0,0
vda,198.80,0.01,0.78,0,3
vda,2.00,0.00,0.01,0,0
vda,1.00,0.00,0.00,0,0
vda,11.40,0.00,0.24,0,1
vda,5.20,0.00,0.02,0,0
vda,12.20,0.00,0.05,0,0
vda,147.80,0.00,0.67,0,3
vda,1.40,0.38,0.00,1,0
vda,6.20,1.33,0.01,6,0
vda,10.80,1.60,0.02,8,0
vda,280.40,2.04,1.10,10,5
vda,10.80,3.18,0.01,15,0
vda,17.40,4.72,0.02,23,0
vda,1.40,0.00,0.01,0,0
vda,0.00,0.00,0.00,0,0
vda,151.00,0.00,0.81,0,4
vda,0.20,0.00,0.00,0,0
vda,3.40,0.00,0.01,0,0
vda,7.20,0.00,0.03,0,0
vda,136.00,0.00,0.58,0,2
vda,5.60,0.00,0.02,0,0
vda,7.00,0.00,0.03,0,0
vda,3.80,0.00,0.01,0,0
vda,2.20,0.00,0.01,0,0
vda,208.60,0.00,0.88,0,4
vda,4.40,0.00,0.02,0,0
vda,1.00,0.00,0.00,0,0
vda,7.60,0.00,0.03,0,0
vda,6.60,0.00,0.22,0,1
vda,5.40,0.00,0.02,0,0
vda,8.20,0.00,0.04,0,0
vda,25.80,0.03,0.14,0,0
vda,6.20,0.00,0.05,0,0
vda,178.60,0.00,0.70,0,3
vda,2.60,0.00,0.01,0,0
vda,1.40,0.00,0.01,0,0
vda,16.20,0.00,1.81,0,9
vda,4.00,0.00,0.02,0,0
vda,1.00,0.00,0.02,0,0
vda,31.20,0.00,0.14,0,0
vda,7.40,0.00,0.22,0,1
vda,11.00,0.06,0.04,0,0
vda,116.80,0.00,0.46,0,2
vda,2.00,0.00,0.01,0,0
vda,1.40,0.00,0.00,0,0
