7607104.0,46992.0,5436.0
7414412.8,66664.0,6015.2
7125376.0,96172.0,6884.0
5694835.2,477236.0,7045.6
3549024.0,1048832.0,7288.0
3549024.0,1048832.0,7288.0
2726296.0,1477512.0,7328.0
1492204.0,2120532.0,7388.0
1492204.0,2120532.0,7388.0
762412.0,2434801.8667,7424.2666667
123844.0,2709788.0,7456.0
122122.4,2246492.0,7492.2666667
120616.0,1841108.0,7524.0
120616.0,1841108.0,7524.0
136441.06667,1469914.4,7634.9333333
150288.0,1145120.0,7732.0
150288.0,1145120.0,7732.0
136641.6,626816.0,4511.2
127544.0,281280.0,2364.0
137071.46667,302698.66667,2468.5333333
145408.0,321440.0,2560.0
145408.0,321440.0,2560.0
147686.4,312938.66667,1883.7333333
149680.0,305500.0,1292.0
149680.0,305500.0,1292.0
221310.4,214033.6,1356.8
269064.0,153056.0,1400.0
269064.0,153056.0,1400.0
185250.66667,240538.66667,2194.6666667
143344.0,284280.0,2592.0
130106.66667,275058.66667,2402.6666667
123488.0,270448.0,2308.0
123488.0,270448.0,2308.0
131120.0,278608.0,1201.6
136208.0,284048.0,464.0
136208.0,284048.0,464.0
141461.6,277654.4,833.6
144964.0,273392.0,1080.0
141863.2,241630.4,1329.6
139796.0,220456.0,1496.0
139796.0,220456.0,1496.0
146528.0,245317.6,912.8
151016.0,261892.0,524.0
151016.0,261892.0,524.0
135118.4,277819.46667,908.0
121208.0,291756.0,1244.0
129267.73333,261121.33333,1105.3333333
136320.0,234316.0,984.0
136320.0,234316.0,984.0
137222.4,258168.8,888.0
138012.0,279040.0,804.0
138012.0,279040.0,804.0
132873.6,267868.0,1070.4
129448.0,260420.0,1248.0
139405.6,225749.6,878.4
146044.0,202636.0,632.0
146044.0,202636.0,632.0
168823.73333,218284.0,1660.2666667
188756.0,231976.0,2560.0
188756.0,231976.0,2560.0
4654080.8,111815.2,3044.8
7630964.0,31708.0,3368.0
