vda,0.40,0.00,0.00,0,0
vda,2.00,0.00,0.01,0,0
vda,1.80,0.00,0.01,0,0
vda,1.80,0.00,0.01,0,0
vda,3.00,0.00,0.01,0,0
vda,25.60,0.00,0.11,0,0
vda,2.60,0.00,0.01,0,0
vda,1.80,0.00,0.01,0,0
vda,0.00,0.00,0.00,0,0
vda,1.80,0.00,0.01,0,0
vda,3.00,0.00,0.01,0,0
vda,2.00,0.00,0.01,0,0
vda,283.40,3.40,0.05,16,0
vda,313.60,3.68,0.02,18,0
vda,328.00,13.80,0.02,68,0
vda,32.40,3.25,0.02,16,0
vda,134.00,1.14,0.03,5,0
vda,9.80,0.00,0.04,0,0
vda,6.60,0.00,0.03,0,0
vda,16.20,0.00,0.10,0,0
vda,13.80,0.00,0.10,0,0
vda,4.00,0.00,0.02,0,0
vda,9.00,0.00,0.04,0,0
vda,6.40,0.00,0.03,0,0
vda,2.00,0.00,0.01,0,0
vda,0.20,0.00,0.00,0,0
vda,8.00,0.09,0.05,0,0
vda,7.00,0.00,0.03,0,0
vda,2.60,0.00,0.01,0,0
vda,2.20,0.00,0.01,0,0
vda,9.20,0.00,0.04,0,0
vda,2.00,0.00,0.01,0,0
vda,1.60,0.00,0.01,0,0
vda,5.80,0.00,0.03,0,0
vda,3.60,0.00,0.02,0,0
