vda,4.00,0.00,0.02,0,0
vda,19.00,0.00,0.09,0,0
vda,2.20,0.00,0.01,0,0
vda,1.80,0.00,0.01,0,0
vda,1.80,0.00,0.01,0,0
vda,1.80,0.00,0.01,0,0
vda,4.00,0.00,0.02,0,0
vda,2.20,0.00,0.01,0,0
vda,1.80,0.00,0.01,0,0
vda,2.99,0.00,0.01,0,0
vda,1.80,0.00,0.01,0,0
vda,1.80,0.00,0.01,0,0
vda,388.60,4.63,0.05,23,0
vda,137.80,1.57,0.01,7,0
vda,351.60,4.70,0.02,23,0
vda,155.20,1.44,0.02,7,0
vda,18.60,0.00,0.08,0,0
vda,7.00,0.09,0.04,0,0
vda,7.20,0.00,0.03,0,0
vda,2.20,0.00,0.01,0,0
vda,3.00,0.00,0.01,0,0
vda,1.80,0.00,0.01,0,0
vda,2.00,0.00,0.01,0,0
vda,15.20,0.00,0.08,0,0
vda,3.00,0.00,0.01,0,0
vda,1.80,0.00,0.01,0,0
