vda,0.60,0.00,0.00,0,0
vda,32.20,0.34,0.01,1,0
vda,0.00,0.00,0.00,0,0
vda,1.00,0.00,0.00,0,0
vda,0.00,0.00,0.00,0,0
vda,1.40,0.00,0.01,0,0
vda,25.40,0.00,0.12,0,0
vda,381.40,4.72,0.00,23,0
vda,375.80,4.94,0.02,24,0
vda,151.20,12.14,0.02,60,0
vda,11.60,0.60,0.00,3,0
vda,28.00,6.80,0.03,33,0
vda,5.60,0.41,0.01,2,0
vda,6.00,0.00,0.04,0,0
vda,6.20,1.61,0.01,8,0
vda,8.40,1.97,0.06,9,0
vda,141.40,1.32,0.01,6,0
vda,14.80,0.00,0.06,0,0
vda,8.60,0.00,0.03,0,0
vda,12.60,0.00,0.05,0,0
vda,18.40,0.00,0.09,0,0
vda,6.40,0.09,0.03,0,0
vda,0.00,0.00,0.00,0,0
vda,20.80,0.00,0.10,0,0
vda,1.20,0.00,0.00,0,0
vda,0.00,0.00,0.00,0,0
vda,0.60,0.00,0.00,0,0
vda,0.80,0.00,0.00,0,0
vda,0.00,0.00,0.00,0,0
vda,3.00,0.00,0.01,0,0
vda,11.00,0.00,0.05,0,0
