vda,0.40,0.00,0.00,0,0
vda,2.60,0.00,0.01,0,0
vda,1.80,0.00,0.01,0,0
vda,2.00,0.00,0.01,0,0
vda,0.80,0.00,0.01,0,0
vda,4.20,0.00,0.02,0,0
vda,27.40,0.00,0.12,0,0
vda,2.00,0.00,0.01,0,0
vda,0.00,0.00,0.00,0,0
vda,1.80,0.00,0.01,0,0
vda,2.60,0.00,0.01,0,0
vda,2.20,0.00,0.01,0,0
vda,294.60,3.64,0.02,18,0
vda,229.80,2.56,0.04,12,0
vda,254.80,3.61,0.01,18,0
vda,265.00,2.52,0.10,12,0
vda,10.60,0.03,0.04,0,0
vda,12.40,0.00,0.05,0,0
vda,7.60,0.00,0.03,0,0
vda,7.40,0.09,0.04,0,0
vda,3.20,0.00,0.01,0,0
vda,0.60,0.00,0.01,0,0
vda,16.00,0.00,0.10,0,0
vda,1.80,0.00,0.01,0,0
vda,2.00,0.00,0.01,0,0
vda,1.80,0.00,0.01,0,0
vda,4.60,0.00,0.02,0,0
vda,2.80,0.00,0.01,0,0
vda,2.20,0.00,0.01,0,0
