2224872.0,1192584.0,29960.0
2224872.0,1192584.0,29960.0
894059.2,1193028.8,30084.8
561356.0,1193140.0,30116.0
561356.0,1193140.0,30116.0
368318.13333,1262372.8,30171.466667
338620.0,1273024.0,30180.0
374825.86667,1268428.2667,30239.733333
377412.0,1268100.0,30244.0
377412.0,1268100.0,30244.0
233448.26667,1358517.6,30292.533333
211300.0,1372428.0,30300.0
211300.0,1372428.0,30300.0
126657.86667,1456021.0667,30363.466667
120612.0,1461992.0,30368.0
201815.2,1377932.2667,30423.466667
214308.0,1365000.0,30432.0
214308.0,1365000.0,30432.0
1815076.0,1227371.2,30480.0
2215268.0,1192964.0,30492.0
