3445992.0,74652.0,12300.0
3445992.0,74652.0,12300.0
1869008.8,432994.4,12376.266667
1626396.0,488124.0,12388.0
323896.53333,827451.73333,12429.6
123512.0,879656.0,12436.0
123512.0,879656.0,12436.0
137044.8,539448.0,12487.2
140428.0,454396.0,12500.0
140428.0,454396.0,12500.0
133480.8,454052.8,12562.4
132412.0,454000.0,12572.0
232367.2,359779.2,12623.2
257356.0,336224.0,12636.0
257356.0,336224.0,12636.0
145468.0,430713.6,12680.8
117496.0,454336.0,12692.0
117496.0,454336.0,12692.0
125254.66667,448299.2,12738.933333
128076.0,446104.0,12756.0
192892.0,368504.0,12807.2
209096.0,349104.0,12820.0
209096.0,349104.0,12820.0
142548.8,413795.2,12871.2
125912.0,429968.0,12884.0
125912.0,429968.0,12884.0
111112.8,450826.93333,12932.533333
108836.0,454036.0,12940.0
117034.4,445090.93333,13014.666667
117620.0,444452.0,13020.0
117620.0,444452.0,13020.0
104108.0,454644.0,13068.0
104108.0,454644.0,13068.0
104108.0,454644.0,13068.0
132059.46667,414660.0,12444.533333
134056.0,411804.0,12400.0
126608.0,419166.13333,11851.2
126076.0,419692.0,11812.0
126076.0,419692.0,11812.0
200432.8,338555.46667,11882.933333
205744.0,332760.0,11888.0
205744.0,332760.0,11888.0
131420.8,404906.66667,11944.0
126112.0,410060.0,11948.0
126112.0,410060.0,11948.0
124332.0,398088.0,11856.0
124332.0,398088.0,11856.0
240792.0,282584.0,11916.0
240792.0,282584.0,11916.0
240792.0,282584.0,11916.0
142568.0,401540.0,11988.0
142568.0,401540.0,11988.0
142568.0,401540.0,11988.0
142568.0,420656.0,12048.0
142568.0,420656.0,12048.0
479744.0,69946.666667,12100.266667
503828.0,44896.0,12104.0
503828.0,44896.0,12104.0
3270291.4667,48509.866667,12656.533333
3467896.0,48768.0,12696.0
