vda,2.60,0.00,0.01,0,0
vda,0.60,0.00,0.00,0,0
vda,1.20,0.00,0.00,0,0
vda,0.80,0.00,0.00,0,0
vda,0.00,0.00,0.00,0,0
vda,0.60,0.00,0.00,0,0
vda,14.80,0.00,0.08,0,0
vda,28.40,0.30,0.01,1,0
vda,58.60,12.82,0.04,64,0
vda,63.20,13.32,0.05,66,0
vda,249.20,1.13,0.01,5,0
vda,46.20,12.49,0.06,62,0
vda,3.20,0.40,0.01,2,0
vda,74.80,5.25,0.02,26,0
vda,67.00,0.20,0.16,0,0
vda,4.00,0.00,0.02,0,0
vda,2.80,0.00,0.01,0,0
vda,0.00,0.00,0.00,0,0
vda,9.00,0.01,0.03,0,0
vda,2.60,0.00,0.01,0,0
vda,4.60,0.00,0.02,0,0
vda,7.20,0.00,0.04,0,0
vda,3.60,0.00,0.01,0,0
vda,18.20,0.00,9.41,0,47
vda,8.40,0.00,9.45,0,47
vda,0.00,0.00,0.00,0,0
vda,3.40,0.00,0.01,0,0
vda,3.60,0.00,0.01,0,0
vda,3.80,0.00,0.01,0,0
vda,5.20,0.00,0.03,0,0
vda,16.60,0.00,3.84,0,19
vda,5.60,0.00,3.91,0,19
vda,5.40,0.00,3.70,0,18
vda,1.60,0.00,3.77,0,18
vda,7.20,0.00,3.74,0,18
vda,12.00,0.00,0.05,0,0
vda,4.60,0.00,0.02,0,0
vda,6.20,0.00,3.76,0,18
vda,10.60,0.00,3.92,0,19
vda,6.80,0.00,3.70,0,18
vda,5.60,0.00,3.79,0,18
vda,7.20,0.00,3.75,0,18
vda,3.40,0.00,0.01,0,0
vda,3.20,0.00,0.01,0,0
vda,2.00,0.00,3.75,0,18
vda,17.40,0.00,3.96,0,19
vda,6.80,0.00,3.70,0,18
vda,8.80,0.00,3.80,0,19
vda,8.00,0.00,3.74,0,18
vda,16.00,0.00,0.06,0,0
vda,0.00,0.00,0.00,0,0
vda,4.00,0.00,0.02,0,0
vda,9.40,0.00,0.05,0,0
vda,5.00,0.00,0.02,0,0
vda,3.60,0.00,0.01,0,0
vda,8.00,0.00,0.03,0,0
vda,0.00,0.00,0.00,0,0
vda,5.60,0.00,3.75,0,18
vda,8.80,0.00,3.91,0,19
vda,12.80,0.00,3.73,0,18
vda,7.80,0.00,3.79,0,18
vda,7.20,0.00,3.74,0,18
vda,4.00,0.00,0.02,0,0
vda,1.00,0.00,0.00,0,0
vda,12.40,0.00,3.77,0,18
vda,9.60,0.00,3.92,0,19
vda,11.80,0.00,3.72,0,18
vda,8.80,0.02,3.80,0,18
vda,7.00,0.00,3.74,0,18
vda,3.60,0.00,0.01,0,0
vda,2.60,0.00,3.75,0,18
vda,6.20,0.00,3.91,0,19
vda,11.20,0.00,0.05,0,0
vda,6.80,0.00,3.71,0,18
vda,5.40,0.00,3.79,0,18
vda,10.20,0.03,3.76,0,18
vda,12.20,0.00,0.05,0,0
vda,6.80,0.00,3.77,0,18
vda,17.00,0.00,3.94,0,19
vda,7.60,0.00,3.70,0,18
vda,10.60,0.00,3.82,0,19
vda,7.00,0.00,3.74,0,18
vda,3.40,0.00,0.01,0,0
vda,3.60,0.00,0.02,0,0
vda,9.20,0.00,3.76,0,18
vda,5.80,0.00,3.90,0,19
vda,10.60,0.02,3.71,0,18
vda,10.20,0.00,3.81,0,19
vda,3.40,0.00,3.73,0,18
vda,3.00,0.00,0.01,0,0
vda,7.80,0.00,0.03,0,0
vda,0.00,0.00,0.00,0,0
vda,6.60,0.00,0.03,0,0
vda,1.00,0.00,0.00,0,0
vda,4.60,0.00,0.03,0,0
vda,1.40,0.00,0.01,0,0
vda,8.20,0.06,0.02,0,0
vda,1.20,0.00,0.00,0,0
vda,0.00,0.00,0.00,0,0
