vda,2.40,0.00,0.01,0,0
vda,25.40,0.00,0.11,0,0
vda,2.20,0.00,0.01,0,0
vda,1.80,0.00,0.01,0,0
vda,1.80,0.00,0.01,0,0
vda,13.40,0.00,0.06,0,0
vda,2.40,0.00,0.01,0,0
vda,435.80,5.27,0.05,26,0
vda,433.20,5.56,0.02,27,0
vda,42.80,4.88,0.02,24,0
vda,141.60,1.32,0.01,6,0
vda,9.40,0.00,0.04,0,0
vda,7.80,0.09,0.04,0,0
vda,2.20,0.00,0.01,0,0
vda,10.80,0.00,0.05,0,0
vda,2.40,0.00,0.01,0,0
vda,0.00,0.00,0.00,0,0
vda,2.00,0.00,0.01,0,0
vda,2.00,0.00,0.01,0,0
vda,2.60,0.00,0.01,0,0
vda,9.00,0.00,0.04,0,0
vda,3.00,0.00,0.01,0,0
vda,1.80,0.00,0.01,0,0
vda,4.20,0.00,0.02,0,0
vda,2.00,0.00,0.01,0,0
vda,9.40,0.00,0.04,0,0
