vda,15.80,0.00,0.07,0,0
vda,2.20,0.00,0.01,0,0
vda,0.60,0.00,0.00,0,0
vda,3.40,0.00,0.02,0,0
vda,27.20,0.24,0.00,1,0
vda,11.00,0.00,0.05,0,0
vda,1.40,0.00,0.01,0,0
vda,344.80,4.25,0.00,21,0
vda,179.00,1.99,0.04,9,0
vda,308.20,9.74,0.01,48,0
vda,112.20,12.12,0.02,60,0
vda,53.20,3.68,0.01,18,0
vda,131.00,1.11,0.02,5,0
vda,3.00,0.00,0.01,0,0
vda,6.60,0.03,0.03,0,0
vda,12.80,0.03,0.10,0,0
vda,0.00,0.00,0.00,0,0
vda,2.80,0.00,0.01,0,0
vda,15.40,0.00,0.06,0,0
vda,5.40,0.00,1.72,0,8
vda,4.80,0.00,0.03,0,0
vda,10.40,0.00,0.04,0,0
vda,7.78,0.00,0.06,0,0
vda,0.60,0.00,0.01,0,0
vda,6.40,0.00,0.03,0,0
vda,1.60,0.00,0.01,0,0
vda,1.00,0.00,0.01,0,0
vda,3.20,0.00,0.01,0,0
vda,3.80,0.00,1.75,0,8
vda,7.80,0.00,0.04,0,0
vda,12.80,0.00,0.05,0,0
vda,0.00,0.00,0.00,0,0
vda,1.80,0.00,0.01,0,0
vda,5.40,0.00,0.02,0,0
vda,0.20,0.00,0.00,0,0
vda,4.60,0.00,0.02,0,0
vda,1.40,0.08,0.00,0,0
vda,19.00,0.00,0.09,0,0
vda,0.80,0.00,0.01,0,0
vda,1.00,0.00,0.00,0,0
vda,0.80,0.00,0.00,0,0
vda,0.00,0.00,0.00,0,0
vda,0.80,0.00,0.00,0,0
vda,0.40,0.00,0.00,0,0
vda,4.40,0.00,0.02,0,0
vda,0.80,0.00,0.00,0,0
vda,0.20,0.00,0.00,0,0
vda,1.20,0.00,0.00,0,0
vda,0.00,0.00,0.00,0,0
vda,0.60,0.00,0.00,0,0
vda,18.40,0.00,0.08,0,0
