vda,1.20,0.00,0.01,0,0
vda,27.00,0.00,0.12,0,0
vda,2.00,0.00,0.01,0,0
vda,1.80,0.00,0.01,0,0
vda,1.80,0.00,0.01,0,0
vda,4.40,0.00,0.02,0,0
vda,0.60,0.00,0.00,0,0
vda,460.60,5.67,0.01,28,0
vda,425.80,10.52,0.02,52,0
vda,26.00,1.97,0.04,9,0
vda,143.20,1.80,0.01,8,0
vda,12.80,0.00,0.05,0,0
vda,8.80,0.00,0.04,0,0
vda,8.20,0.00,0.05,0,0
vda,16.00,0.00,0.11,0,0
vda,8.40,0.09,0.03,0,0
vda,4.99,0.00,0.07,0,0
vda,1.80,0.00,0.01,0,0
vda,2.20,0.00,0.01,0,0
vda,2.40,0.00,0.01,0,0
vda,7.20,0.00,0.03,0,0
vda,2.60,0.00,0.01,0,0
vda,2.60,0.00,0.01,0,0
vda,2.00,0.00,0.01,0,0
vda,2.20,0.00,0.01,0,0
vda,3.60,0.00,0.02,0,0
vda,2.20,0.00,0.01,0,0
vda,2.00,0.00,0.01,0,0
vda,1.80,0.00,0.01,0,0
vda,2.00,0.00,0.01,0,0
