vda,27.80,0.00,0.12,0,0
vda,3.00,0.00,0.01,0,0
vda,2.20,0.00,0.01,0,0
vda,4.80,0.00,0.02,0,0
vda,2.40,0.00,0.01,0,0
vda,2.60,0.00,0.01,0,0
vda,2.40,0.00,0.01,0,0
vda,13.60,0.00,0.06,0,0
vda,2.80,0.00,0.01,0,0
vda,4.20,0.00,0.02,0,0
vda,2.40,0.00,0.01,0,0
vda,1.80,0.00,0.01,0,0
vda,345.40,4.26,0.02,21,0
vda,175.40,1.97,0.02,9,0
vda,359.20,4.76,0.01,23,0
vda,146.00,1.34,0.02,6,0
vda,6.80,0.00,0.03,0,0
vda,14.60,0.09,0.07,0,0
vda,7.40,0.00,0.03,0,0
vda,10.20,0.00,0.07,0,0
vda,2.40,0.00,0.01,0,0
vda,1.80,0.00,0.01,0,0
vda,2.00,0.00,0.01,0,0
vda,1.80,0.00,0.01,0,0
vda,10.20,0.00,0.05,0,0
vda,0.00,0.00,0.00,0,0
vda,5.40,0.00,0.03,0,0
