vda,20.60,0.00,0.10,0,0
vda,2.40,0.00,0.01,0,0
vda,0.80,0.00,0.00,0,0
vda,2.00,0.00,0.01,0,0
vda,1.00,0.00,0.00,0,0
vda,0.80,0.00,0.00,0,0
vda,0.20,0.00,0.00,0,0
vda,2.80,0.00,0.02,0,0
vda,45.00,15.60,0.02,78,0
vda,55.80,18.70,0.04,93,0
vda,48.00,18.10,0.01,90,0
vda,64.00,25.60,0.00,128,0
vda,72.40,26.00,0.03,130,0
vda,63.00,23.20,0.03,116,0
vda,64.00,22.80,0.09,114,0
vda,60.68,23.15,0.01,116,0
vda,47.40,17.90,0.01,89,0
vda,44.60,16.90,0.01,84,0
vda,11.00,0.00,0.06,0,0
vda,0.00,0.00,0.00,0,0
vda,0.60,0.00,0.00,0,0
vda,3.80,0.00,0.01,0,0
vda,7.40,0.00,0.03,0,0
vda,5.00,0.01,0.01,0,0
vda,8.80,0.00,0.04,0,0
vda,17.80,0.00,0.10,0,0
vda,8.20,0.00,0.03,0,0
vda,3.60,0.00,0.03,0,0
vda,7.20,0.00,0.03,0,0
vda,34.00,0.00,14.16,0,70
vda,6.20,0.00,0.02,0,0
vda,4.80,0.00,0.02,0,0
vda,7.80,0.00,0.03,0,0
vda,3.60,0.00,0.01,0,0
vda,41.60,0.00,15.09,0,75
vda,6.80,0.00,0.88,0,4
vda,7.60,0.00,0.03,0,0
vda,33.80,0.00,15.49,0,77
vda,5.40,0.00,0.02,0,0
vda,7.00,0.00,0.03,0,0
vda,0.00,0.00,0.00,0,0
vda,19.60,0.00,0.09,0,0
vda,7.80,0.00,0.03,0,0
vda,1.40,0.00,0.01,0,0
vda,8.20,0.00,0.07,0,0
vda,0.00,0.00,0.00,0,0
vda,2.60,0.01,0.00,0,0
vda,0.20,0.00,0.00,0,0
vda,8.60,0.00,0.04,0,0
vda,1.40,0.00,0.01,0,0
vda,0.00,0.00,0.00,0,0
