3231757.6,115496.0,12315.2
2943988.0,117296.0,12356.0
2943988.0,117296.0,12356.0
1819802.9333,489285.33333,12387.733333
535020.0,914416.0,12424.0
346335.46667,739016.53333,12450.133333
130696.0,538560.0,12480.0
130696.0,538560.0,12480.0
145345.6,490755.2,12502.4
167320.0,419048.0,12536.0
167320.0,419048.0,12536.0
151236.8,458428.8,12561.6
127112.0,517500.0,12600.0
121046.66667,516761.33333,12621.333333
108916.0,515284.0,12664.0
108916.0,515284.0,12664.0
160576.0,472800.0,12685.333333
263896.0,387832.0,12728.0
263896.0,387832.0,12728.0
214018.66667,427590.66667,12877.333333
114264.0,507108.0,13176.0
198498.66667,421972.0,13194.666667
366968.0,251700.0,13232.0
366968.0,251700.0,13232.0
327469.33333,287631.73333,13244.8
218848.0,386444.0,13280.0
866223.2,326197.6,13290.4
