vda,19.40,0.00,0.09,0,0
vda,3.00,0.00,0.01,0,0
vda,2.20,0.00,0.01,0,0
vda,2.20,0.00,0.01,0,0
vda,1.80,0.00,0.01,0,0
vda,1.80,0.00,0.01,0,0
vda,2.60,0.00,0.01,0,0
vda,12.40,0.00,0.05,0,0
vda,2.80,0.00,0.01,0,0
vda,4.60,0.00,0.02,0,0
vda,2.40,0.00,0.01,0,0
vda,1.60,0.00,0.01,0,0
vda,351.80,4.28,0.01,21,0
vda,174.20,1.94,0.04,9,0
vda,350.00,4.71,0.02,23,0
vda,154.40,1.39,0.03,6,0
vda,8.20,0.04,0.02,0,0
vda,6.00,0.00,0.02,0,0
vda,11.80,0.00,0.05,0,0
vda,6.40,0.00,0.03,0,0
vda,13.00,0.00,0.14,0,0
vda,13.80,0.00,0.06,0,0
vda,0.20,0.00,0.00,0,0
vda,4.40,0.00,0.02,0,0
vda,1.80,0.00,0.01,0,0
vda,4.60,0.09,0.02,0,0
vda,7.80,0.00,0.03,0,0
vda,8.20,0.00,0.05,0,0
vda,0.00,0.00,0.00,0,0
vda,1.80,0.00,0.01,0,0
vda,2.00,0.00,0.01,0,0
vda,2.20,0.00,0.01,0,0
vda,9.40,0.00,0.04,0,0
vda,2.20,0.00,0.01,0,0
vda,5.80,0.00,0.02,0,0
