vda,3.00,0.00,0.01,0,0
vda,5.00,0.00,0.02,0,0
vda,2.00,0.00,0.01,0,0
vda,0.20,0.00,0.00,0,0
vda,5.60,0.00,0.02,0,0
vda,1.60,0.00,0.01,0,0
vda,13.80,0.00,0.05,0,0
vda,119.60,0.00,0.47,0,2
vda,0.60,0.00,0.00,0,0
vda,14.60,0.00,0.26,0,1
vda,8.00,0.00,0.03,0,0
vda,4.20,0.00,0.02,0,0
vda,10.20,0.00,0.04,0,0
vda,212.80,0.00,0.92,0,4
vda,1.80,0.00,0.01,0,0
vda,15.80,3.95,0.02,19,0
vda,0.00,0.00,0.00,0,0
vda,3.60,0.00,0.01,0,0
vda,4.40,0.00,0.02,0,0
vda,10.80,0.00,0.05,0,0
vda,10.20,0.00,0.11,0,0
vda,141.80,0.01,0.75,0,3
vda,4.20,0.00,0.02,0,0
vda,3.60,0.00,0.01,0,0
vda,0.20,0.00,0.00,0,0
vda,209.60,0.00,0.91,0,4
vda,3.80,0.00,0.01,0,0
vda,1.60,0.00,0.01,0,0
vda,5.00,0.00,0.02,0,0
vda,129.00,0.00,0.55,0,2
vda,3.00,0.00,0.01,0,0
vda,11.20,0.00,0.04,0,0
vda,6.60,0.04,0.01,0,0
vda,8.40,0.00,0.23,0,1
vda,7.00,0.00,0.03,0,0
vda,1.40,0.00,0.01,0,0
vda,33.00,0.00,0.15,0,0
vda,233.60,0.00,0.92,0,4
vda,1.20,0.00,0.00,0,0
