2718100.0,818532.0,4520.0
2718100.0,818532.0,4520.0
1160020.0,1034772.0,4752.0
1160020.0,1034772.0,4752.0
614204.53333,1155490.9333,4649.6
614204.53333,1155490.9333,4649.6
141551.46667,1244412.0,4497.8666667
210648.0,1010500.0,3628.0
210648.0,1010500.0,3628.0
204155.2,1021344.2667,3632.8
113256.0,1173164.0,3700.0
113256.0,1173164.0,3700.0
114122.93333,1170806.4,3704.2666667
126260.0,1137800.0,3764.0
138650.4,1123888.0,3768.0
312116.0,929120.0,3824.0
312116.0,929120.0,3824.0
478528.0,915926.4,3835.7333333
2808296.0,731216.0,4000.0
