vda,2.80,0.00,0.01,0,0
vda,1.80,0.00,0.01,0,0
vda,1.80,0.00,0.01,0,0
vda,2.60,0.00,0.01,0,0
vda,26.20,0.00,0.11,0,0
vda,2.20,0.00,0.01,0,0
vda,2.00,0.00,0.01,0,0
vda,2.00,0.00,0.01,0,0
vda,2.40,0.00,0.01,0,0
vda,2.80,0.00,0.01,0,0
vda,2.20,0.00,0.01,0,0
vda,3.20,0.00,0.01,0,0
vda,260.60,3.30,0.02,16,0
vda,252.00,2.87,0.01,14,0
vda,240.80,3.32,0.05,16,0
vda,140.40,1.50,0.02,7,0
vda,143.80,1.34,0.02,6,0
vda,4.20,0.00,0.02,0,0
vda,14.20,0.00,0.08,0,0
vda,12.20,0.00,0.05,0,0
vda,10.60,0.00,0.09,0,0
vda,8.20,0.09,0.04,0,0
vda,7.60,0.00,0.03,0,0
vda,9.00,0.00,0.04,0,0
vda,0.00,0.00,0.00,0,0
vda,8.00,0.00,0.06,0,0
vda,3.00,0.00,0.01,0,0
vda,10.80,0.00,0.05,0,0
vda,2.60,0.00,0.01,0,0
vda,2.20,0.00,0.01,0,0
vda,4.40,0.00,0.02,0,0
