vda,4.00,0.00,0.02,0,0
vda,1.40,0.00,0.01,0,0
vda,11.80,0.00,0.24,0,1
vda,3.00,0.00,0.01,0,0
vda,2.00,0.00,0.01,0,0
vda,180.60,0.00,0.72,0,3
vda,19.60,0.00,0.08,0,0
vda,8.20,0.00,0.03,0,0
vda,5.00,0.00,0.02,0,0
vda,0.60,0.00,0.00,0,0
vda,3.60,0.00,0.02,0,0
vda,5.40,0.00,0.02,0,0
vda,3.40,0.00,0.01,0,0
vda,28.60,0.00,0.12,0,0
vda,181.20,0.00,0.91,0,4
vda,5.20,0.00,0.02,0,0
vda,1.80,0.00,0.01,0,0
vda,10.80,0.00,0.04,0,0
vda,146.40,0.00,0.78,0,3
vda,8.40,0.00,0.03,0,0
vda,4.80,0.00,0.02,0,0
vda,2.00,0.00,0.01,0,0
vda,2.40,0.00,0.01,0,0
vda,6.00,0.00,0.02,0,0
vda,1.40,0.00,0.01,0,0
vda,32.60,0.00,0.16,0,0
vda,239.40,0.00,1.13,0,5
