vda,2.40,0.00,0.01,0,0
vda,2.00,0.00,0.01,0,0
vda,1.00,0.00,0.00,0,0
vda,19.80,0.00,0.09,0,0
vda,0.20,0.00,0.00,0,0
vda,1.00,0.00,0.00,0,0
vda,5.60,0.01,0.02,0,0
vda,9.80,0.21,0.02,1,0
vda,22.00,5.26,0.00,26,0
vda,59.00,8.39,0.02,41,0
vda,64.60,23.71,0.02,118,0
vda,49.60,19.12,0.00,95,0
vda,62.20,16.15,0.09,80,0
vda,27.20,9.22,0.03,46,0
vda,58.40,19.22,0.10,96,0
vda,29.80,10.01,0.02,50,0
vda,4.00,0.40,0.01,2,0
vda,2.20,0.00,0.01,0,0
vda,4.60,0.00,0.02,0,0
vda,0.20,0.00,0.00,0,0
vda,4.40,0.00,0.02,0,0
vda,13.00,0.00,0.06,0,0
vda,0.00,0.00,0.00,0,0
vda,8.40,0.05,0.02,0,0
vda,20.80,0.00,6.47,0,32
vda,10.00,0.00,13.73,0,68
vda,4.40,0.00,0.02,0,0
vda,3.40,0.00,0.01,0,0
vda,0.00,0.00,0.00,0,0
vda,0.60,0.00,0.00,0,0
vda,1.80,0.00,0.01,0,0
vda,6.80,0.00,0.03,0,0
vda,12.00,0.00,0.05,0,0
vda,1.40,0.01,0.00,0,0
vda,5.40,0.02,0.02,0,0
vda,3.60,0.00,0.01,0,0
vda,1.20,0.00,0.01,0,0
vda,3.80,0.00,0.01,0,0
vda,25.20,0.00,6.84,0,34
vda,15.00,0.00,13.76,0,68
vda,4.40,0.00,0.02,0,0
vda,0.00,0.00,0.00,0,0
vda,0.80,0.00,0.00,0,0
vda,0.80,0.00,0.00,0,0
vda,11.60,0.01,4.85,0,24
vda,3.00,0.00,0.01,0,0
vda,6.00,0.00,4.02,0,20
vda,5.40,0.00,1.02,0,5
vda,4.00,0.00,0.02,0,0
vda,3.20,0.00,0.01,0,0
vda,17.00,0.00,8.89,0,44
vda,14.40,0.00,13.76,0,68
vda,4.20,0.00,0.02,0,0
vda,8.00,0.04,0.02,0,0
vda,1.00,0.00,0.00,0,0
vda,0.00,0.00,0.00,0,0
vda,2.40,0.00,0.01,0,0
vda,3.20,0.00,0.01,0,0
vda,13.60,0.00,0.05,0,0
vda,3.00,0.00,0.01,0,0
vda,6.00,0.00,0.03,0,0
vda,16.40,0.00,3.28,0,16
vda,11.00,0.00,6.77,0,33
vda,5.80,0.00,0.02,0,0
vda,3.80,0.00,0.01,0,0
vda,16.00,0.00,4.86,0,24
vda,14.40,0.00,15.56,0,77
vda,2.40,0.00,0.01,0,0
vda,0.20,0.00,0.00,0,0
vda,2.00,0.00,0.01,0,0
vda,0.80,0.00,0.00,0,0
vda,1.80,0.00,0.01,0,0
vda,8.00,0.00,0.04,0,0
vda,5.80,0.00,0.02,0,0
vda,3.40,0.00,0.01,0,0
vda,15.00,0.00,6.45,0,32
vda,12.60,0.00,13.76,0,68
vda,4.00,0.00,0.02,0,0
vda,3.20,0.00,0.01,0,0
vda,0.00,0.00,0.00,0,0
vda,0.60,0.00,0.00,0,0
vda,3.40,0.00,0.02,0,0
vda,11.60,0.00,0.05,0,0
vda,10.60,0.01,0.06,0,0
vda,0.60,0.02,0.00,0,0
vda,1.00,0.00,0.00,0,0
vda,2.80,0.00,0.01,0,0
vda,4.40,0.00,0.02,0,0
vda,23.40,0.00,6.47,0,32
vda,10.80,0.00,13.74,0,68
vda,3.60,0.00,0.01,0,0
vda,3.20,0.00,0.01,0,0
vda,0.00,0.00,0.00,0,0
vda,0.80,0.00,0.00,0,0
vda,3.80,0.02,0.01,0,0
vda,4.40,0.00,0.02,0,0
vda,7.00,0.00,5.17,0,25
vda,6.60,0.00,5.02,0,25
vda,3.80,0.00,0.01,0,0
vda,3.00,0.00,0.01,0,0
vda,14.60,0.00,6.45,0,32
vda,11.80,0.00,13.76,0,68
vda,3.60,0.00,0.01,0,0
vda,5.80,0.02,0.02,0,0
vda,1.00,0.00,0.00,0,0
vda,0.00,0.00,0.00,0,0
vda,2.20,0.00,0.01,0,0
vda,3.20,0.00,0.01,0,0
vda,8.00,0.00,5.18,0,25
vda,6.00,0.00,5.02,0,25
vda,6.00,0.00,0.03,0,0
vda,3.60,0.00,0.01,0,0
vda,14.60,0.00,5.75,0,28
vda,22.00,0.02,12.11,0,60
vda,4.40,0.00,0.02,0,0
vda,0.00,0.00,0.00,0,0
vda,11.40,0.00,0.04,0,0
vda,0.80,0.00,0.00,0,0
vda,6.60,0.05,2.40,0,11
vda,20.40,0.00,0.11,0,0
vda,5.20,0.00,5.15,0,25
vda,11.40,0.00,5.02,0,25
vda,3.40,0.00,0.01,0,0
vda,0.00,0.00,0.00,0,0
vda,5.40,0.00,0.02,0,0
vda,22.00,0.00,5.68,0,28
vda,12.40,0.00,12.07,0,60
vda,4.00,0.00,0.02,0,0
vda,2.80,0.00,0.01,0,0
vda,0.00,0.00,0.00,0,0
vda,0.60,0.00,0.00,0,0
vda,6.00,0.00,2.50,0,12
vda,7.60,0.00,0.03,0,0
vda,5.40,0.00,5.16,0,25
vda,7.80,0.03,5.01,0,25
vda,4.40,0.00,0.02,0,0
vda,19.20,0.00,5.67,0,28
vda,13.00,0.00,11.96,0,59
vda,3.60,0.00,0.01,0,0
vda,0.00,0.00,0.00,0,0
vda,3.00,0.00,0.01,0,0
vda,3.40,0.00,0.01,0,0
vda,3.80,0.05,0.02,0,0
vda,3.20,0.00,0.01,0,0
vda,13.40,0.00,5.16,0,25
vda,10.00,0.00,1.64,0,8
vda,9.20,0.00,8.56,0,42
vda,0.20,0.00,0.00,0,0
vda,9.00,0.00,0.04,0,0
vda,0.00,0.00,0.00,0,0
vda,1.60,0.00,0.01,0,0
vda,9.40,0.02,0.06,0,0
vda,1.20,0.00,0.00,0,0
vda,0.00,0.00,0.00,0,0
vda,1.80,0.00,0.01,0,0
vda,0.00,0.00,0.00,0,0
vda,1.20,0.00,0.00,0,0
vda,6.19,0.00,0.03,0,0
vda,13.20,0.00,0.06,0,0
vda,0.00,0.00,0.00,0,0
vda,1.60,0.00,0.01,0,0
vda,3.60,0.02,0.01,0,0
vda,9.80,0.00,0.04,0,0
vda,0.00,0.00,0.00,0,0
vda,1.00,0.00,0.00,0,0
vda,0.00,0.00,0.00,0,0
vda,0.60,0.00,0.00,0,0
