vda,0.40,0.00,0.00,0,0
vda,2.20,0.00,0.01,0,0
vda,0.80,0.00,0.00,0,0
vda,20.60,0.00,0.10,0,0
vda,0.00,0.00,0.00,0,0
vda,0.60,0.00,0.00,0,0
vda,0.60,0.00,0.00,0,0
vda,5.40,0.00,0.03,0,0
vda,5.00,0.00,0.02,0,0
vda,14.60,0.00,0.08,0,0
vda,3.80,0.00,0.01,0,0
vda,2.60,0.00,0.01,0,0
vda,18.00,0.64,0.09,3,0
vda,1.80,0.12,0.00,0,0
vda,6.80,0.38,0.00,1,0
vda,0.80,0.00,0.00,0,0
vda,11.60,0.76,0.00,3,0
vda,6.60,0.38,0.00,1,0
vda,2.00,0.00,0.02,0,0
vda,9.40,0.00,0.04,0,0
vda,2.40,0.00,0.01,0,0
vda,11.40,0.00,3.61,0,18
vda,0.20,0.00,0.00,0,0
vda,1.00,0.00,0.00,0,0
vda,0.80,0.00,0.00,0,0
vda,0.00,0.00,0.00,0,0
vda,0.60,0.00,0.00,0,0
vda,3.60,0.00,0.02,0,0
vda,17.60,0.00,0.07,0,0
vda,5.80,0.00,0.05,0,0
vda,0.00,0.00,0.00,0,0
vda,2.00,0.00,0.01,0,0
vda,1.00,0.00,0.00,0,0
vda,1.40,0.00,0.01,0,0
vda,2.00,0.00,0.01,0,0
vda,4.80,0.00,3.57,0,17
vda,4.60,0.00,0.02,0,0
vda,6.00,0.00,0.03,0,0
vda,0.60,0.00,0.00,0,0
vda,1.00,0.00,0.01,0,0
vda,1.40,0.00,0.01,0,0
vda,3.20,0.00,0.01,0,0
vda,7.00,0.00,3.58,0,17
vda,4.80,0.00,0.02,0,0
vda,0.00,0.00,0.00,0,0
vda,1.60,0.00,0.01,0,0
vda,1.00,0.00,0.00,0,0
vda,6.20,0.00,0.03,0,0
vda,1.40,0.00,0.01,0,0
vda,6.20,0.00,3.58,0,17
vda,5.20,0.00,0.02,0,0
vda,3.20,0.00,0.02,0,0
vda,1.20,0.00,0.00,0,0
vda,0.00,0.00,0.00,0,0
vda,0.60,0.00,0.00,0,0
vda,0.20,0.00,0.00,0,0
vda,9.60,0.00,3.60,0,17
vda,8.00,0.00,0.05,0,0
vda,8.20,0.00,0.03,0,0
vda,0.80,0.00,0.00,0,0
vda,0.00,0.00,0.00,0,0
vda,1.80,0.00,0.01,0,0
vda,2.40,0.00,0.01,0,0
vda,7.20,0.00,3.59,0,17
vda,4.00,0.00,0.02,0,0
vda,0.00,0.00,0.00,0,0
vda,0.60,0.00,0.00,0,0
vda,7.58,0.00,0.03,0,0
vda,0.00,0.00,0.00,0,0
vda,1.80,0.00,0.01,0,0
vda,8.40,0.00,3.59,0,17
vda,3.80,0.00,0.02,0,0
vda,1.00,0.00,0.00,0,0
vda,0.00,0.00,0.00,0,0
vda,0.60,0.00,0.00,0,0
vda,0.60,0.00,0.01,0,0
vda,1.40,0.00,0.01,0,0
vda,10.80,0.00,0.04,0,0
vda,5.60,0.00,0.02,0,0
vda,0.00,0.00,0.00,0,0
vda,1.80,0.00,0.01,0,0
vda,2.00,0.00,0.01,0,0
vda,0.40,0.00,0.00,0,0
vda,1.40,0.00,0.01,0,0
vda,7.60,0.00,3.58,0,17
vda,4.80,0.00,0.02,0,0
vda,0.00,0.00,0.00,0,0
vda,7.20,0.00,0.04,0,0
vda,1.40,0.00,0.01,0,0
vda,2.80,0.00,0.01,0,0
vda,1.40,0.00,0.01,0,0
vda,6.40,0.00,3.58,0,17
vda,2.80,0.00,0.02,0,0
vda,1.20,0.00,0.01,0,0
vda,1.20,0.00,0.01,0,0
vda,7.00,0.00,0.03,0,0
vda,0.20,0.00,0.00,0,0
vda,4.40,0.00,0.02,0,0
vda,7.40,0.00,0.04,0,0
vda,2.20,0.00,0.01,0,0
vda,1.00,0.00,0.00,0,0
vda,0.00,0.00,0.00,0,0
vda,0.60,0.00,0.00,0,0
vda,0.00,0.00,0.00,0,0
vda,1.40,0.00,0.01,0,0
vda,1.20,0.00,0.00,0,0
