1947484.0,1389068.0,33068.0
1904146.9333,1389130.4,33082.4
1622456.0,1389536.0,33176.0
1564186.4,1390178.1333,33177.6
748412.0,1399168.0,33200.0
748412.0,1399168.0,33200.0
735597.6,1400514.6667,33201.866667
556196.0,1419368.0,33228.0
556196.0,1419368.0,33228.0
548824.53333,1419369.0667,33230.4
445624.0,1419384.0,33264.0
442078.93333,1421820.2667,33268.266667
419036.0,1437656.0,33296.0
419036.0,1437656.0,33296.0
416888.8,1438877.3333,33297.333333
386828.0,1455976.0,33316.0
386828.0,1455976.0,33316.0
397064.0,1437820.0,33356.0
397064.0,1437820.0,33356.0
397064.0,1437820.0,33356.0
367880.0,1456136.0,33396.0
367880.0,1456136.0,33396.0
367880.0,1456136.0,33396.0
339320.0,1474444.0,33420.0
339320.0,1474444.0,33420.0
272396.0,1419576.0,33456.0
272396.0,1419576.0,33456.0
272396.0,1419576.0,33456.0
253916.0,1436659.7333,33493.333333
252596.0,1437880.0,33496.0
252596.0,1437880.0,33496.0
1710055.4667,1405920.8,33516.8
1934280.0,1401004.0,33520.0
