vda,1.20,0.00,0.01,0,0
vda,30.00,0.00,0.13,0,0
vda,2.80,0.00,0.01,0,0
vda,1.80,0.00,0.01,0,0
vda,1.80,0.00,0.01,0,0
vda,1.80,0.00,0.01,0,0
vda,3.40,0.00,0.02,0,0
vda,2.00,0.00,0.01,0,0
vda,3.60,0.00,0.01,0,0
vda,2.20,0.00,0.01,0,0
vda,1.80,0.00,0.01,0,0
vda,0.00,0.00,0.00,0,0
vda,348.90,4.25,0.01,21,0
vda,401.00,5.33,0.02,26,0
vda,173.80,9.13,0.05,45,0
vda,20.00,4.81,0.03,24,0
vda,140.60,1.30,0.01,6,0
vda,6.00,0.03,0.02,0,0
vda,5.40,0.00,0.03,0,0
vda,7.40,0.00,0.04,0,0
vda,12.20,0.00,0.10,0,0
vda,5.60,0.00,0.02,0,0
vda,10.00,0.00,0.08,0,0
vda,11.40,0.00,0.05,0,0
vda,6.60,0.00,0.03,0,0
vda,7.20,0.00,0.03,0,0
vda,3.00,0.00,0.02,0,0
vda,4.00,0.09,0.01,0,0
vda,6.20,0.00,0.02,0,0
vda,7.80,0.00,0.05,0,0
vda,3.00,0.00,0.01,0,0
vda,2.00,0.00,0.01,0,0
vda,1.80,0.00,0.01,0,0
vda,9.00,0.00,0.04,0,0
vda,3.40,0.00,0.01,0,0
vda,3.40,0.00,0.01,0,0
vda,6.00,0.00,0.03,0,0
