vda,1.00,0.00,0.01,0,0
vda,2.80,0.00,0.01,0,0
vda,3.80,0.00,0.01,0,0
vda,1.80,0.00,0.01,0,0
vda,24.80,0.00,0.10,0,0
vda,1.80,0.00,0.01,0,0
vda,4.40,0.00,0.02,0,0
vda,22.80,0.97,0.02,4,0
vda,74.40,17.30,0.03,86,0
vda,59.60,18.95,0.04,94,0
vda,48.20,16.88,0.02,84,0
vda,69.20,19.80,0.13,98,0
vda,50.00,17.35,0.01,86,0
vda,53.20,19.33,0.01,96,0
vda,62.20,22.60,0.01,112,0
vda,61.40,22.20,0.01,111,0
vda,58.40,21.31,0.01,106,0
vda,67.60,23.80,0.02,119,0
vda,71.00,21.42,0.04,107,0
vda,9.60,0.88,0.02,4,0
vda,113.60,0.55,0.02,2,0
vda,6.40,0.00,0.03,0,0
vda,38.20,0.03,9.42,0,47
vda,8.20,0.00,0.03,0,0
vda,11.20,0.01,0.04,0,0
vda,17.00,0.00,0.07,0,0
vda,28.00,0.00,9.65,0,48
vda,12.40,0.02,0.04,0,0
vda,31.80,0.08,9.65,0,48
vda,9.60,0.00,0.60,0,2
vda,25.20,0.02,10.21,0,51
vda,10.20,0.00,0.04,0,0
vda,23.80,0.00,8.51,0,42
vda,15.40,0.00,2.83,0,14
vda,23.40,0.00,11.33,0,56
vda,11.20,0.00,0.04,0,0
vda,29.40,0.00,11.35,0,56
vda,24.40,0.19,0.06,0,0
vda,42.40,0.00,11.39,0,56
vda,0.20,0.00,0.00,0,0
vda,21.80,0.00,0.09,0,0
vda,9.40,0.00,0.04,0,0
vda,2.00,0.00,0.01,0,0
vda,1.80,0.00,0.01,0,0
vda,2.60,0.00,0.01,0,0
vda,11.20,0.00,0.08,0,0
vda,4.40,0.09,0.01,0,0
vda,2.00,0.00,0.01,0,0
vda,11.60,0.00,0.05,0,0
vda,2.20,0.00,0.01,0,0
