vda,1.00,0.00,0.01,0,0
vda,29.00,0.00,0.12,0,0
vda,1.60,0.00,0.01,0,0
vda,0.00,0.00,0.00,0,0
vda,0.60,0.00,0.00,0,0
vda,0.00,0.00,0.00,0,0
vda,1.60,0.00,0.01,0,0
vda,1.40,0.00,0.01,0,0
vda,1.40,0.00,0.01,0,0
vda,2.80,0.00,0.01,0,0
vda,0.00,0.00,0.00,0,0
vda,0.60,0.00,0.00,0,0
vda,277.20,3.46,0.01,17,0
vda,245.40,2.77,0.01,13,0
vda,346.40,4.47,0.04,22,0
vda,75.80,18.36,0.02,91,0
vda,151.20,1.42,0.02,7,0
vda,5.40,0.00,0.02,0,0
vda,6.40,0.05,0.02,0,0
vda,4.80,0.00,0.03,0,0
vda,0.60,0.00,0.00,0,0
vda,4.00,0.00,0.06,0,0
vda,3.20,0.00,0.01,0,0
vda,14.60,0.00,0.07,0,0
vda,10.20,0.00,0.04,0,0
vda,0.20,0.00,0.00,0,0
vda,9.60,0.00,3.27,0,16
vda,6.60,0.01,1.24,0,6
vda,5.00,0.00,0.02,0,0
vda,3.20,0.00,0.01,0,0
vda,7.80,0.00,0.03,0,0
vda,2.60,0.00,0.01,0,0
vda,2.60,0.00,0.02,0,0
vda,0.40,0.00,0.00,0,0
vda,17.40,0.00,0.08,0,0
vda,2.80,0.00,0.01,0,0
vda,0.00,0.00,0.00,0,0
vda,9.60,0.00,0.04,0,0
vda,2.20,0.00,0.01,0,0
vda,3.80,0.00,0.01,0,0
vda,3.60,0.00,0.01,0,0
vda,8.60,0.00,0.04,0,0
vda,9.40,0.00,0.04,0,0
vda,5.40,0.03,0.01,0,0
vda,5.40,0.00,1.63,0,8
vda,3.20,0.00,0.63,0,3
vda,3.40,0.08,0.01,0,0
vda,8.20,0.00,0.03,0,0
vda,1.00,0.00,0.00,0,0
vda,0.00,0.00,0.00,0,0
vda,1.20,0.00,0.01,0,0
vda,5.80,0.00,0.03,0,0
vda,0.80,0.00,0.00,0,0
vda,8.20,0.00,0.03,0,0
vda,1.40,0.00,0.01,0,0
vda,1.00,0.00,0.00,0,0
