vda,146.40,1.13,0.53,5,2
vda,15.00,0.76,0.01,3,0
vda,17.40,1.12,0.00,5,0
vda,13.80,0.77,0.01,3,0
vda,114.20,1.13,0.39,5,1
vda,15.40,0.76,0.01,3,0
vda,23.20,1.13,0.02,5,0
vda,103.20,0.76,0.44,3,2
vda,20.40,0.76,0.04,3,0
vda,32.60,1.14,0.25,5,1
vda,19.60,1.14,0.01,5,0
vda,162.60,1.51,0.57,7,2
vda,28.14,1.50,0.02,7,0
vda,19.40,1.15,0.01,5,0
vda,13.80,0.76,0.01,3,0
vda,102.60,1.13,0.34,5,1
vda,16.40,0.76,0.02,3,0
vda,19.60,1.14,0.01,5,0
vda,21.80,0.76,0.04,3,0
vda,118.40,1.13,0.45,5,2
vda,15.40,0.76,0.01,3,0
vda,27.40,1.14,0.23,5,1
vda,15.20,0.76,0.01,3,0
vda,141.00,1.13,0.50,5,2
vda,16.20,0.76,0.02,3,0
vda,21.40,1.13,0.02,5,0
vda,15.80,0.76,0.02,3,0
vda,21.60,1.13,0.02,5,0
vda,13.60,0.79,0.01,3,0
vda,107.40,0.76,0.42,3,2
vda,17.60,0.76,0.02,3,0
vda,19.00,1.14,0.01,5,0
vda,108.60,0.76,0.42,3,2
vda,29.60,1.13,0.24,5,1
vda,14.80,0.76,0.01,3,0
vda,18.20,1.01,0.01,5,0
vda,17.00,0.91,0.01,4,0
vda,146.40,0.76,0.55,3,2
vda,20.60,1.13,0.01,5,0
vda,17.40,0.76,0.02,3,0
vda,21.80,1.13,0.02,5,0
vda,13.20,0.76,0.01,3,0
vda,22.20,1.13,0.02,5,0
vda,99.00,0.76,0.39,3,1
vda,20.80,1.13,0.01,5,0
vda,23.40,0.76,0.24,3,1
vda,20.80,1.13,0.01,5,0
vda,15.20,0.76,0.01,3,0
vda,159.80,1.13,0.61,5,3
vda,15.20,0.76,0.01,3,0
vda,18.40,1.12,0.00,5,0
vda,95.60,0.77,0.33,3,1
vda,22.00,1.13,0.02,5,0
vda,13.20,0.76,0.01,3,0
vda,121.20,1.16,0.43,5,2
vda,11.80,0.38,0.02,1,0
vda,19.20,1.13,0.01,5,0
vda,21.60,0.76,0.23,3,1
vda,15.20,0.76,0.01,3,0
vda,142.00,1.13,0.52,5,2
vda,17.00,0.76,0.02,3,0
vda,20.60,1.13,0.01,5,0
vda,102.40,0.77,0.39,3,1
vda,19.60,1.13,0.01,5,0
vda,17.00,0.76,0.02,3,0
vda,81.00,1.13,0.27,5,1
vda,16.00,0.76,0.02,3,0
vda,96.60,1.13,0.32,5,1
vda,9.40,0.38,0.01,1,0
vda,28.80,1.14,0.24,5,1
vda,15.20,0.76,0.01,3,0
vda,20.40,1.14,0.01,5,0
vda,153.00,0.76,0.60,3,3
vda,19.40,1.04,0.01,5,0
vda,15.00,0.85,0.01,4,0
vda,105.00,1.13,0.36,5,1
vda,11.80,0.76,0.00,3,0
vda,22.20,1.13,0.02,5,0
vda,19.20,0.76,0.03,3,0
vda,19.20,1.13,0.01,5,0
vda,14.00,0.76,0.01,3,0
vda,14.60,0.00,0.26,0,1
vda,51.80,1.13,0.17,5,0
vda,17.00,0.76,0.02,3,0
vda,166.00,1.13,0.59,5,2
vda,15.80,0.76,0.02,3,0
vda,13.60,0.76,0.01,3,0
vda,22.00,1.14,0.02,5,0
vda,17.60,0.76,0.02,3,0
vda,22.20,1.13,0.05,5,0
vda,37.40,0.79,0.11,3,0
vda,17.60,1.13,0.00,5,0
vda,13.60,0.76,0.01,3,0
vda,132.40,1.13,0.65,5,3
vda,15.80,0.76,0.02,3,0
vda,12.20,0.76,0.00,3,0
vda,21.80,0.76,0.04,3,0
vda,40.20,1.13,0.11,5,0
vda,30.40,0.76,0.07,3,0
vda,30.20,1.13,0.07,5,0
vda,16.20,0.76,0.02,3,0
vda,19.60,1.13,0.01,5,0
vda,16.40,0.76,0.02,3,0
vda,85.00,1.13,0.26,5,1
