4151440.0,2354600.0,70928.0
4070664.5333,2354350.4,70930.666667
3545624.0,2352728.0,70948.0
3483616.8,2354072.0,70953.6
3235588.0,2359448.0,70976.0
3235588.0,2359448.0,70976.0
3181015.2,2359027.2,70983.2
2962724.0,2357344.0,71012.0
2962724.0,2357344.0,71012.0
2944400.8,2357088.2667,71013.333333
2687876.0,2353508.0,71032.0
2636233.8667,2353135.7333,71034.133333
2300560.0,2350716.0,71048.0
2300560.0,2350716.0,71048.0
2299130.6667,2350576.8,71048.8
2279120.0,2348628.0,71060.0
2279120.0,2348628.0,71060.0
2240056.5333,2346537.3333,71070.666667
2240056.5333,2346537.3333,71070.666667
2202398.1333,2344642.9333,71081.066667
2153708.0,2343732.0,71096.0
2153708.0,2343732.0,71096.0
2139641.3333,2343471.7333,71098.133333
1942708.0,2339828.0,71128.0
1942708.0,2339828.0,71128.0
1940869.0667,2339565.8667,71130.666667
1915124.0,2335896.0,71168.0
1914555.7333,2335847.2,71169.866667
1906600.0,2335164.0,71196.0
1906600.0,2335164.0,71196.0
2057951.4667,2334938.4,71197.6
4176872.0,2331780.0,71220.0
