vda,0.60,0.00,0.00,0,0
vda,0.80,0.00,0.00,0,0
vda,29.94,0.33,0.01,1,0
vda,0.00,0.00,0.00,0,0
vda,1.20,0.00,0.00,0,0
vda,0.40,0.00,0.00,0,0
vda,25.20,0.00,0.12,0,0
vda,385.00,4.72,0.01,23,0
vda,375.00,4.94,0.02,24,0
vda,186.40,25.21,0.01,126,0
vda,16.40,2.15,0.00,10,0
vda,52.60,16.27,0.02,81,0
vda,13.20,3.26,0.02,16,0
vda,1.00,0.01,0.01,0,0
vda,37.60,0.49,0.10,2,0
vda,0.80,0.00,0.05,0,0
vda,6.80,1.23,0.01,6,0
vda,16.20,5.24,0.00,26,0
vda,23.40,5.25,0.01,26,0
vda,136.20,1.19,0.02,5,0
vda,13.20,0.00,0.05,0,0
vda,10.40,0.09,0.05,0,0
vda,3.00,0.00,0.01,0,0
vda,0.20,0.00,0.00,0,0
vda,1.60,0.00,0.01,0,0
vda,0.80,0.00,0.00,0,0
vda,0.00,0.00,0.00,0,0
vda,1.20,0.00,0.00,0,0
vda,5.40,0.00,0.03,0,0
vda,7.60,0.00,0.03,0,0
