vda,1.60,0.00,0.01,0,0
vda,1.40,0.00,0.01,0,0
vda,3.19,0.00,0.01,0,0
vda,1.00,0.00,0.00,0,0
vda,0.00,0.00,0.00,0,0
vda,1.00,0.00,0.01,0,0
vda,20.60,0.00,0.10,0,0
vda,3.80,0.00,0.01,0,0
vda,19.80,0.76,0.03,3,0
vda,19.60,3.31,0.00,16,0
vda,22.40,1.14,0.01,5,0
vda,46.60,13.56,0.01,67,0
vda,28.60,1.53,0.04,7,0
vda,51.60,15.26,0.02,76,0
vda,82.80,25.83,0.07,129,0
vda,36.20,7.56,0.04,37,0
vda,53.80,14.73,0.01,73,0
vda,48.20,14.08,0.01,70,0
vda,50.60,13.08,0.01,65,0
vda,18.20,1.96,0.02,9,0
vda,20.20,1.13,0.02,5,0
vda,3.60,0.01,0.01,0,0
vda,6.00,0.00,0.04,0,0
vda,3.60,0.00,0.02,0,0
vda,3.20,0.00,0.01,0,0
vda,3.40,0.00,0.02,0,0
vda,3.40,0.00,0.01,0,0
vda,11.20,0.00,0.05,0,0
vda,3.00,0.00,0.01,0,0
vda,6.00,0.00,4.41,0,22
vda,7.60,0.00,4.49,0,22
vda,5.00,0.00,4.41,0,22
vda,6.00,0.00,4.44,0,22
vda,5.00,0.00,4.49,0,22
vda,6.00,0.00,4.34,0,21
vda,2.00,0.00,4.27,0,21
vda,3.40,0.00,4.42,0,22
vda,16.20,0.00,4.54,0,22
vda,2.60,0.00,0.01,0,0
vda,11.20,0.00,0.04,0,0
vda,6.20,0.02,0.02,0,0
vda,3.40,0.00,0.01,0,0
vda,3.80,0.00,0.02,0,0
vda,3.20,0.00,0.02,0,0
vda,30.80,0.00,24.49,0,122
vda,4.80,0.00,2.14,0,10
vda,3.20,0.00,0.01,0,0
vda,0.00,0.00,0.00,0,0
vda,3.20,0.00,0.01,0,0
vda,3.20,0.00,0.01,0,0
vda,4.00,0.00,0.02,0,0
vda,10.80,0.00,4.33,0,21
vda,3.80,0.00,4.44,0,22
vda,3.80,0.00,4.47,0,22
vda,12.20,0.00,4.47,0,22
vda,5.60,0.00,4.45,0,22
vda,5.80,0.00,4.50,0,22
vda,5.60,0.00,0.02,0,0
vda,7.19,0.00,0.04,0,0
vda,3.00,0.00,0.01,0,0
vda,2.20,0.00,4.40,0,22
vda,5.40,0.00,4.49,0,22
vda,5.80,0.00,4.42,0,22
vda,12.40,0.00,4.49,0,22
vda,6.20,0.00,4.50,0,22
vda,10.40,0.00,4.38,0,21
vda,7.80,0.00,4.30,0,21
vda,5.00,0.00,4.44,0,22
vda,6.00,0.00,4.49,0,22
vda,5.20,0.00,4.44,0,22
vda,5.00,0.00,4.45,0,22
vda,5.40,0.00,4.49,0,22
vda,16.00,0.00,0.07,0,0
vda,11.80,0.76,0.00,3,0
vda,23.80,1.13,4.42,5,22
vda,18.40,0.76,4.50,3,22
vda,16.40,0.76,2.21,3,11
vda,25.00,1.13,8.92,5,44
vda,16.20,0.76,2.24,3,11
vda,29.40,1.13,6.50,5,32
vda,22.20,0.76,2.21,3,11
vda,33.80,1.13,2.29,5,11
vda,17.20,0.76,4.43,3,22
vda,19.20,1.13,4.44,5,22
vda,16.40,0.76,4.50,3,22
vda,16.60,0.76,4.47,3,22
vda,15.60,0.39,2.26,1,11
vda,21.80,0.76,0.08,3,0
vda,20.40,1.13,0.01,5,0
vda,23.60,0.76,4.42,3,22
vda,26.15,1.13,4.48,5,22
vda,13.80,0.76,4.40,3,21
vda,24.20,1.13,4.46,5,22
vda,26.80,0.76,4.54,3,22
vda,28.40,1.13,4.38,5,21
vda,17.60,0.76,4.29,3,21
vda,22.20,1.13,4.45,5,22
vda,15.40,0.76,4.48,3,22
vda,19.60,1.13,4.42,5,22
vda,18.20,0.75,4.47,3,22
vda,24.40,1.13,4.49,5,22
vda,28.20,0.76,0.08,3,0
vda,20.20,1.13,0.01,5,0
vda,14.60,0.76,0.01,3,0
vda,20.00,1.13,0.01,5,0
vda,17.40,0.76,4.43,3,22
vda,20.60,0.76,4.50,3,22
vda,22.60,1.13,4.41,5,22
vda,21.20,0.76,4.48,3,22
vda,23.00,1.13,4.50,5,22
vda,16.40,0.76,4.36,3,21
vda,22.00,1.13,4.30,5,21
vda,22.60,0.75,4.47,3,22
vda,23.20,1.13,4.50,5,22
vda,18.80,0.76,4.44,3,22
vda,27.80,1.13,4.48,5,22
vda,16.60,0.76,4.48,3,22
vda,21.00,1.13,0.02,5,0
vda,15.20,0.76,0.01,3,0
vda,23.40,1.13,4.43,5,22
vda,13.80,0.76,4.48,3,22
vda,34.00,1.13,4.46,5,22
vda,24.20,0.76,4.49,3,22
vda,23.20,1.13,4.51,5,22
vda,17.40,0.76,4.36,3,21
vda,40.20,1.15,4.36,5,21
vda,13.20,0.76,4.44,3,22
vda,18.00,0.76,4.50,3,22
vda,22.00,1.13,2.18,5,10
vda,22.40,0.76,4.58,3,22
vda,22.80,1.13,4.47,5,22
vda,16.60,0.76,2.24,3,11
vda,29.40,1.13,0.05,5,0
vda,24.00,0.76,4.42,3,22
vda,29.20,1.13,4.50,5,22
vda,18.80,0.76,4.41,3,22
vda,29.40,1.13,4.49,5,22
vda,17.80,0.76,4.50,3,22
vda,24.00,1.13,4.36,5,21
vda,16.00,0.76,4.29,3,21
vda,28.80,1.13,4.47,5,22
vda,17.80,0.76,4.50,3,22
vda,23.20,1.13,4.44,5,22
vda,22.20,0.76,2.28,3,11
vda,23.80,1.13,4.47,5,22
vda,16.20,0.76,2.24,3,11
vda,27.00,1.13,0.04,5,0
vda,17.80,0.76,4.43,3,22
vda,23.40,1.13,4.49,5,22
vda,14.40,0.76,4.41,3,22
vda,21.80,0.76,4.48,3,22
vda,22.20,1.13,4.50,5,22
vda,22.40,0.76,4.38,3,21
vda,35.20,1.13,4.34,5,21
vda,13.20,0.76,0.01,3,0
vda,22.40,1.13,0.03,5,0
vda,14.60,0.76,0.01,3,0
vda,26.00,1.13,0.07,5,0
vda,22.40,0.76,0.05,3,0
vda,20.40,1.13,0.01,5,0
vda,14.00,0.76,0.01,3,0
vda,31.20,1.13,4.43,5,22
vda,25.60,0.76,4.49,3,22
vda,21.76,1.13,4.39,5,21
vda,23.40,0.76,4.49,3,22
vda,24.40,1.13,4.50,5,22
vda,17.40,0.76,4.36,3,21
vda,24.60,1.13,4.30,5,21
vda,16.00,0.76,4.45,3,22
vda,28.60,1.13,4.52,5,22
vda,16.80,0.76,4.43,3,22
vda,24.60,1.13,4.47,5,22
vda,15.40,0.76,4.47,3,22
vda,16.40,0.77,0.02,3,0
vda,19.00,1.13,0.01,5,0
vda,11.60,0.76,0.00,3,0
vda,18.20,1.13,0.00,5,0
vda,12.00,0.76,0.00,3,0
vda,30.60,1.13,0.06,5,0
vda,19.60,0.76,0.04,3,0
vda,18.80,1.13,0.00,5,0
vda,12.40,0.76,0.00,3,0
vda,18.00,1.13,0.00,5,0
vda,14.20,0.76,0.01,3,0
vda,17.80,1.13,0.00,5,0
vda,13.20,0.76,0.01,3,0
