3226800.0,100404.0,10720.0
3226800.0,100404.0,10720.0
3049675.7333,150615.73333,10729.066667
569936.0,853580.0,10856.0
569936.0,853580.0,10856.0
569936.0,853580.0,10856.0
144556.0,556704.0,10920.0
144556.0,556704.0,10920.0
189240.0,561940.0,10988.0
189240.0,561940.0,10988.0
193872.8,553410.66667,10992.533333
258732.0,434000.0,11056.0
258732.0,434000.0,11056.0
258732.0,434000.0,11056.0
113076.0,575928.0,11124.0
113076.0,575928.0,11124.0
124668.0,553908.0,11200.0
124668.0,553908.0,11200.0
124668.0,553908.0,11200.0
514144.0,156680.0,11260.0
514144.0,156680.0,11260.0
514144.0,156680.0,11260.0
418484.8,252805.86667,11319.733333
411652.0,259672.0,11324.0
307548.0,350124.0,11392.0
307548.0,350124.0,11392.0
307548.0,350124.0,11392.0
149996.0,504032.0,11460.0
149996.0,504032.0,11460.0
149996.0,504032.0,11460.0
441401.33333,206414.4,11523.466667
462216.0,185156.0,11528.0
345902.4,297066.93333,11586.933333
328008.0,314284.0,11596.0
328008.0,314284.0,11596.0
255376.0,398459.46667,11659.466667
250188.0,404472.0,11664.0
250188.0,404472.0,11664.0
146427.2,505029.6,11722.933333
130464.0,520500.0,11732.0
382466.4,274858.93333,11787.466667
421236.0,237068.0,11796.0
421236.0,237068.0,11796.0
338770.93333,315366.13333,11851.466667
326084.0,327412.0,11860.0
326084.0,327412.0,11860.0
190149.06667,460857.86667,11925.866667
169236.0,481388.0,11936.0
117315.73333,522610.13333,11988.0
109328.0,528952.0,11996.0
109328.0,528952.0,11996.0
363217.06667,281088.53333,12063.2
381352.0,263384.0,12068.0
381352.0,263384.0,12068.0
529305.86667,107494.93333,12126.933333
552068.0,83512.0,12136.0
3063040.8,83493.333333,12199.466667
3242396.0,83492.0,12204.0
