2903065.3333,614726.66667,5598.6666667
2853284.0,620348.0,5668.0
2853284.0,620348.0,5668.0
1816640.8,836615.2,5738.4
261676.0,1161016.0,5844.0
261676.0,1161016.0,5844.0
200490.4,1082936.0,4868.0
108712.0,965816.0,3404.0
166724.8,918558.4,3426.4
253744.0,847672.0,3460.0
253744.0,847672.0,3460.0
215433.33333,884738.66667,3482.6666667
138812.0,958872.0,3528.0
138812.0,958872.0,3528.0
129885.6,966265.6,3553.6
116496.0,977356.0,3592.0
117325.86667,970983.73333,3610.1333333
119608.0,953460.0,3660.0
119608.0,953460.0,3660.0
118568.0,953020.53333,3678.1333333
115708.0,951812.0,3728.0
115708.0,951812.0,3728.0
145750.4,920812.8,3742.4
265920.0,796816.0,3800.0
249502.4,814676.0,3813.6
183832.0,886116.0,3868.0
183832.0,886116.0,3868.0
171932.0,893759.2,3882.4
124332.0,924332.0,3940.0
163942.13333,884901.06667,3948.0
421408.0,628600.0,4000.0
421408.0,628600.0,4000.0
406901.6,641864.8,4011.2
348876.0,694924.0,4056.0
348876.0,694924.0,4056.0
332676.0,712848.8,4070.4
267876.0,784548.0,4128.0
252517.6,799458.4,4138.1333333
152688.0,896376.0,4204.0
152688.0,896376.0,4204.0
170589.06667,878660.26667,4208.2666667
421204.0,630640.0,4268.0
421204.0,630640.0,4268.0
421133.86667,630640.26667,4272.8
420152.0,630644.0,4340.0
1824395.2,559610.4,4372.0
1824395.2,559610.4,4372.0
3053108.0,497456.0,4400.0
