vda,5.60,0.07,0.02,0,0
vda,30.40,0.00,0.13,0,0
vda,0.00,0.00,0.00,0,0
vda,2.20,0.00,0.01,0,0
vda,1.80,0.00,0.01,0,0
vda,0.00,0.00,0.00,0,0
vda,3.00,0.00,0.01,0,0
vda,429.80,5.29,0.01,26,0
vda,93.00,0.91,0.04,4,0
vda,365.00,4.82,0.02,24,0
vda,148.40,1.33,0.04,6,0
vda,6.20,0.00,0.02,0,0
vda,7.80,0.00,0.03,0,0
vda,21.80,0.00,0.10,0,0
vda,6.20,0.00,0.02,0,0
vda,15.40,0.09,0.07,0,0
vda,0.00,0.00,0.00,0,0
vda,1.80,0.00,0.01,0,0
vda,2.60,0.00,0.01,0,0
vda,4.60,0.00,0.02,0,0
vda,17.80,0.08,0.01,0,0
vda,0.60,0.00,0.00,0,0
vda,6.80,0.00,0.03,0,0
vda,1.80,0.00,0.01,0,0
vda,2.60,0.00,0.01,0,0
vda,2.20,0.00,0.01,0,0
vda,9.00,0.00,0.04,0,0
vda,2.00,0.00,0.01,0,0
vda,1.80,0.00,0.01,0,0
