vda,2.80,0.00,0.01,0,0
vda,32.20,0.00,0.14,0,0
vda,2.60,0.00,0.01,0,0
vda,3.60,0.00,0.01,0,0
vda,2.00,0.00,0.01,0,0
vda,0.00,0.00,0.00,0,0
vda,2.60,0.00,0.01,0,0
vda,432.80,5.34,0.02,26,0
vda,433.60,7.97,0.02,39,0
vda,35.60,2.27,0.07,11,0
vda,87.43,0.85,0.01,4,0
vda,59.80,0.47,0.02,2,0
vda,12.20,0.00,0.05,0,0
vda,7.60,0.00,0.05,0,0
vda,5.40,0.00,0.07,0,0
vda,10.60,0.00,0.04,0,0
vda,7.20,0.09,0.03,0,0
vda,7.20,0.00,0.08,0,0
vda,0.20,0.00,0.00,0,0
vda,2.40,0.00,0.01,0,0
vda,9.20,0.00,0.04,0,0
vda,1.80,0.00,0.01,0,0
vda,16.20,0.08,0.01,0,0
vda,5.20,0.00,0.02,0,0
vda,8.20,0.00,0.04,0,0
vda,2.40,0.00,0.01,0,0
vda,2.00,0.00,0.01,0,0
vda,0.20,0.00,0.00,0,0
vda,1.80,0.00,0.01,0,0
vda,14.00,0.00,0.06,0,0
vda,2.80,0.00,0.01,0,0
