vda,5.60,0.07,0.02,0,0
vda,28.60,0.00,0.12,0,0
vda,0.00,0.00,0.00,0,0
vda,1.80,0.00,0.01,0,0
vda,1.80,0.00,0.01,0,0
vda,1.80,0.00,0.01,0,0
vda,2.80,0.00,0.01,0,0
vda,2.40,0.00,0.01,0,0
vda,3.80,0.00,0.01,0,0
vda,2.40,0.00,0.01,0,0
vda,2.00,0.00,0.01,0,0
vda,1.80,0.00,0.01,0,0
vda,350.00,4.28,0.01,21,0
vda,338.20,4.03,0.02,20,0
vda,251.20,19.64,0.02,98,0
vda,34.80,3.55,0.06,17,0
vda,77.00,0.77,0.01,3,0
vda,69.20,0.54,0.02,2,0
vda,10.60,0.03,0.04,0,0
vda,0.80,0.00,0.01,0,0
vda,6.00,0.00,0.07,0,0
vda,4.80,0.00,0.02,0,0
vda,4.20,0.00,0.02,0,0
vda,8.00,0.00,0.05,0,0
vda,7.00,0.00,1.50,0,7
vda,19.20,0.00,1.56,0,7
vda,0.40,0.00,0.01,0,0
vda,5.00,0.00,0.02,0,0
vda,5.40,0.00,0.02,0,0
vda,5.80,0.00,0.02,0,0
vda,7.40,0.00,0.06,0,0
vda,12.60,0.00,0.05,0,0
vda,3.20,0.00,0.78,0,3
vda,8.60,0.00,2.30,0,11
vda,7.80,0.00,0.03,0,0
vda,0.00,0.00,0.00,0,0
vda,4.80,0.00,0.02,0,0
vda,17.00,0.00,0.08,0,0
vda,2.60,0.00,0.01,0,0
vda,2.00,0.00,0.01,0,0
vda,1.20,0.08,0.01,0,0
vda,6.60,0.00,0.03,0,0
vda,2.00,0.00,0.01,0,0
vda,2.40,0.00,0.01,0,0
vda,14.80,0.00,0.07,0,0
vda,0.00,0.00,0.00,0,0
vda,2.60,0.00,0.01,0,0
vda,2.20,0.00,0.01,0,0
vda,7.00,0.00,0.03,0,0
