vda,0.40,0.00,0.00,0,0
vda,1.40,0.00,0.01,0,0
vda,0.80,0.00,0.00,0,0
vda,0.00,0.00,0.00,0,0
vda,0.80,0.00,0.00,0,0
vda,0.60,0.00,0.01,0,0
vda,30.60,0.00,0.13,0,0
vda,211.00,2.53,0.01,12,0
vda,348.20,4.11,0.01,20,0
vda,337.60,8.11,0.02,40,0
vda,42.40,10.80,0.02,53,0
vda,38.40,9.88,0.02,49,0
vda,0.00,0.00,0.00,0,0
vda,0.80,0.00,0.00,0,0
vda,8.20,0.00,0.04,0,0
vda,2.80,0.00,0.06,0,0
vda,0.60,0.00,0.00,0,0
vda,8.40,0.00,0.04,0,0
vda,1.00,0.00,0.00,0,0
vda,5.20,0.82,0.00,4,0
vda,25.00,9.28,0.01,46,0
vda,30.00,9.61,0.02,48,0
vda,139.20,1.28,0.01,6,0
vda,2.00,0.01,0.01,0,0
vda,5.00,0.03,0.01,0,0
vda,4.20,0.00,0.02,0,0
vda,2.60,0.00,0.01,0,0
vda,17.60,0.00,0.07,0,0
vda,3.00,0.00,0.05,0,0
vda,4.60,0.00,0.02,0,0
vda,16.40,0.06,0.03,0,0
vda,1.80,0.00,0.01,0,0
vda,7.20,0.00,0.03,0,0
vda,4.20,0.00,0.02,0,0
vda,2.80,0.00,0.01,0,0
vda,13.00,0.03,0.05,0,0
vda,0.00,0.00,0.00,0,0
vda,16.20,0.00,0.07,0,0
vda,8.20,0.00,0.03,0,0
vda,6.80,0.00,1.11,0,5
vda,2.40,0.00,0.56,0,2
vda,6.20,0.00,0.03,0,0
vda,7.00,0.00,0.04,0,0
vda,1.00,0.08,0.00,0,0
vda,6.00,0.00,0.02,0,0
vda,7.00,0.00,0.03,0,0
vda,0.60,0.00,0.00,0,0
vda,1.00,0.01,0.01,0,0
vda,2.00,0.00,0.01,0,0
vda,4.20,0.00,0.02,0,0
vda,2.20,0.00,0.01,0,0
vda,0.00,0.00,0.00,0,0
vda,0.60,0.00,0.00,0,0
