vda,0.40,0.00,0.00,0,0
vda,2.40,0.00,0.01,0,0
vda,1.80,0.00,0.01,0,0
vda,0.80,0.00,0.01,0,0
vda,2.20,0.00,0.01,0,0
vda,21.40,0.00,0.10,0,0
vda,3.20,0.00,0.01,0,0
vda,1.80,0.00,0.01,0,0
vda,4.80,0.00,0.02,0,0
vda,4.40,0.00,0.02,0,0
vda,2.00,0.00,0.01,0,0
vda,2.00,0.00,0.01,0,0
vda,353.40,4.42,0.00,22,0
vda,377.00,5.06,0.02,25,0
vda,149.00,1.85,0.03,9,0
vda,153.20,1.33,0.06,6,0
vda,15.00,0.09,0.06,0,0
vda,6.00,0.00,0.02,0,0
vda,1.80,0.00,0.01,0,0
vda,0.20,0.00,0.00,0,0
vda,5.40,0.00,0.03,0,0
vda,2.20,0.00,0.01,0,0
vda,6.60,0.00,0.05,0,0
vda,2.00,0.00,0.01,0,0
vda,1.80,0.00,0.01,0,0
