vda,0.00,0.00,0.00,0,0
vda,3.00,0.00,0.01,0,0
vda,1.80,0.02,0.01,0,0
vda,0.80,0.00,0.00,0,0
vda,1.40,0.00,0.01,0,0
vda,19.20,0.00,0.09,0,0
vda,1.40,0.00,0.01,0,0
vda,0.00,0.00,0.00,0,0
vda,11.60,2.34,0.02,11,0
vda,65.20,23.46,0.02,117,0
vda,63.80,24.20,0.00,120,0
vda,53.60,19.39,0.02,96,0
vda,56.60,18.97,0.03,94,0
vda,52.80,18.09,0.05,90,0
vda,66.00,23.67,0.07,118,0
vda,61.80,22.87,0.01,114,0
vda,28.20,10.70,0.00,53,0
vda,45.80,16.98,0.02,84,0
vda,33.20,9.90,0.04,49,0
vda,27.20,9.70,0.01,48,0
vda,3.40,0.00,0.03,0,0
vda,3.40,0.00,0.01,0,0
vda,6.60,0.07,0.01,0,0
vda,4.00,0.00,0.02,0,0
vda,19.20,0.00,8.43,0,42
vda,1.60,0.00,3.85,0,19
vda,17.60,0.00,6.46,0,32
vda,7.40,0.00,5.20,0,26
vda,0.00,0.00,0.00,0,0
vda,18.80,0.00,7.67,0,38
vda,7.80,0.00,3.05,0,15
vda,1.40,0.00,0.01,0,0
vda,7.00,0.05,0.01,0,0
vda,11.40,0.00,0.04,0,0
vda,0.00,0.00,0.00,0,0
vda,4.60,0.00,0.03,0,0
vda,22.80,0.00,7.86,0,39
vda,4.80,0.00,3.15,0,15
vda,9.36,0.00,7.35,0,36
vda,5.81,0.00,5.60,0,27
vda,3.60,0.00,0.01,0,0
vda,10.40,0.00,7.84,0,39
vda,2.20,0.02,3.03,0,15
vda,4.20,0.00,0.02,0,0
vda,2.20,0.00,0.01,0,0
vda,2.20,0.00,0.01,0,0
vda,16.80,0.00,7.56,0,37
vda,4.80,0.00,3.35,0,16
vda,14.60,0.00,7.71,0,38
vda,4.40,0.00,2.91,0,14
vda,10.40,0.00,9.33,0,46
vda,6.40,0.00,3.75,0,18
vda,7.80,0.02,0.03,0,0
vda,19.00,0.00,7.81,0,39
vda,2.00,0.00,3.07,0,15
vda,1.40,0.00,0.01,0,0
vda,3.00,0.00,0.01,0,0
vda,14.20,0.00,0.06,0,0
vda,0.00,0.00,0.00,0,0
vda,4.00,0.00,0.02,0,0
vda,19.00,0.00,7.56,0,37
vda,7.40,0.00,3.16,0,15
vda,12.80,0.02,6.09,0,30
vda,15.60,0.00,7.20,0,36
vda,4.60,0.00,0.02,0,0
vda,12.20,0.00,7.45,0,37
vda,5.20,0.00,3.04,0,15
vda,2.80,0.00,0.01,0,0
vda,0.80,0.00,0.00,0,0
vda,10.40,0.00,7.79,0,38
vda,1.20,0.00,3.34,0,16
vda,6.40,0.00,1.63,0,8
vda,8.60,0.00,7.99,0,39
vda,21.20,0.04,8.75,0,43
vda,5.40,0.00,2.32,0,11
vda,11.80,0.00,8.40,0,42
vda,3.80,0.00,1.93,0,9
vda,0.00,0.00,0.00,0,0
vda,0.80,0.00,0.00,0,0
vda,1.60,0.00,0.01,0,0
vda,13.60,0.00,0.05,0,0
vda,2.20,0.00,0.01,0,0
vda,13.60,0.00,6.46,0,32
vda,9.20,0.00,3.17,0,15
vda,3.80,0.00,0.01,0,0
vda,14.60,0.00,6.45,0,32
vda,11.40,0.00,5.59,0,27
vda,7.80,0.00,7.80,0,39
vda,5.20,0.00,2.99,0,14
vda,3.80,0.00,0.01,0,0
vda,1.80,0.00,0.01,0,0
vda,11.80,0.00,7.97,0,39
vda,12.20,0.02,2.48,0,12
vda,18.60,0.00,7.43,0,37
vda,2.00,0.00,4.77,0,23
vda,3.80,0.00,0.01,0,0
vda,2.80,0.00,0.01,0,0
vda,6.00,0.00,8.03,0,40
vda,4.79,0.00,3.96,0,19
vda,9.00,0.00,6.44,0,32
vda,5.00,0.00,5.45,0,27
vda,5.80,0.03,0.02,0,0
vda,1.20,0.00,0.00,0,0
vda,0.00,0.00,0.00,0,0
vda,24.20,0.00,8.07,0,40
vda,9.00,0.00,4.00,0,19
vda,3.00,0.00,0.01,0,0
vda,18.40,0.00,7.05,0,35
vda,7.60,0.00,3.18,0,15
vda,19.40,0.00,7.84,0,39
vda,5.40,0.00,2.47,0,12
vda,37.20,0.04,7.41,0,37
vda,7.20,0.00,3.23,0,16
vda,0.80,0.00,0.00,0,0
vda,0.00,0.00,0.00,0,0
vda,2.60,0.00,0.01,0,0
vda,27.20,0.00,7.08,0,35
vda,8.40,0.00,3.16,0,15
vda,10.20,0.00,7.56,0,37
vda,4.80,0.00,2.61,0,13
vda,21.80,0.02,8.59,0,42
vda,2.40,0.02,2.98,0,14
vda,14.20,0.07,0.01,0,0
vda,3.00,0.00,0.01,0,0
vda,2.60,0.00,0.01,0,0
vda,16.40,0.00,7.48,0,37
vda,6.20,0.00,2.46,0,12
vda,5.80,0.00,1.41,0,7
vda,28.40,0.00,11.82,0,59
vda,6.00,0.03,0.01,0,0
vda,24.00,0.00,6.76,0,33
vda,9.40,0.00,3.17,0,15
vda,19.20,0.00,8.04,0,40
vda,11.20,0.00,3.50,0,17
vda,3.20,0.00,0.01,0,0
vda,0.00,0.00,0.00,0,0
vda,12.00,0.00,0.05,0,0
vda,0.00,0.00,0.00,0,0
vda,1.60,0.00,0.01,0,0
vda,15.00,0.09,1.66,0,8
vda,7.20,0.00,3.30,0,16
vda,0.20,0.00,0.00,0,0
vda,0.60,0.00,0.00,0,0
vda,0.00,0.00,0.00,0,0
vda,1.60,0.00,0.01,0,0
vda,6.60,0.00,0.03,0,0
vda,3.40,0.00,0.02,0,0
vda,1.60,0.00,0.01,0,0
vda,9.80,0.00,0.04,0,0
vda,11.60,0.00,0.06,0,0
vda,5.00,0.05,0.01,0,0
vda,1.20,0.00,0.00,0,0
vda,7.00,0.00,0.03,0,0
vda,0.00,0.00,0.00,0,0
vda,0.80,0.00,0.00,0,0
vda,1.60,0.00,0.01,0,0
vda,1.80,0.00,0.01,0,0
