vda,2.80,0.00,0.01,0,0
vda,0.00,0.00,0.00,0,0
vda,28.00,0.27,0.00,1,0
vda,2.60,0.07,0.01,0,0
vda,10.60,0.06,0.00,0,0
vda,1.80,0.00,0.01,0,0
vda,26.20,0.00,0.12,0,0
vda,305.20,3.86,0.00,19,0
vda,210.40,2.34,0.01,11,0
vda,220.20,3.28,0.01,16,0
vda,129.00,1.38,0.01,6,0
vda,115.80,1.09,0.03,5,0
vda,44.80,0.35,0.02,1,0
vda,10.20,0.00,0.05,0,0
vda,5.40,0.00,0.03,0,0
vda,17.00,0.00,2.05,0,10
vda,13.00,0.00,0.05,0,0
vda,4.60,0.00,0.02,0,0
vda,5.60,0.09,0.02,0,0
vda,7.20,0.00,0.03,0,0
vda,7.20,0.00,0.06,0,0
vda,1.00,0.00,0.00,0,0
vda,1.80,0.00,0.01,0,0
vda,1.20,0.00,0.00,0,0
vda,0.00,0.00,0.00,0,0
vda,0.60,0.00,0.00,0,0
vda,0.80,0.00,0.01,0,0
vda,2.40,0.00,0.01,0,0
