vda,10.20,0.81,0.03,4,0
vda,5.60,1.24,0.01,6,0
vda,10.60,0.80,0.23,4,1
vda,9.40,1.23,0.02,6,0
vda,133.00,0.80,0.54,4,2
vda,5.40,1.20,0.01,6,0
vda,8.00,0.83,0.02,4,0
vda,43.00,1.20,0.16,6,0
vda,61.40,0.80,0.31,4,1
vda,11.40,2.01,0.02,10,0
vda,7.20,1.20,0.02,6,0
vda,103.00,1.20,0.41,6,2
vda,6.60,0.80,0.02,4,0
vda,2.40,0.81,0.00,4,0
vda,13.00,1.24,0.23,6,1
vda,9.60,1.20,0.03,6,0
vda,128.60,1.63,0.51,8,2
vda,8.40,1.61,0.02,8,0
vda,7.20,1.20,0.02,6,0
vda,89.60,1.23,0.37,6,1
vda,15.80,1.20,0.05,6,0
vda,2.20,0.80,0.00,4,0
vda,113.80,1.20,0.45,6,2
vda,7.00,1.20,0.01,6,0
vda,11.40,2.42,0.02,12,0
vda,187.20,12.48,0.62,62,3
vda,16.80,0.82,0.25,4,1
vda,8.60,0.83,0.03,4,0
vda,5.00,1.20,0.01,6,0
vda,94.80,0.83,0.43,4,2
vda,7.60,1.20,0.02,6,0
vda,4.20,0.80,0.01,4,0
vda,97.00,1.23,0.38,6,1
vda,6.00,0.80,0.02,4,0
vda,7.20,1.20,0.02,6,0
vda,93.40,0.80,0.37,4,1
vda,7.40,0.80,0.02,4,0
vda,5.00,1.20,0.01,6,0
vda,10.20,0.80,0.23,4,1
vda,8.80,0.82,0.03,4,0
vda,5.60,0.83,0.01,4,0
vda,44.20,1.22,0.17,6,0
vda,100.80,0.83,0.43,4,2
vda,8.80,1.20,0.02,6,0
vda,2.00,0.80,0.00,4,0
vda,5.00,1.23,0.01,6,0
vda,38.60,0.80,0.15,4,0
vda,65.60,1.20,0.26,6,1
vda,4.80,0.80,0.01,4,0
vda,7.20,1.20,0.02,6,0
vda,10.80,0.80,0.23,4,1
vda,9.60,1.20,0.03,6,0
vda,131.60,0.42,0.53,2,2
vda,7.78,1.22,0.02,6,0
vda,6.80,0.80,0.02,4,0
vda,89.40,1.23,0.37,6,1
vda,5.40,0.80,0.01,4,0
vda,7.60,1.20,0.02,6,0
vda,96.20,0.83,0.40,4,1
vda,6.60,0.80,0.02,4,0
vda,7.60,1.20,0.02,6,0
vda,4.80,0.80,0.01,4,0
vda,10.40,1.20,0.22,6,1
vda,8.40,0.80,0.02,4,0
vda,132.40,1.20,0.55,6,2
vda,7.60,0.82,0.02,4,0
vda,8.80,1.23,0.02,6,0
vda,89.00,0.80,0.35,4,1
vda,6.20,1.23,0.01,6,0
vda,6.60,0.80,0.02,4,0
vda,6.00,1.20,0.01,6,0
vda,137.20,0.83,0.55,4,2
vda,8.40,1.20,0.02,6,0
vda,5.60,0.80,0.01,4,0
vda,13.20,1.20,0.24,6,1
vda,8.20,0.80,0.02,4,0
vda,3.20,1.20,0.00,6,0
vda,90.00,0.80,0.39,4,1
vda,8.20,0.82,0.02,4,0
vda,4.80,0.83,0.01,4,0
vda,104.60,1.25,0.40,6,2
vda,3.40,0.80,0.01,4,0
vda,4.20,0.80,0.01,4,0
vda,43.20,1.20,0.16,6,0
vda,93.80,0.83,0.36,4,1
vda,4.40,1.20,0.01,6,0
vda,13.40,0.80,0.24,4,1
vda,3.40,1.20,0.00,6,0
vda,92.40,0.80,0.39,4,1
vda,8.60,1.20,0.02,6,0
vda,12.20,0.81,0.04,4,0
vda,99.00,0.82,0.42,4,2
vda,7.00,0.83,0.02,4,0
vda,7.40,1.23,0.02,6,0
vda,49.40,0.80,0.19,4,0
vda,48.40,1.20,0.19,6,0
vda,6.80,0.80,0.02,4,0
vda,5.20,1.23,0.01,6,0
vda,123.00,0.80,0.49,4,2
vda,15.40,1.20,0.24,6,1
vda,6.00,0.80,0.01,4,0
vda,4.80,1.20,0.01,6,0
vda,6.40,0.80,0.02,4,0
vda,98.60,1.20,0.41,6,2
vda,5.00,0.82,0.01,4,0
vda,7.80,0.83,0.02,4,0
vda,91.00,1.23,0.39,6,1
vda,6.60,0.80,0.02,4,0
vda,5.60,1.22,0.01,6,0
vda,135.20,0.80,0.54,4,2
vda,6.20,1.23,0.01,6,0
vda,12.00,0.80,0.24,4,1
vda,6.80,1.20,0.01,6,0
vda,4.00,0.80,0.01,4,0
vda,7.40,1.20,0.02,6,0
vda,92.80,0.80,0.38,4,1
vda,5.00,0.81,0.01,4,0
vda,9.80,0.87,0.02,4,0
vda,7.00,1.23,0.01,6,0
vda,6.80,0.83,0.02,4,0
vda,3.00,1.20,0.00,6,0
vda,7.40,0.80,0.03,4,0
vda,29.20,1.23,0.17,6,0
vda,116.40,0.80,0.64,4,3
vda,10.80,1.20,0.03,6,0
vda,5.80,0.80,0.01,4,0
vda,11.60,1.25,0.03,6,0
vda,7.00,0.80,0.03,4,0
vda,2.20,0.80,0.00,4,0
vda,100.80,0.81,0.40,4,2
vda,5.60,0.81,0.01,4,0
vda,5.19,1.22,0.01,6,0
vda,131.20,0.83,0.54,4,2
vda,5.80,1.20,0.01,6,0
vda,3.80,0.80,0.01,4,0
vda,90.80,1.23,0.36,6,1
vda,13.60,0.80,0.24,4,1
vda,11.00,1.20,0.03,6,0
vda,2.40,0.80,0.00,4,0
vda,100.00,1.20,0.43,6,2
vda,6.80,0.80,0.02,4,0
vda,7.20,1.20,0.02,6,0
vda,88.00,0.41,0.36,2,1
vda,7.80,1.24,0.02,6,0
vda,6.20,0.80,0.02,4,0
vda,178.40,1.23,0.70,6,3
vda,5.00,0.80,0.01,4,0
vda,7.40,1.20,0.02,6,0
vda,15.40,0.83,0.25,4,1
vda,7.60,1.20,0.02,6,0
vda,10.80,0.80,0.03,4,0
vda,90.80,0.80,0.42,4,2
vda,7.20,1.20,0.01,6,0
vda,6.60,0.80,0.02,4,0
vda,89.00,1.20,0.35,6,1
vda,6.20,0.41,0.02,2,0
vda,5.80,1.24,0.01,6,0
vda,128.20,0.80,0.51,4,2
vda,7.80,1.23,0.02,6,0
vda,5.80,0.80,0.01,4,0
vda,96.40,1.20,0.38,6,1
vda,11.60,0.83,0.23,4,1
vda,6.40,1.20,0.01,6,0
vda,3.80,0.80,0.01,4,0
vda,95.40,1.20,0.39,6,1
vda,4.20,0.80,0.01,4,0
vda,6.60,1.20,0.01,6,0
vda,32.60,0.80,0.17,4,0
vda,3.80,0.82,0.00,4,0
vda,126.00,0.83,0.50,4,2
vda,6.40,1.20,0.01,6,0
vda,6.60,0.83,0.02,4,0
vda,4.20,1.20,0.00,6,0
vda,9.40,0.80,0.22,4,1
vda,8.40,0.83,0.02,4,0
vda,92.20,1.20,0.37,6,1
vda,4.20,0.80,0.01,4,0
vda,8.00,1.20,0.02,6,0
vda,89.60,0.80,0.38,4,1
vda,4.80,1.20,0.01,6,0
vda,7.00,0.80,0.02,4,0
vda,138.40,1.03,0.55,5,2
vda,7.80,1.02,0.02,5,0
vda,3.60,0.80,0.01,4,0
vda,30.60,1.23,0.15,6,0
vda,68.20,0.80,0.45,4,2
vda,9.20,1.20,0.02,6,0
vda,3.20,0.83,0.00,4,0
vda,5.00,1.20,0.01,6,0
vda,100.00,0.80,0.40,4,2
vda,6.40,1.20,0.01,6,0
vda,10.80,0.80,0.03,4,0
vda,9.40,1.20,0.03,6,0
vda,3.00,0.80,0.00,4,0
vda,5.80,0.82,0.01,4,0
vda,7.40,0.83,0.02,4,0
vda,4.00,1.20,0.00,6,0
vda,42.60,0.83,0.38,4,1
vda,104.80,1.20,0.40,6,1
vda,5.80,0.80,0.01,4,0
