3497660.0,164152.0,21940.0
3145449.3333,180242.66667,22110.666667
2969344.0,188288.0,22196.0
1402525.3333,702290.66667,22316.0
619116.0,959292.0,22376.0
619116.0,959292.0,22376.0
372643.46667,661408.26667,22463.466667
156980.0,400760.0,22540.0
130206.66667,383185.6,22623.2
106780.0,367808.0,22696.0
106780.0,367808.0,22696.0
146937.6,356596.8,22746.4
192832.0,343784.0,22804.0
192832.0,343784.0,22804.0
255397.33333,280376.0,22832.0
380528.0,153560.0,22888.0
1641262.4,131446.4,22918.4
3532364.0,98276.0,22964.0
3532364.0,98276.0,22964.0
