3424441.3333,55176.0,4026.9333333
3045508.0,102048.0,4796.0
3045508.0,102048.0,4796.0
2929425.0667,129809.06667,4877.6
1304264.0,518464.0,6020.0
1191474.6667,557732.8,6029.0666667
458344.0,812980.0,6088.0
458344.0,812980.0,6088.0
435112.53333,804358.93333,6093.0666667
109872.0,683664.0,6164.0
109872.0,683664.0,6164.0
109872.0,683664.0,6164.0
109872.0,683664.0,6164.0
113311.46667,673364.26667,6201.8666667
161464.0,529168.0,6732.0
161464.0,529168.0,6732.0
158406.4,522158.93333,6742.1333333
138532.0,476600.0,6808.0
138532.0,476600.0,6808.0
151971.46667,463468.53333,6812.2666667
340124.0,279628.0,6872.0
340124.0,279628.0,6872.0
235392.0,378920.0,6928.0
235392.0,378920.0,6928.0
235392.0,378920.0,6928.0
131188.0,462076.0,6988.0
131188.0,462076.0,6988.0
131188.0,462076.0,6988.0
138648.0,445892.0,7048.0
138648.0,445892.0,7048.0
195840.0,386716.0,7116.0
195840.0,386716.0,7116.0
195840.0,386716.0,7116.0
133864.0,306868.0,7180.0
133864.0,306868.0,7180.0
133864.0,306868.0,7180.0
126076.0,313704.0,7244.0
126076.0,313704.0,7244.0
110982.13333,329753.6,1737.3333333
109904.0,330900.0,1344.0
109904.0,330900.0,1344.0
130641.6,310030.66667,664.53333333
133832.0,306820.0,560.0
222984.0,218452.0,745.6
245272.0,196360.0,792.0
245272.0,196360.0,792.0
161724.8,268672.53333,818.4
131344.0,294968.0,828.0
131344.0,294968.0,828.0
118751.2,307053.33333,872.0
114172.0,311448.0,888.0
125489.33333,299978.66667,1125.3333333
131148.0,294244.0,1244.0
131148.0,294244.0,1244.0
119352.8,293965.6,1109.6
116404.0,293896.0,1076.0
116404.0,293896.0,1076.0
113765.86667,295480.26667,1488.5333333
113360.0,295724.0,1552.0
113360.0,295724.0,1552.0
113710.13333,291650.66667,1281.6
113764.0,291024.0,1240.0
124904.26667,267675.73333,1277.3333333
125700.0,266008.0,1280.0
125700.0,266008.0,1280.0
110155.46667,282630.66667,718.4
107764.0,285188.0,632.0
107764.0,285188.0,632.0
129548.53333,293029.6,732.53333333
132900.0,294236.0,748.0
119459.73333,309867.2,800.0
117392.0,312272.0,808.0
117392.0,312272.0,808.0
116371.2,313008.0,856.0
116116.0,313192.0,868.0
328759.2,100094.4,1242.4
381920.0,46820.0,1336.0
381920.0,46820.0,1336.0
297372.53333,129680.8,1377.0666667
266628.0,159812.0,1392.0
266628.0,159812.0,1392.0
151210.4,272026.4,1449.6
122356.0,300080.0,1464.0
122356.0,300080.0,1464.0
338938.4,75987.2,1454.4
393084.0,19964.0,1452.0
392300.8,20650.4,1498.9333333
392016.0,20900.0,1516.0
392016.0,20900.0,1516.0
