vda,32.20,0.34,0.01,1,0
vda,0.80,0.00,0.00,0,0
vda,0.20,0.00,0.00,0,0
vda,0.60,0.00,0.00,0,0
vda,0.60,0.00,0.00,0,0
vda,0.80,0.00,0.01,0,0
vda,24.20,0.00,0.11,0,0
vda,273.40,3.44,0.01,17,0
vda,239.00,2.75,0.01,13,0
vda,230.00,3.35,0.01,16,0
vda,133.40,1.37,0.02,6,0
vda,11.60,0.11,0.01,0,0
vda,5.60,0.41,0.01,2,0
vda,8.00,0.00,0.04,0,0
vda,2.00,0.01,0.01,0,0
vda,1.80,0.00,0.01,0,0
vda,4.80,1.24,0.05,6,0
vda,30.80,6.71,0.05,33,0
vda,139.60,1.30,0.01,6,0
vda,5.80,0.03,0.02,0,0
vda,10.40,0.00,0.04,0,0
vda,8.60,0.00,0.05,0,0
vda,11.20,0.00,0.05,0,0
vda,9.40,0.00,0.04,0,0
vda,4.60,0.00,0.02,0,0
vda,5.60,0.00,0.02,0,0
vda,11.20,0.00,0.05,0,0
vda,2.60,0.09,0.01,0,0
vda,14.20,0.00,0.07,0,0
vda,0.60,0.00,0.01,0,0
vda,1.00,0.00,0.00,0,0
vda,2.20,0.00,0.01,0,0
vda,1.20,0.00,0.00,0,0
vda,0.00,0.00,0.00,0,0
vda,1.40,0.00,0.01,0,0
vda,2.40,0.00,0.01,0,0
vda,2.40,0.00,0.01,0,0
