2213412.0,1268428.0,39512.0
2213412.0,1268428.0,39512.0
2213412.0,1268428.0,39512.0
1487154.9333,1268607.2,39552.533333
851680.0,1268764.0,39588.0
850608.53333,1268765.8667,39593.6
849384.0,1268768.0,39600.0
849384.0,1268768.0,39600.0
732928.26667,1292004.2667,39611.2
599836.0,1318560.0,39624.0
599836.0,1318560.0,39624.0
607608.8,1314286.4,39633.6
619268.0,1307876.0,39648.0
596352.8,1303421.6,39659.2
561980.0,1296740.0,39676.0
561980.0,1296740.0,39676.0
546976.8,1307933.6,39687.2
524472.0,1324724.0,39704.0
524472.0,1324724.0,39704.0
526963.2,1322524.0,39716.8
530700.0,1319224.0,39736.0
532016.0,1311746.6667,39741.333333
534648.0,1296792.0,39752.0
534648.0,1296792.0,39752.0
1094102.6667,1287388.0,39760.0
