vda,1.60,0.00,0.01,0,0
vda,0.00,0.00,0.00,0,0
vda,1.40,0.00,0.01,0,0
vda,1.00,0.00,0.00,0,0
vda,1.40,0.00,0.01,0,0
vda,0.00,0.00,0.00,0,0
vda,20.80,0.00,0.10,0,0
vda,12.80,0.26,0.02,1,0
vda,56.40,12.83,0.03,64,0
vda,49.80,18.96,0.00,94,0
vda,68.60,25.38,0.01,126,0
vda,61.20,22.12,0.01,110,0
vda,369.80,24.22,0.01,121,0
vda,119.00,26.79,0.03,133,0
vda,74.80,24.99,0.11,124,0
vda,71.40,26.19,0.01,130,0
vda,0.00,0.00,0.00,0,0
vda,57.00,0.69,0.01,3,0
vda,6.20,0.02,0.01,0,0
vda,27.20,0.00,9.70,0,48
vda,9.60,0.00,3.74,0,18
vda,3.60,0.00,0.01,0,0
vda,4.60,0.00,0.02,0,0
vda,0.80,0.02,0.00,0,0
vda,31.00,0.01,12.92,0,64
vda,3.40,0.00,0.01,0,0
vda,13.20,0.00,0.05,0,0
vda,5.60,0.00,0.02,0,0
vda,0.00,0.00,0.00,0,0
vda,20.40,0.00,8.88,0,44
vda,18.20,0.00,12.38,0,61
vda,4.60,0.00,0.02,0,0
vda,4.20,0.02,0.01,0,0
vda,28.80,0.09,10.50,0,52
vda,16.20,0.00,10.84,0,54
vda,4.60,0.00,0.02,0,0
vda,6.00,0.00,0.02,0,0
vda,5.20,0.00,0.02,0,0
vda,0.00,0.00,0.00,0,0
vda,18.80,0.00,15.27,0,76
vda,12.00,0.00,5.92,0,29
vda,5.40,0.00,0.02,0,0
vda,2.20,0.03,0.00,0,0
vda,33.80,0.05,14.51,0,72
vda,17.00,0.00,5.73,0,28
vda,0.00,0.00,0.00,0,0
vda,41.40,0.00,14.55,0,72
vda,13.80,0.00,5.75,0,28
vda,5.00,0.00,0.02,0,0
vda,3.40,0.00,0.01,0,0
vda,25.00,0.00,15.27,0,76
vda,10.00,0.00,5.93,0,29
vda,5.80,0.05,0.02,0,0
vda,1.00,0.00,0.00,0,0
vda,0.00,0.00,0.00,0,0
vda,1.00,0.00,0.01,0,0
vda,8.80,0.00,0.04,0,0
vda,6.80,0.00,0.04,0,0
vda,7.40,0.00,0.03,0,0
vda,0.60,0.00,0.00,0,0
vda,0.00,0.00,0.00,0,0
vda,1.80,0.03,0.00,0,0
vda,2.20,0.00,0.01,0,0
vda,1.40,0.00,0.01,0,0
vda,1.40,0.00,0.01,0,0
