2726110.1333,3304627.4667,167002.13333
2692784.0,3304652.0,167004.0
2692784.0,3304652.0,167004.0
2256160.8,3310299.2,167049.06667
2188988.0,3311168.0,167056.0
2188988.0,3311168.0,167056.0
1885082.6667,3311299.7333,167083.73333
1838328.0,3311320.0,167088.0
1332437.3333,3311482.9333,167108.8
1254608.0,3311508.0,167112.0
1254608.0,3311508.0,167112.0
1192694.4,3311664.8,167149.33333
1188272.0,3311676.0,167152.0
1167678.9333,3311752.8,167164.8
1167678.9333,3311752.8,167164.8
1149660.0,3311820.0,167176.0
1093664.2667,3311898.9333,167184.53333
1093664.2667,3311898.9333,167184.53333
1032769.3333,3311978.6667,167194.66667
866188.0,3312128.0,167232.0
866188.0,3312128.0,167232.0
864815.73333,3312149.3333,167234.66667
855896.0,3312288.0,167252.0
855896.0,3312288.0,167252.0
855561.6,3312310.4,167255.73333
853388.0,3312456.0,167280.0
852965.6,3312600.5333,167285.86667
850220.0,3313540.0,167324.0
850220.0,3313540.0,167324.0
804601.86667,3313558.1333,167325.6
165948.0,3313812.0,167348.0
165948.0,3313812.0,167348.0
165948.0,3313812.0,167348.0
