vda,0.60,0.00,0.00,0,0
vda,2.40,0.00,0.01,0,0
vda,1.80,0.00,0.01,0,0
vda,3.00,0.00,0.01,0,0
vda,33.00,0.34,0.02,1,0
vda,2.20,0.00,0.01,0,0
vda,25.40,0.00,0.10,0,0
vda,2.00,0.00,0.01,0,0
vda,1.80,0.00,0.01,0,0
vda,3.00,0.00,0.01,0,0
vda,2.00,0.00,0.01,0,0
vda,2.20,0.00,0.01,0,0
vda,366.20,4.51,0.01,22,0
vda,412.00,5.38,0.04,26,0
vda,152.40,14.03,0.01,70,0
vda,22.00,4.11,0.01,20,0
vda,134.00,1.17,0.02,5,0
vda,6.20,0.00,0.02,0,0
vda,18.20,0.00,0.11,0,0
vda,7.00,0.00,0.04,0,0
vda,15.00,0.00,0.11,0,0
vda,9.20,0.09,0.04,0,0
vda,2.20,0.00,0.01,0,0
vda,16.20,0.00,0.08,0,0
vda,2.40,0.00,0.01,0,0
vda,1.80,0.00,0.01,0,0
vda,2.00,0.00,0.01,0,0
vda,0.00,0.00,0.00,0,0
vda,1.80,0.00,0.01,0,0
vda,3.00,0.00,0.01,0,0
