vda,2.80,0.00,0.01,0,0
vda,1.00,0.00,0.00,0,0
vda,0.00,0.00,0.00,0,0
vda,0.60,0.00,0.00,0,0
vda,0.00,0.00,0.00,0,0
vda,1.60,0.00,0.01,0,0
vda,55.20,0.34,0.12,1,0
vda,273.00,3.41,0.01,17,0
vda,336.20,3.96,0.02,19,0
vda,305.60,16.80,0.00,83,0
vda,84.40,23.54,0.01,117,0
vda,18.80,5.46,0.02,27,0
vda,11.20,0.01,0.04,0,0
vda,6.60,0.00,0.03,0,0
vda,0.60,0.00,0.01,0,0
vda,3.40,0.41,0.06,2,0
vda,12.40,3.65,0.01,18,0
vda,14.20,0.57,0.02,2,0
vda,130.40,1.13,0.01,5,0
vda,18.80,0.03,1.29,0,6
vda,3.60,0.00,0.01,0,0
vda,4.40,0.00,0.02,0,0
vda,3.19,0.00,0.01,0,0
vda,0.00,0.00,0.00,0,0
vda,8.80,0.00,0.03,0,0
vda,5.20,0.00,0.03,0,0
vda,9.40,0.00,0.07,0,0
vda,3.80,0.00,0.01,0,0
vda,8.80,0.01,0.03,0,0
vda,0.00,0.00,0.00,0,0
vda,4.60,0.00,0.02,0,0
vda,8.80,0.00,0.04,0,0
vda,13.00,0.00,0.06,0,0
vda,7.80,0.00,0.06,0,0
vda,19.20,0.09,0.02,0,0
vda,12.00,0.00,0.05,0,0
vda,3.20,0.00,0.01,0,0
vda,25.60,0.00,5.21,0,26
vda,6.40,0.00,2.58,0,12
vda,4.40,0.00,0.02,0,0
vda,8.60,0.00,0.03,0,0
vda,6.00,0.02,0.02,0,0
vda,6.80,0.00,0.03,0,0
vda,0.80,0.00,0.01,0,0
vda,10.00,0.08,0.06,0,0
vda,7.40,0.00,0.03,0,0
vda,1.40,0.00,0.01,0,0
vda,1.00,0.00,0.00,0,0
vda,0.00,0.00,0.00,0,0
vda,1.20,0.00,0.01,0,0
vda,1.00,0.00,0.00,0,0
vda,0.80,0.00,0.00,0,0
vda,14.40,0.00,0.06,0,0
vda,0.60,0.00,0.00,0,0
