vda,0.40,0.00,0.00,0,0
vda,2.40,0.00,0.01,0,0
vda,29.40,0.27,0.01,1,0
vda,4.60,0.07,0.02,0,0
vda,3.80,0.00,0.01,0,0
vda,2.00,0.00,0.01,0,0
vda,19.80,0.00,0.09,0,0
vda,2.80,0.00,0.01,0,0
vda,2.00,0.00,0.01,0,0
vda,3.00,0.00,0.01,0,0
vda,2.00,0.00,0.01,0,0
vda,3.60,0.00,0.01,0,0
vda,357.20,4.40,0.02,22,0
vda,160.00,1.79,0.02,8,0
vda,351.40,4.65,0.02,23,0
vda,159.60,1.48,0.03,7,0
vda,15.00,0.00,0.06,0,0
vda,7.20,0.09,0.04,0,0
vda,8.80,0.00,0.06,0,0
vda,7.40,0.00,0.03,0,0
vda,2.40,0.00,0.01,0,0
vda,3.60,0.00,0.02,0,0
vda,2.20,0.00,0.01,0,0
vda,3.40,0.00,0.01,0,0
vda,2.20,0.00,0.01,0,0
vda,3.40,0.00,0.01,0,0
