3126792.0,201680.0,9368.0
3126792.0,201680.0,9368.0
3126792.0,201680.0,9368.0
1125755.2,744358.4,9489.6
625496.0,880028.0,9520.0
625496.0,880028.0,9520.0
153483.2,713017.33333,9598.4
119768.0,701088.0,9604.0
119768.0,701088.0,9604.0
142828.26667,594044.26667,9662.9333333
146376.0,577576.0,9672.0
266697.6,535415.46667,9731.7333333
275292.0,532404.0,9736.0
275292.0,532404.0,9736.0
132279.2,659852.53333,9795.7333333
122064.0,668956.0,9800.0
122064.0,668956.0,9800.0
121705.6,655818.4,9856.0
121680.0,654880.0,9860.0
197509.86667,569856.53333,9929.3333333
209176.0,556776.0,9940.0
209176.0,556776.0,9940.0
338427.2,430298.13333,9992.0
358312.0,410840.0,10000.0
250814.4,520107.2,10051.2
223940.0,547424.0,10064.0
223940.0,547424.0,10064.0
530631.73333,249391.46667,10122.666667
642156.0,141016.0,10144.0
642156.0,141016.0,10144.0
525112.8,249758.4,10195.2
495852.0,276944.0,10208.0
397811.2,375885.33333,10254.933333
362160.0,411864.0,10272.0
362160.0,411864.0,10272.0
252306.66667,512266.13333,10321.866667
212360.0,548776.0,10340.0
212360.0,548776.0,10340.0
389857.6,368171.2,10394.4
434232.0,323020.0,10408.0
434232.0,323020.0,10408.0
314145.6,431580.0,10462.4
284124.0,458720.0,10476.0
283139.46667,458720.0,10531.466667
282988.0,458720.0,10540.0
282988.0,458720.0,10540.0
