vda,6.00,1.20,0.01,6,0
vda,6.00,0.81,0.01,4,0
vda,4.80,1.20,0.01,6,0
vda,3.40,0.80,0.01,4,0
vda,3.00,1.20,0.00,6,0
vda,23.40,0.80,0.10,4,0
vda,5.40,1.20,0.01,6,0
vda,20.60,1.30,0.00,6,0
vda,95.60,18.00,0.05,90,0
vda,52.00,18.88,0.01,94,0
vda,53.60,19.65,0.01,98,0
vda,69.40,25.75,0.02,128,0
vda,74.80,26.61,0.02,133,0
vda,70.80,25.02,0.03,125,0
vda,62.08,22.85,0.06,114,0
vda,66.60,25.71,0.00,128,0
vda,66.20,23.29,0.04,116,0
vda,59.00,21.77,0.01,108,0
vda,67.80,24.98,0.02,124,0
vda,67.20,23.23,0.03,116,0
vda,73.00,27.00,0.01,135,0
vda,71.00,27.03,0.01,135,0
vda,67.80,25.00,0.01,124,0
vda,72.60,25.71,0.03,128,0
vda,72.20,26.20,0.02,131,0
vda,68.40,26.85,0.00,134,0
vda,60.40,22.20,0.01,110,0
vda,65.60,24.08,0.02,120,0
vda,61.80,23.71,0.00,118,0
vda,56.40,21.70,0.00,108,0
vda,69.40,22.52,0.06,112,0
vda,72.20,27.01,0.01,135,0
vda,66.20,25.69,0.00,128,0
vda,61.80,23.00,0.01,114,0
vda,19.20,5.88,0.02,29,0
vda,143.00,1.27,0.01,6,0
vda,15.20,0.63,0.02,3,0
vda,8.40,0.84,0.03,4,0
vda,7.40,1.19,0.02,5,0
vda,11.60,0.80,0.04,4,0
vda,6.40,1.20,0.01,6,0
vda,25.80,0.60,26.38,2,131
vda,7.20,1.24,0.01,6,0
vda,5.80,0.86,0.01,4,0
vda,6.20,1.23,0.01,6,0
vda,5.60,0.83,0.01,4,0
vda,6.80,1.20,0.01,6,0
vda,6.00,0.80,0.02,4,0
vda,29.40,1.22,20.86,6,104
vda,15.20,0.80,15.44,4,77
vda,6.80,1.20,0.01,6,0
vda,5.40,0.80,0.01,4,0
vda,7.20,1.20,0.02,6,0
vda,5.40,0.80,0.01,4,0
vda,6.20,1.24,0.01,6,0
vda,15.40,0.83,5.14,4,25
vda,17.60,0.96,5.32,4,26
vda,8.80,1.23,5.27,6,26
vda,8.40,0.80,5.33,4,26
vda,19.80,1.26,5.41,6,27
vda,21.20,0.83,5.28,4,26
vda,9.40,1.20,5.46,6,27
vda,11.00,0.80,2.64,4,13
vda,21.00,1.23,0.07,6,0
vda,5.00,0.80,0.01,4,0
vda,3.20,1.20,0.00,6,0
vda,6.40,0.80,0.02,4,0
vda,34.60,1.73,0.01,8,0
vda,6.40,0.83,0.02,4,0
vda,56.60,1.20,31.77,6,158
vda,6.00,0.83,0.01,4,0
vda,3.00,1.20,0.00,6,0
vda,8.20,0.80,0.02,4,0
vda,7.60,1.23,0.02,6,0
vda,6.40,0.80,0.02,4,0
vda,15.80,1.20,15.74,6,78
vda,23.00,0.80,25.96,4,129
vda,8.20,1.20,0.02,6,0
vda,5.00,0.80,0.01,4,0
vda,4.80,0.80,0.01,4,0
vda,3.60,1.22,0.00,6,0
vda,6.40,0.83,0.02,4,0
vda,14.60,1.20,5.34,6,26
vda,9.40,0.83,5.37,4,26
vda,10.00,1.20,5.41,6,27
vda,5.60,0.80,5.24,4,26
vda,6.60,1.23,5.45,6,27
vda,5.00,0.80,5.18,4,25
vda,6.00,1.20,5.24,6,26
vda,21.20,0.80,5.23,4,26
vda,9.60,1.20,6.35,6,31
vda,6.60,0.80,0.02,4,0
vda,6.20,1.20,0.01,6,0
vda,2.60,0.82,0.00,4,0
vda,31.40,1.28,26.46,6,132
vda,26.40,0.82,15.72,4,78
vda,8.60,1.23,0.02,6,0
vda,5.80,0.80,0.01,4,0
vda,6.20,1.20,0.01,6,0
vda,2.20,0.83,0.00,4,0
vda,6.80,0.80,0.03,4,0
vda,39.60,1.20,41.10,6,205
vda,9.20,0.80,0.03,4,0
vda,6.60,1.20,0.01,6,0
vda,5.00,0.80,0.01,4,0
vda,6.80,1.20,0.01,6,0
vda,6.60,0.82,0.02,4,0
vda,4.60,1.23,0.76,6,3
vda,11.20,0.80,5.42,4,27
vda,20.20,1.23,5.29,6,26
vda,22.20,0.80,5.52,4,27
vda,9.60,1.20,5.17,6,25
vda,13.60,0.83,7.91,4,39
vda,16.80,1.23,8.84,6,44
vda,7.00,0.80,0.02,4,0
vda,7.00,1.20,0.01,6,0
vda,2.00,0.80,0.00,4,0
vda,22.00,1.20,5.38,6,26
vda,37.80,0.80,40.02,4,200
vda,9.20,1.22,0.02,6,0
vda,5.80,0.83,0.01,4,0
vda,6.20,1.23,0.01,6,0
vda,2.20,0.80,0.00,4,0
vda,10.60,0.82,0.03,4,0
vda,9.20,1.20,2.08,6,10
vda,34.00,0.83,39.83,4,199
vda,3.20,1.20,0.00,6,0
vda,5.60,0.80,0.01,4,0
vda,6.80,1.20,0.01,6,0
vda,5.00,0.80,0.01,4,0
vda,3.00,1.20,0.00,6,0
vda,7.00,0.80,2.24,4,11
vda,12.40,1.22,5.26,6,26
vda,19.20,0.83,5.54,4,27
vda,6.40,1.23,5.17,6,25
vda,5.60,0.80,5.22,4,26
vda,9.00,1.20,5.17,6,25
vda,5.20,0.80,6.33,4,31
vda,8.00,1.23,0.02,6,0
vda,6.80,0.80,0.03,4,0
vda,12.60,1.20,0.04,6,0
vda,38.60,0.80,26.45,4,132
vda,21.40,1.20,13.24,6,66
vda,6.00,0.80,0.02,4,0
vda,6.60,1.20,0.01,6,0
vda,5.80,0.82,0.01,4,0
vda,2.20,0.83,0.00,4,0
vda,7.80,1.23,0.02,6,0
vda,43.60,0.80,33.73,4,168
vda,13.80,1.20,8.02,6,40
vda,6.60,0.80,0.02,4,0
vda,6.60,1.23,0.01,6,0
vda,2.20,0.80,0.00,4,0
vda,10.60,1.23,0.02,6,0
vda,6.00,0.80,0.01,4,0
vda,28.20,1.20,23.93,6,119
vda,58.00,0.80,15.76,4,78
vda,6.20,1.21,0.01,6,0
vda,3.60,0.81,0.01,4,0
vda,5.00,1.23,0.01,6,0
vda,6.00,0.83,0.01,4,0
vda,9.20,1.20,0.04,6,0
vda,10.20,0.81,1.08,4,5
vda,14.80,1.23,0.11,6,0
vda,5.40,0.80,0.01,4,0
vda,15.00,1.20,5.31,6,26
vda,12.80,0.80,5.19,4,25
vda,9.20,1.20,5.37,6,26
vda,10.60,0.80,5.32,4,26
vda,35.40,0.80,39.19,4,195
vda,7.00,1.21,0.01,6,0
vda,5.20,0.81,0.01,4,0
vda,6.20,1.23,0.01,6,0
vda,8.40,0.85,0.01,4,0
vda,6.60,1.20,0.01,6,0
vda,27.20,0.80,31.85,4,159
vda,14.60,1.27,8.02,6,40
vda,7.20,0.80,0.02,4,0
vda,6.80,1.20,0.01,6,0
vda,2.00,0.80,0.00,4,0
vda,7.80,1.20,0.02,6,0
vda,3.80,0.80,0.02,4,0
vda,24.60,1.22,5.26,6,26
vda,7.40,0.81,5.23,4,26
vda,9.60,1.24,5.17,6,25
vda,8.80,0.80,6.33,4,31
vda,7.20,1.23,0.02,6,0
vda,2.60,0.80,0.01,4,0
vda,7.60,1.20,0.02,6,0
vda,30.40,0.83,5.38,4,26
vda,19.60,1.20,29.08,6,145
vda,11.20,0.80,13.02,4,65
vda,2.00,0.80,0.00,4,0
vda,8.00,1.21,0.02,6,0
vda,5.20,0.80,0.01,4,0
vda,6.40,1.20,0.01,6,0
vda,6.80,0.81,0.02,4,0
vda,29.80,1.24,31.33,6,156
vda,29.40,0.80,8.13,4,40
vda,8.20,1.23,0.02,6,0
vda,5.40,0.80,0.01,4,0
vda,9.00,1.23,0.02,6,0
vda,5.60,0.83,0.01,4,0
vda,13.80,1.20,0.05,6,0
vda,36.13,0.80,13.50,4,67
vda,38.20,1.20,21.87,6,109
vda,4.40,0.80,0.01,4,0
vda,6.60,1.20,0.01,6,0
vda,5.20,0.80,0.01,4,0
vda,6.60,1.22,0.01,6,0
vda,7.20,0.84,0.02,4,0
vda,13.00,1.20,0.05,6,0
vda,6.00,0.83,0.02,4,0
vda,36.80,1.20,26.49,6,132
vda,17.60,0.80,13.25,4,66
vda,2.20,0.83,0.00,4,0
vda,6.40,1.20,0.01,6,0
vda,6.00,0.80,0.02,4,0
vda,7.20,1.20,0.02,6,0
vda,4.40,0.80,2.48,4,12
vda,11.40,1.20,5.26,6,26
vda,13.20,0.80,5.12,4,25
vda,28.60,1.22,26.21,6,131
vda,16.00,0.83,13.49,4,67
vda,6.80,1.20,0.01,6,0
vda,5.80,0.83,0.01,4,0
vda,3.00,1.20,0.00,6,0
vda,7.60,0.81,0.02,4,0
vda,8.00,1.24,0.01,6,0
vda,7.40,0.80,8.01,4,40
vda,31.20,1.20,0.17,6,0
vda,6.00,0.80,0.01,4,0
vda,7.00,1.20,0.02,6,0
vda,2.00,0.80,0.00,4,0
vda,12.40,1.20,0.04,6,0
vda,7.40,0.82,0.03,4,0
vda,36.20,1.24,11.08,6,55
vda,29.60,0.80,12.80,4,64
vda,32.20,0.83,18.36,4,91
vda,3.40,1.20,0.00,6,0
vda,4.60,0.80,0.01,4,0
vda,6.80,1.23,0.01,6,0
vda,5.40,0.80,0.01,4,0
vda,6.20,1.20,0.01,6,0
vda,34.60,0.80,44.55,4,222
vda,12.80,1.23,0.82,6,4
vda,5.80,0.80,0.01,4,0
vda,14.00,0.55,0.01,2,0
vda,6.00,0.82,0.01,4,0
vda,3.20,1.23,0.00,6,0
vda,7.80,0.80,1.97,4,9
vda,24.00,1.23,5.33,6,26
vda,5.80,0.80,5.46,4,27
vda,7.20,1.20,5.17,6,25
vda,8.20,0.83,5.23,4,26
vda,10.40,1.20,7.78,6,38
vda,9.60,0.80,3.74,4,18
vda,7.80,1.20,0.02,6,0
vda,7.60,0.80,0.03,4,0
vda,6.40,1.20,0.01,6,0
vda,30.00,0.80,38.60,4,193
vda,7.39,0.82,0.02,4,0
vda,6.60,1.23,0.01,6,0
vda,6.20,1.23,0.01,6,0
vda,8.40,0.80,0.03,4,0
vda,6.40,1.20,0.01,6,0
vda,29.60,0.80,27.01,4,135
vda,11.60,0.83,13.16,4,65
vda,7.20,1.20,0.02,6,0
vda,5.40,0.80,0.01,4,0
vda,3.20,1.20,0.00,6,0
vda,5.00,0.80,0.01,4,0
vda,6.80,1.20,0.02,6,0
vda,20.80,0.80,16.06,4,80
vda,23.00,0.00,21.05,0,105
vda,3.20,0.00,0.01,0,0
vda,12.20,0.00,0.05,0,0
vda,5.40,0.00,0.02,0,0
vda,0.00,0.00,0.00,0,0
vda,1.20,0.00,0.01,0,0
vda,5.60,0.00,6.34,0,31
vda,9.40,0.00,0.07,0,0
vda,1.80,0.00,0.01,0,0
vda,1.20,0.00,0.00,0,0
vda,0.00,0.00,0.00,0,0
vda,1.20,0.00,0.01,0,0
vda,1.40,0.00,0.01,0,0
vda,2.20,0.00,0.01,0,0
vda,9.80,0.00,0.04,0,0
vda,0.80,0.00,0.00,0,0
vda,0.00,0.00,0.00,0,0
vda,1.20,0.00,0.01,0,0
vda,12.20,0.00,0.05,0,0
vda,1.20,0.00,0.00,0,0
vda,0.20,0.00,0.00,0,0
vda,6.60,0.00,0.04,0,0
vda,0.60,0.01,0.00,0,0
vda,2.20,0.00,0.01,0,0
vda,13.00,0.00,0.06,0,0
vda,0.80,0.00,0.00,0,0
