vda,27.00,0.00,0.11,0,0
vda,2.80,0.00,0.01,0,0
vda,0.00,0.00,0.00,0,0
vda,0.60,0.00,0.00,0,0
vda,0.00,0.00,0.00,0,0
vda,2.60,0.00,0.01,0,0
vda,1.60,0.00,0.01,0,0
vda,2.00,0.00,0.01,0,0
vda,1.00,0.00,0.00,0,0
vda,0.00,0.00,0.00,0,0
vda,7.80,0.00,0.03,0,0
vda,1.60,0.00,0.01,0,0
vda,248.80,3.16,0.00,15,0
vda,340.00,3.92,0.02,19,0
vda,330.60,12.57,0.04,62,0
vda,44.40,8.04,0.02,40,0
vda,79.24,0.79,0.01,3,0
vda,67.20,0.54,0.02,2,0
vda,6.40,0.00,0.04,0,0
vda,14.60,0.01,0.10,0,0
vda,6.20,0.00,0.02,0,0
vda,20.80,0.00,0.12,0,0
vda,6.20,0.00,0.02,0,0
vda,11.40,0.00,0.05,0,0
vda,9.40,0.09,0.04,0,0
vda,0.00,0.00,0.00,0,0
vda,0.80,0.00,0.00,0,0
vda,0.20,0.00,0.00,0,0
vda,6.40,0.00,0.03,0,0
vda,7.60,0.00,0.04,0,0
vda,1.60,0.00,0.01,0,0
vda,1.80,0.00,0.01,0,0
vda,0.00,0.00,0.00,0,0
vda,0.60,0.00,0.00,0,0
