5400285.3333,2089804.0,19276.0
5401280.0,2088596.0,19292.0
3250096.5333,2352170.6667,19333.066667
2467848.0,2448016.0,19348.0
2467848.0,2448016.0,19348.0
1136641.6,2902656.0,19389.6
803840.0,3016316.0,19400.0
803840.0,3016316.0,19400.0
261616.0,3067864.8,19435.2
126060.0,3080752.0,19444.0
365810.4,2750115.2,19146.4
425748.0,2667456.0,19072.0
425748.0,2667456.0,19072.0
278637.6,2880393.6,19126.4
241860.0,2933628.0,19140.0
241860.0,2933628.0,19140.0
153565.6,3016213.6,9869.6
131492.0,3036860.0,7552.0
135636.8,2985576.5333,6938.9333333
137144.0,2966928.0,6716.0
137144.0,2966928.0,6716.0
466330.4,2633503.2,6754.4
685788.0,2411220.0,6780.0
685788.0,2411220.0,6780.0
524817.6,2564539.2,6823.2
417504.0,2666752.0,6852.0
272486.4,2808864.0,6886.1333333
145596.0,2933212.0,6916.0
145596.0,2933212.0,6916.0
131721.6,2931839.2,6954.4
122472.0,2930924.0,6980.0
122472.0,2930924.0,6980.0
657690.66667,2363057.3333,7022.6666667
925300.0,2079124.0,7044.0
768713.33333,2222388.0,7086.6666667
690420.0,2294020.0,7108.0
690420.0,2294020.0,7108.0
528148.0,2450745.3333,7148.0
447012.0,2529108.0,7168.0
447012.0,2529108.0,7168.0
248081.33333,2720257.3333,7221.3333333
148616.0,2815832.0,7248.0
825148.26667,2155195.4667,7300.8
1071160.0,1914964.0,7320.0
1071160.0,1914964.0,7320.0
3957606.4,1736944.0,7351.2
