vda,0.60,0.00,0.01,0,0
vda,0.40,0.00,0.00,0,0
vda,0.00,0.00,0.00,0,0
vda,1.00,0.00,0.01,0,0
vda,0.80,0.00,0.01,0,0
vda,0.40,0.00,0.00,0,0
vda,3.00,0.00,0.02,0,0
vda,0.00,0.00,0.00,0,0
vda,6.00,0.74,0.01,3,0
vda,11.80,1.64,0.02,8,0
vda,12.20,1.82,0.01,9,0
vda,23.20,3.58,0.00,17,0
vda,12.00,1.43,0.01,7,0
vda,5.60,0.00,0.05,0,0
vda,1.20,0.00,0.04,0,0
vda,1.00,0.00,0.11,0,0
vda,1.20,0.00,0.03,0,0
vda,0.40,0.00,0.00,0,0
vda,0.40,0.00,0.01,0,0
vda,0.00,0.00,0.00,0,0
vda,6.60,0.00,0.07,0,0
vda,1.20,0.00,0.01,0,0
vda,0.60,0.00,0.00,0,0
vda,1.40,0.00,0.01,0,0
vda,0.40,0.00,0.01,0,0
