vda,0.60,0.00,0.00,0,0
vda,2.00,0.00,0.01,0,0
vda,0.00,0.00,0.00,0,0
vda,28.20,0.27,0.00,1,0
vda,2.80,0.07,0.01,0,0
vda,2.20,0.00,0.01,0,0
vda,22.60,0.00,0.11,0,0
vda,284.20,3.60,0.01,17,0
vda,317.60,3.75,0.01,18,0
vda,266.20,3.53,0.02,17,0
vda,1.20,0.00,0.00,0,0
vda,0.60,0.00,0.01,0,0
vda,1.20,0.00,0.00,0,0
vda,16.40,0.10,0.03,0,0
vda,5.00,0.00,0.03,0,0
vda,3.00,0.00,0.06,0,0
vda,2.40,0.00,0.01,0,0
vda,0.80,0.00,0.01,0,0
vda,148.20,1.30,0.05,6,0
vda,5.40,0.03,0.01,0,0
vda,5.00,0.00,0.02,0,0
vda,7.40,0.00,0.04,0,0
vda,10.60,0.00,0.04,0,0
vda,11.60,0.00,0.67,0,3
vda,6.40,0.00,0.03,0,0
vda,4.40,0.00,0.02,0,0
vda,6.80,0.00,0.03,0,0
vda,3.60,0.00,0.01,0,0
vda,2.20,0.09,0.01,0,0
vda,20.20,0.00,0.10,0,0
vda,1.40,0.00,0.01,0,0
vda,0.00,0.00,0.00,0,0
vda,2.60,0.00,0.01,0,0
vda,2.00,0.00,0.01,0,0
vda,3.20,0.00,0.01,0,0
vda,10.60,0.00,0.04,0,0
vda,0.20,0.00,0.00,0,0
vda,0.80,0.00,0.00,0,0
