vda,3.00,0.00,0.01,0,0
vda,1.00,0.00,0.00,0,0
vda,1.00,0.00,0.00,0,0
vda,0.00,0.00,0.00,0,0
vda,0.60,0.00,0.00,0,0
vda,0.40,0.00,0.00,0,0
vda,21.00,0.00,0.11,0,0
vda,142.20,1.73,0.01,8,0
vda,379.20,4.60,0.01,23,0
vda,351.00,4.57,0.01,22,0
vda,75.80,10.55,0.02,52,0
vda,10.80,2.06,0.01,10,0
vda,16.20,4.88,0.01,24,0
vda,0.20,0.00,0.00,0,0
vda,15.20,0.00,0.08,0,0
vda,2.40,0.00,0.01,0,0
vda,1.80,0.00,0.06,0,0
vda,16.80,0.22,0.02,1,0
vda,128.20,1.08,0.02,5,0
vda,5.20,0.03,0.01,0,0
vda,0.40,0.00,0.00,0,0
vda,3.80,0.00,0.01,0,0
vda,7.00,0.00,0.04,0,0
vda,4.80,0.00,0.02,0,0
vda,5.00,0.00,0.03,0,0
vda,13.80,0.00,1.29,0,6
vda,4.20,0.00,0.02,0,0
vda,2.40,0.01,1.27,0,6
vda,14.40,0.00,0.06,0,0
vda,11.40,0.00,0.09,0,0
vda,4.20,0.00,0.02,0,0
vda,6.40,0.00,0.03,0,0
vda,3.40,0.00,0.02,0,0
vda,0.20,0.00,0.00,0,0
vda,9.00,0.08,0.88,0,4
vda,14.40,0.00,0.06,0,0
vda,9.00,0.00,0.05,0,0
vda,2.40,0.00,0.01,0,0
vda,1.40,0.00,0.01,0,0
vda,1.00,0.00,0.00,0,0
vda,0.00,0.00,0.00,0,0
vda,1.40,0.00,0.01,0,0
vda,1.20,0.00,0.01,0,0
vda,8.78,0.00,0.04,0,0
