vda,31.00,0.27,0.01,1,0
vda,25.60,0.07,0.10,0,0
vda,1.00,0.00,0.00,0,0
vda,0.00,0.00,0.00,0,0
vda,0.60,0.00,0.00,0,0
vda,0.00,0.00,0.00,0,0
vda,1.60,0.00,0.01,0,0
vda,1.40,0.00,0.01,0,0
vda,7.80,0.00,0.03,0,0
vda,0.80,0.00,0.00,0,0
vda,0.00,0.00,0.00,0,0
vda,1.80,0.00,0.01,0,0
vda,230.00,2.84,0.01,14,0
vda,346.60,3.94,0.02,19,0
vda,325.80,6.67,0.02,33,0
vda,36.80,7.04,0.03,35,0
vda,30.00,6.38,0.01,31,0
vda,145.20,1.14,0.13,5,0
vda,1.40,0.03,0.00,0,0
vda,5.60,0.03,0.01,0,0
vda,9.60,0.00,0.04,0,0
vda,8.00,0.01,0.02,0,0
vda,4.00,0.00,0.02,0,0
vda,10.40,0.00,0.05,0,0
vda,10.00,0.00,0.08,0,0
vda,0.00,0.00,0.00,0,0
vda,11.20,0.00,0.05,0,0
vda,4.60,0.00,0.02,0,0
vda,15.20,0.00,3.71,0,18
vda,10.00,0.00,0.04,0,0
vda,3.40,0.09,0.01,0,0
vda,7.20,0.00,0.03,0,0
vda,0.00,0.00,0.00,0,0
vda,0.60,0.00,0.00,0,0
vda,0.80,0.00,0.01,0,0
vda,16.00,0.00,0.08,0,0
vda,0.80,0.00,0.00,0,0
vda,2.20,0.00,0.01,0,0
vda,1.00,0.00,0.00,0,0
vda,0.00,0.00,0.00,0,0
