data_points,dimensions,k,mem_used_kb
100000,10,10,7616323.866732
100000,10,100,8712009.266615
100000,10,200,5770066.06667
100000,10,300,7299708.866639
100000,10,400,8259035.520004
100000,10,500,5715706.98667
100000,10,600,7810125.377781
100000,10,700,5649744.320027
100000,10,800,6265813.119991
100000,10,900,9482225.00001
100000,10,1000,8826642.333345
100000,10,1200,9262311.786662
100000,10,1400,9765427.799965
100000,10,1600,8049021.333322
100000,50,10,5761725.6
100000,50,100,7974810.533342
100000,50,200,9465534.93333
100000,50,300,5647273.226663
100000,50,400,6116419.253306
100000,50,500,7569319.200016
100000,50,600,8468657.066649
100000,50,700,7884613.706667
100000,50,800,9066374.560030
100000,50,900,8605527.519972
100000,50,1000,7602211.600012
100000,50,1200,7224738.239999
100000,50,1400,10149434.080010
100000,50,1600,9560864.488873
100000,100,10,10472941.200012
100000,100,100,5713934.879986
100000,100,200,5989415.733315
100000,100,300,7566139.466666
100000,100,400,7651632.106690
100000,100,500,8043911.413346
100000,100,600,9997990.622213
100000,100,700,9763684.577790
100000,100,800,10047822.977799
100000,100,900,9730235.022256
100000,100,1000,10451509.99997
100000,100,1200,10514619.377787
100000,100,1400,8864438.819041
100000,100,1600,10836023.35237
100000,250,10,7236386.773238
100000,250,100,10812040.373362
100000,250,200,10328614.71111
100000,250,300,7965499.066687
100000,250,400,10510298.13333
100000,250,500,10365410.088886
100000,250,600,10058312.190485
100000,250,700,10704821.56185
100000,250,800,10871886.55238
100000,250,900,10494126.166646
100000,250,1000,11893456.43334
100000,250,1200,12239124.97777
100000,250,1400,13652739.34817
100000,250,1600,13737184.26667
100000,500,10,9136243.244430
100000,500,100,12162366.24761
100000,500,200,11777299.43332
100000,500,300,11627311.40000
100000,500,400,11480813.36
100000,500,500,12653007.03031
100000,500,600,12383905.74546
100000,500,700,14569426.42968
100000,500,800,12448424.86668
100000,500,900,12250721.66152
100000,500,1000,13494397.64103
100000,500,1200,14956012.07621
100000,500,1400,14312310.19047
100000,500,1600,14275888.60443
100000,750,10,12650890.24760
100000,750,100,13431593.59997
100000,750,200,12590747.43705
100000,750,300,12769753.17337
100000,750,400,14011449.28888
100000,750,500,15042027.67179
100000,750,600,14769155.54286
100000,750,700,14267162.38221
100000,750,800,14557274.74510
100000,750,900,14508030.98039
100000,750,1000,15413530.93332
100000,750,1200,16368940.90667
100000,750,1400,15512092.99394
100000,750,1600,16051858.38888
100000,1000,10,12322013.93332
100000,1000,100,12940164.38790
100000,1000,200,11870845.74546
100000,1000,300,13847943.76890
100000,1000,400,13523512.85334
100000,1000,500,15136888.74999
100000,1000,600,14858830.08628
100000,1000,700,15141539.37332
100000,1000,800,16053752.98185
100000,1000,900,15659263.62424
100000,1000,1000,16130982.71798
100000,1000,1200,16729083.60494
100000,1000,1400,17034542.34166
100000,1000,1600,17245071.39999
