3441556.0,39896.0,3848.0
3441556.0,39896.0,3848.0
2992632.0,157316.0,4260.0
1196936.0,626996.0,5908.0
1196936.0,626996.0,5908.0
906924.26667,621781.06667,5934.6666667
109392.0,607440.0,6008.0
109392.0,607440.0,6008.0
110272.0,462516.0,6072.0
112032.0,172668.0,6200.0
135018.66667,167997.06667,5423.4666667
198232.0,155152.0,3288.0
198232.0,155152.0,3288.0
177597.33333,175178.66667,3409.6
120852.0,230252.0,3744.0
120852.0,230252.0,3744.0
116284.0,216933.33333,3802.6666667
107148.0,190296.0,3920.0
106210.4,190280.0,3950.4
104804.0,190256.0,3996.0
104804.0,190256.0,3996.0
110379.73333,192076.0,4091.2
116752.0,194156.0,4200.0
116752.0,194156.0,4200.0
114885.33333,188421.6,2361.0666667
113252.0,183404.0,752.0
113252.0,183404.0,752.0
121057.33333,175961.33333,680.0
124960.0,172240.0,644.0
114154.66667,152050.66667,806.66666667
108752.0,141956.0,888.0
108752.0,141956.0,888.0
109743.46667,140905.86667,1064.0
110104.0,140524.0,1128.0
110104.0,140524.0,1128.0
116803.73333,133017.6,1034.1333333
119240.0,130288.0,1000.0
111270.13333,154188.8,906.13333333
108372.0,162880.0,872.0
108372.0,162880.0,872.0
121519.2,148600.53333,833.86666667
126300.0,143408.0,820.0
126300.0,143408.0,820.0
114818.93333,154677.86667,1069.3333333
110644.0,158776.0,1160.0
114737.33333,138672.0,1264.0
116784.0,128620.0,1316.0
116784.0,128620.0,1316.0
117558.4,127813.33333,1310.1333333
117840.0,127520.0,1308.0
117840.0,127520.0,1308.0
129065.86667,101040.8,1665.8666667
133148.0,91412.0,1796.0
127780.0,96222.666667,2658.4
125828.0,97972.0,2972.0
125828.0,97972.0,2972.0
122286.66667,101937.33333,2678.6666667
120516.0,103920.0,2532.0
120516.0,103920.0,2532.0
128910.66667,116930.66667,1692.0
133108.0,123436.0,1272.0
124513.6,132133.6,1396.8
118784.0,137932.0,1480.0
118784.0,137932.0,1480.0
128708.0,127931.2,1160.8
135324.0,121264.0,948.0
135324.0,121264.0,948.0
132523.2,117136.0,840.0
130656.0,114384.0,768.0
127229.33333,117298.66667,992.0
125516.0,118756.0,1104.0
125516.0,118756.0,1104.0
124660.0,106225.33333,1208.0
124232.0,99960.0,1260.0
124232.0,99960.0,1260.0
120584.0,103164.0,1341.6
118152.0,105300.0,1396.0
112125.6,111530.4,1240.0
108108.0,115684.0,1136.0
108108.0,115684.0,1136.0
151533.6,57138.4,1371.2
180484.0,18108.0,1528.0
180484.0,18108.0,1528.0
180484.0,18108.0,1528.0
180484.0,18108.0,1528.0
2143813.6,24064.8,1825.6
