vda,1.20,0.00,0.01,0,0
vda,23.40,0.00,0.11,0,0
vda,0.80,0.00,0.00,0,0
vda,26.80,0.21,0.01,1,0
vda,15.60,0.00,0.07,0,0
vda,1.00,0.00,0.00,0,0
vda,22.20,0.11,0.00,0,0
vda,388.80,4.69,0.05,23,0
vda,350.20,4.90,0.02,24,0
vda,145.60,3.32,0.02,16,0
vda,141.80,1.33,0.01,6,0
vda,7.20,0.00,0.03,0,0
vda,25.60,0.00,2.39,0,11
vda,12.40,0.00,0.05,0,0
vda,2.20,0.09,0.01,0,0
vda,6.20,0.00,0.02,0,0
vda,0.00,0.00,0.00,0,0
vda,0.60,0.00,0.00,0,0
vda,9.00,0.00,0.04,0,0
vda,1.20,0.00,0.00,0,0
vda,8.60,0.00,0.05,0,0
vda,0.00,0.00,0.00,0,0
vda,0.80,0.00,0.00,0,0
vda,1.20,0.00,0.00,0,0
vda,2.80,0.00,0.01,0,0
vda,1.20,0.00,0.00,0,0
vda,0.20,0.00,0.00,0,0
vda,2.00,0.00,0.01,0,0
