vda,5.00,0.07,0.02,0,0
vda,30.80,0.00,0.13,0,0
vda,3.60,0.00,0.01,0,0
vda,1.80,0.00,0.01,0,0
vda,1.80,0.00,0.01,0,0
vda,1.80,0.00,0.01,0,0
vda,3.20,0.00,0.02,0,0
vda,447.40,5.50,0.02,27,0
vda,138.80,1.53,0.03,7,0
vda,311.20,3.99,0.02,19,0
vda,141.20,1.29,0.02,6,0
vda,10.40,0.05,0.03,0,0
vda,7.40,0.00,0.03,0,0
vda,14.00,0.00,0.07,0,0
vda,7.20,0.00,0.03,0,0
vda,27.60,0.18,0.06,0,0
vda,13.40,0.00,0.06,0,0
vda,2.00,0.00,0.01,0,0
vda,2.80,0.00,0.01,0,0
vda,2.00,0.00,0.01,0,0
vda,2.80,0.00,0.01,0,0
vda,4.00,0.00,0.02,0,0
vda,5.80,0.00,0.03,0,0
vda,1.80,0.00,0.01,0,0
vda,0.80,0.00,0.01,0,0
vda,2.00,0.00,0.01,0,0
vda,9.60,0.00,0.04,0,0
vda,2.00,0.00,0.01,0,0
vda,1.80,0.00,0.01,0,0
