3477661.6,74596.8,3726.6666667
3416812.0,81552.0,3932.0
3307792.5333,105637.6,4041.3333333
1781520.0,442836.0,5572.0
1781520.0,442836.0,5572.0
1685133.8667,467324.53333,5578.9333333
1058624.0,626500.0,5624.0
1058624.0,626500.0,5624.0
997304.53333,640781.6,5628.2666667
138832.0,840724.0,5688.0
138832.0,840724.0,5688.0
138832.0,840724.0,5688.0
138832.0,840724.0,5688.0
141514.93333,817007.2,5707.2
179076.0,484972.0,5976.0
179076.0,484972.0,5976.0
173934.66667,479365.6,5982.4
140516.0,442924.0,6024.0
162222.13333,420286.13333,6031.4666667
303312.0,273140.0,6080.0
303312.0,273140.0,6080.0
303312.0,273140.0,6080.0
140892.0,430444.0,6136.0
140892.0,430444.0,6136.0
140892.0,430444.0,6136.0
108948.0,424988.0,6192.0
108948.0,424988.0,6192.0
105300.0,428180.0,6256.0
105300.0,428180.0,6256.0
105300.0,428180.0,6256.0
211312.0,302848.0,6304.0
211312.0,302848.0,6304.0
211312.0,302848.0,6304.0
127240.0,401052.0,6368.0
127240.0,401052.0,6368.0
119971.2,410934.13333,3228.2666667
119452.0,411640.0,3004.0
119452.0,411640.0,3004.0
135598.66667,406125.86667,1092.5333333
136752.0,405732.0,956.0
136752.0,405732.0,956.0
126962.13333,409288.8,914.4
125456.0,409836.0,908.0
248336.0,298664.8,1074.4
279056.0,270872.0,1116.0
279056.0,270872.0,1116.0
230544.53333,297471.46667,1151.2
212904.0,307144.0,1164.0
133510.4,386593.33333,1205.0666667
104640.0,415484.0,1220.0
104640.0,415484.0,1220.0
125626.66667,404529.33333,1420.0
136120.0,399052.0,1520.0
136120.0,399052.0,1520.0
134670.4,375823.2,1593.6
134308.0,370016.0,1612.0
134308.0,370016.0,1612.0
131167.2,387103.2,1674.4
130684.0,389732.0,1684.0
129169.06667,390141.06667,1725.6
128936.0,390204.0,1732.0
128936.0,390204.0,1732.0
111800.0,353703.2,1788.0
110576.0,351096.0,1792.0
110576.0,351096.0,1792.0
122536.0,340238.4,897.6
124376.0,338568.0,760.0
197694.93333,277699.73333,980.26666667
202932.0,273352.0,996.0
202932.0,273352.0,996.0
126169.6,333786.4,978.66666667
114360.0,343084.0,976.0
114360.0,343084.0,976.0
124155.2,345596.0,1020.8
126604.0,346224.0,1032.0
351256.8,103894.4,1147.2
407420.0,43312.0,1176.0
407420.0,43312.0,1176.0
268890.4,189089.86667,1255.2
218516.0,242100.0,1284.0
218516.0,242100.0,1284.0
171524.0,288829.6,1325.6
159776.0,300512.0,1336.0
396434.93333,57016.8,1381.0666667
432844.0,19556.0,1388.0
432844.0,19556.0,1388.0
432844.0,19556.0,1388.0
432844.0,19556.0,1388.0
2686738.1333,27291.2,1669.6
