vda,0.60,0.00,0.00,0,0
vda,2.40,0.00,0.01,0,0
vda,2.60,0.00,0.01,0,0
vda,29.80,0.27,0.01,1,0
vda,5.60,0.07,0.02,0,0
vda,2.20,0.00,0.01,0,0
vda,25.00,0.00,0.10,0,0
vda,2.80,0.00,0.01,0,0
vda,2.60,0.00,0.01,0,0
vda,2.20,0.00,0.01,0,0
vda,4.60,0.00,0.02,0,0
vda,2.40,0.00,0.01,0,0
vda,423.40,5.08,0.02,25,0
vda,451.40,5.84,0.02,29,0
vda,16.40,0.11,0.02,0,0
vda,24.15,5.02,0.01,25,0
vda,139.40,1.28,0.02,6,0
vda,11.00,0.01,0.05,0,0
vda,5.40,0.03,0.02,0,0
vda,12.80,0.00,0.06,0,0
vda,0.40,0.00,0.05,0,0
vda,4.20,0.00,0.02,0,0
vda,11.40,0.00,3.26,0,16
vda,5.80,0.00,1.28,0,6
vda,10.20,0.00,0.04,0,0
vda,3.20,0.00,0.01,0,0
vda,3.60,0.00,0.01,0,0
vda,0.40,0.00,0.00,0,0
vda,4.20,0.00,0.02,0,0
vda,15.20,0.00,2.32,0,11
vda,8.20,0.00,0.03,0,0
vda,3.80,0.00,0.01,0,0
vda,2.80,0.00,0.01,0,0
vda,3.80,0.00,0.01,0,0
vda,11.60,0.00,0.05,0,0
vda,2.60,0.00,0.01,0,0
vda,14.80,0.00,4.86,0,24
vda,0.40,0.00,0.64,0,3
vda,5.80,0.00,0.02,0,0
vda,3.60,0.00,0.01,0,0
vda,4.40,0.00,0.02,0,0
vda,6.60,0.00,0.03,0,0
vda,13.00,0.05,0.03,0,0
vda,8.60,0.00,0.04,0,0
vda,3.00,0.00,2.24,0,11
vda,2.60,0.00,0.01,0,0
vda,3.20,0.08,0.01,0,0
vda,13.80,0.00,0.06,0,0
vda,2.40,0.00,0.01,0,0
vda,2.20,0.00,0.01,0,0
vda,8.20,0.00,0.04,0,0
vda,2.20,0.00,0.01,0,0
vda,0.00,0.00,0.00,0,0
vda,2.20,0.00,0.01,0,0
vda,3.40,0.00,0.02,0,0
vda,2.20,0.00,0.01,0,0
