4933704.0,2585948.0,29400.0
4044761.3333,2586744.0,29453.333333
2266876.0,2588336.0,29560.0
2266876.0,2588336.0,29560.0
1911335.7333,2623435.7333,29579.2
933600.0,2719960.0,29632.0
933600.0,2719960.0,29632.0
853953.06667,2772709.8667,29646.933333
634924.0,2917772.0,29688.0
641745.33333,2913194.9333,29708.266667
660504.0,2900608.0,29764.0
660504.0,2900608.0,29764.0
608220.26667,2948690.1333,29774.666667
464440.0,3080916.0,29804.0
464440.0,3080916.0,29804.0
385498.66667,3153341.3333,29829.333333
227616.0,3298192.0,29880.0
194201.33333,3321578.6667,29905.333333
127372.0,3368352.0,29956.0
127372.0,3368352.0,29956.0
198762.66667,3302174.6667,29980.0
341544.0,3169820.0,30028.0
341544.0,3169820.0,30028.0
254795.2,3249352.8,30052.0
124672.0,3368652.0,30088.0
129278.66667,3354252.0,30113.333333
138492.0,3325452.0,30164.0
138492.0,3325452.0,30164.0
493132.53333,2964881.0667,30186.4
898436.0,2552800.0,30212.0
898436.0,2552800.0,30212.0
841004.0,2625137.6,30232.8
754856.0,2733644.0,30264.0
2296521.3333,2534853.3333,30281.333333
5379852.0,2137272.0,30316.0
