4861836.0,2635092.0,27072.0
4861836.0,2635092.0,27072.0
2790345.3333,2678869.0667,27206.933333
2037076.0,2694788.0,27256.0
2037076.0,2694788.0,27256.0
1500772.0,2727721.3333,27293.333333
1232620.0,2744188.0,27312.0
1049521.6,2828296.0,27338.4
927456.0,2884368.0,27356.0
927456.0,2884368.0,27356.0
865958.4,2953500.8,27383.733333
812148.0,3013992.0,27408.0
812148.0,3013992.0,27408.0
842146.93333,2979504.5333,27440.0
868396.0,2949328.0,27468.0
808664.53333,3005003.2,27520.266667
740400.0,3068632.0,27580.0
740400.0,3068632.0,27580.0
664413.6,3144385.0667,27606.133333
577572.0,3230960.0,27636.0
693936.26667,3109761.0667,27662.133333
826924.0,2971248.0,27692.0
826924.0,2971248.0,27692.0
775586.93333,3016742.4,27716.266667
716916.0,3068736.0,27744.0
716916.0,3068736.0,27744.0
646773.6,3139364.8,27763.2
541560.0,3245308.0,27792.0
440369.6,3291506.4,27816.0
288584.0,3360804.0,27852.0
288584.0,3360804.0,27852.0
404806.4,3244716.0,27878.133333
537632.0,3112044.0,27908.0
537632.0,3112044.0,27908.0
462481.06667,3187034.9333,27942.133333
396724.0,3252652.0,27972.0
330621.6,3318369.8667,27990.666667
255076.0,3393476.0,28012.0
255076.0,3393476.0,28012.0
208220.0,3437320.8,28032.8
137936.0,3503088.0,28064.0
137936.0,3503088.0,28064.0
433462.4,3203600.0,28098.133333
692048.0,2941548.0,28128.0
692048.0,2941548.0,28128.0
692048.0,2941548.0,28128.0
692048.0,2941548.0,28128.0
