vda,2.40,0.00,0.01,0,0
vda,0.00,0.00,0.00,0,0
vda,0.60,0.00,0.00,0,0
vda,0.60,0.00,0.00,0,0
vda,0.60,0.00,0.01,0,0
vda,1.00,0.00,0.00,0,0
vda,18.20,0.00,0.08,0,0
vda,6.00,0.00,0.02,0,0
vda,164.60,10.21,0.03,51,0
vda,214.00,13.99,0.00,69,0
vda,376.05,24.14,0.02,120,0
vda,353.00,22.68,0.01,113,0
vda,307.80,19.67,0.01,98,0
vda,343.40,21.53,0.05,107,0
vda,187.00,11.34,0.06,56,0
vda,3.40,0.00,0.06,0,0
vda,0.60,0.00,0.01,0,0
vda,3.00,0.01,0.00,0,0
vda,3.60,0.00,0.01,0,0
vda,12.00,0.00,0.06,0,0
vda,25.20,0.00,3.87,0,19
vda,12.20,0.00,0.05,0,0
vda,8.00,0.00,0.03,0,0
vda,7.00,0.00,0.03,0,0
vda,6.80,0.00,0.03,0,0
vda,22.20,0.00,1.82,0,9
vda,36.40,0.00,15.43,0,77
vda,11.80,0.01,0.04,0,0
vda,0.00,0.00,0.00,0,0
vda,15.40,0.00,0.06,0,0
vda,0.40,0.00,0.01,0,0
vda,9.00,0.00,0.04,0,0
vda,5.80,0.00,0.04,0,0
vda,0.80,0.00,0.00,0,0
vda,0.00,0.00,0.00,0,0
vda,0.80,0.00,0.00,0,0
vda,6.20,0.01,0.03,0,0
vda,0.00,0.00,0.00,0,0
vda,10.80,0.00,0.05,0,0
