vda,21.80,0.00,0.09,0,0
vda,3.40,0.00,0.01,0,0
vda,2.20,0.00,0.01,0,0
vda,1.80,0.00,0.01,0,0
vda,31.00,0.33,0.01,1,0
vda,2.00,0.00,0.01,0,0
vda,10.20,0.00,0.04,0,0
vda,2.40,0.00,0.01,0,0
vda,2.20,0.00,0.01,0,0
vda,1.80,0.00,0.01,0,0
vda,1.80,0.00,0.01,0,0
vda,1.80,0.00,0.01,0,0
vda,349.80,4.26,0.03,21,0
vda,345.40,4.11,0.02,20,0
vda,229.80,11.89,0.02,59,0
vda,64.20,10.81,0.13,54,0
vda,14.40,2.80,0.02,14,0
vda,140.60,1.29,0.02,6,0
vda,1.40,0.01,0.00,0,0
vda,11.80,0.03,3.26,0,16
vda,6.60,0.00,0.51,0,2
vda,4.20,0.00,0.02,0,0
vda,7.80,0.00,0.03,0,0
vda,0.00,0.00,0.00,0,0
vda,4.20,0.00,0.02,0,0
vda,5.40,0.00,0.03,0,0
vda,16.00,0.03,0.06,0,0
vda,6.20,0.00,1.91,0,9
vda,11.20,0.00,0.04,0,0
vda,13.20,0.00,0.05,0,0
vda,0.00,0.00,0.00,0,0
vda,7.00,0.00,0.03,0,0
vda,4.20,0.00,0.02,0,0
vda,11.20,0.00,0.08,0,0
vda,4.40,0.00,0.02,0,0
vda,5.60,0.00,1.91,0,9
vda,6.40,0.00,1.89,0,9
vda,9.80,0.01,1.93,0,9
vda,8.60,0.00,0.03,0,0
vda,6.80,0.00,0.03,0,0
vda,11.40,0.00,0.06,0,0
vda,4.40,0.03,0.01,0,0
vda,7.20,0.00,0.03,0,0
vda,1.00,0.00,0.01,0,0
vda,8.00,0.00,0.03,0,0
vda,3.00,0.08,0.01,0,0
vda,7.80,0.00,0.03,0,0
vda,8.80,0.00,0.04,0,0
vda,0.00,0.00,0.00,0,0
vda,9.60,0.00,0.04,0,0
vda,2.40,0.00,0.01,0,0
vda,1.80,0.00,0.01,0,0
vda,3.00,0.00,0.01,0,0
vda,2.20,0.00,0.01,0,0
vda,3.00,0.00,0.01,0,0
