vda,0.40,0.00,0.00,0,0
vda,2.20,0.00,0.01,0,0
vda,1.80,0.00,0.01,0,0
vda,1.80,0.00,0.01,0,0
vda,2.60,0.00,0.01,0,0
vda,24.80,0.00,0.12,0,0
vda,2.60,0.00,0.01,0,0
vda,423.20,5.21,0.02,26,0
vda,136.60,1.44,0.02,7,0
vda,312.20,4.31,0.00,21,0
vda,146.00,1.33,0.03,6,0
vda,8.20,0.00,0.03,0,0
vda,18.40,0.09,0.08,0,0
vda,15.60,0.00,0.09,0,0
vda,9.40,0.00,0.04,0,0
vda,2.20,0.00,0.01,0,0
vda,4.80,0.00,0.02,0,0
vda,5.20,0.00,0.02,0,0
vda,11.40,0.00,0.05,0,0
vda,0.00,0.00,0.00,0,0
vda,2.20,0.00,0.01,0,0
vda,4.00,0.00,0.02,0,0
vda,2.40,0.00,0.01,0,0
vda,3.80,0.00,0.02,0,0
vda,2.40,0.00,0.01,0,0
vda,1.60,0.00,0.01,0,0
