vda,9.00,0.00,0.04,0,0
vda,8.00,0.00,0.23,0,1
vda,6.60,0.00,0.03,0,0
vda,7.00,0.00,0.03,0,0
vda,1.60,0.00,0.01,0,0
vda,50.40,0.00,0.20,0,1
vda,144.80,0.00,0.57,0,2
vda,1.20,0.00,0.00,0,0
vda,4.80,0.00,0.02,0,0
vda,2.00,0.00,0.01,0,0
vda,2.00,0.00,0.01,0,0
vda,145.20,0.00,0.59,0,2
vda,4.60,0.00,0.02,0,0
vda,19.20,0.00,0.27,0,1
vda,0.60,0.00,0.00,0,0
vda,39.40,8.60,0.01,42,0
vda,38.60,10.77,0.01,53,0
vda,200.00,0.00,0.88,0,4
vda,33.00,8.07,0.02,40,0
vda,70.20,21.88,0.01,109,0
vda,11.80,0.40,0.04,2,0
vda,150.20,0.00,0.75,0,3
vda,9.40,0.00,0.04,0,0
vda,4.80,0.00,0.02,0,0
vda,0.00,0.00,0.00,0,0
vda,1.20,0.00,0.00,0,0
vda,11.20,0.00,0.24,0,1
vda,4.60,0.00,0.02,0,0
vda,22.60,0.00,0.17,0,0
vda,175.20,0.00,0.69,0,3
vda,3.00,0.00,0.01,0,0
