vda,2.80,0.00,0.01,0,0
vda,24.40,0.00,0.11,0,0
vda,31.60,0.34,0.01,1,0
vda,2.20,0.00,0.01,0,0
vda,1.80,0.00,0.01,0,0
vda,1.80,0.00,0.01,0,0
vda,1.80,0.00,0.01,0,0
vda,3.00,0.00,0.01,0,0
vda,3.40,0.00,0.01,0,0
vda,10.00,0.00,0.04,0,0
vda,3.60,0.00,0.01,0,0
vda,2.00,0.00,0.01,0,0
vda,387.40,4.69,0.02,23,0
vda,372.26,4.94,0.03,24,0
vda,142.60,4.17,0.00,20,0
vda,18.40,0.16,0.05,0,0
vda,133.20,1.16,0.01,5,0
vda,13.00,0.00,0.05,0,0
vda,13.40,0.00,0.05,0,0
vda,19.40,0.00,0.90,0,4
vda,6.60,0.00,0.03,0,0
vda,0.40,0.00,0.00,0,0
vda,8.00,0.09,0.03,0,0
vda,6.20,0.00,0.02,0,0
vda,1.60,0.00,0.01,0,0
vda,14.20,0.00,0.07,0,0
vda,2.40,0.00,0.01,0,0
vda,2.00,0.00,0.01,0,0
vda,1.80,0.00,0.01,0,0
vda,4.80,0.00,0.02,0,0
vda,2.80,0.00,0.01,0,0
