vda,2.60,0.00,0.01,0,0
vda,0.40,0.00,0.00,0,0
vda,11.40,0.00,0.05,0,0
vda,22.20,0.00,0.10,0,0
vda,0.20,0.00,0.00,0,0
vda,5.00,0.00,0.02,0,0
vda,8.40,0.00,0.23,0,1
vda,6.80,0.00,0.03,0,0
vda,187.00,0.00,0.75,0,3
vda,1.80,0.00,0.01,0,0
vda,5.80,0.00,0.04,0,0
vda,17.00,0.00,0.07,0,0
vda,6.00,0.00,0.02,0,0
vda,144.00,0.00,0.65,0,3
vda,5.60,0.00,0.02,0,0
vda,1.40,0.00,0.01,0,0
vda,10.00,0.00,0.04,0,0
vda,5.80,0.00,0.02,0,0
vda,207.60,0.00,1.16,0,5
vda,0.40,0.00,0.00,0,0
vda,11.20,0.00,0.04,0,0
vda,1.80,0.00,0.01,0,0
vda,2.20,0.00,0.01,0,0
vda,5.40,0.00,0.02,0,0
vda,3.00,0.00,0.02,0,0
vda,9.80,0.00,0.06,0,0
vda,129.00,0.00,0.50,0,2
vda,1.40,0.00,0.01,0,0
