vda,1.20,0.00,0.01,0,0
vda,25.20,0.00,0.12,0,0
vda,2.60,0.00,0.01,0,0
vda,1.80,0.00,0.01,0,0
vda,2.00,0.00,0.01,0,0
vda,1.80,0.00,0.01,0,0
vda,2.80,0.00,0.01,0,0
vda,443.80,5.41,0.03,27,0
vda,423.20,5.50,0.01,27,0
vda,21.20,0.14,0.02,0,0
vda,141.80,1.32,0.01,6,0
vda,6.20,0.00,0.02,0,0
vda,14.00,0.00,0.06,0,0
vda,8.80,0.09,0.05,0,0
vda,13.20,0.00,0.05,0,0
vda,7.60,0.00,0.06,0,0
vda,0.00,0.00,0.00,0,0
vda,12.40,0.00,0.05,0,0
vda,2.80,0.00,0.01,0,0
vda,0.00,0.00,0.00,0,0
vda,2.80,0.00,0.01,0,0
vda,2.60,0.00,0.01,0,0
vda,3.80,0.00,0.01,0,0
vda,8.00,0.00,0.03,0,0
vda,2.40,0.00,0.01,0,0
vda,2.00,0.00,0.01,0,0
vda,0.00,0.00,0.00,0,0
vda,4.40,0.00,0.02,0,0
