vda,1.40,0.00,0.01,0,0
vda,26.00,0.00,0.11,0,0
vda,34.40,0.34,0.02,1,0
vda,0.00,0.00,0.00,0,0
vda,11.60,0.00,0.05,0,0
vda,2.40,0.00,0.01,0,0
vda,2.20,0.00,0.01,0,0
vda,442.60,5.41,0.04,27,0
vda,152.20,1.66,0.05,8,0
vda,316.40,8.05,0.02,40,0
vda,18.60,0.11,0.09,0,0
vda,142.60,1.30,0.02,6,0
vda,7.20,0.03,0.02,0,0
vda,18.60,0.00,3.11,0,15
vda,11.00,0.00,0.04,0,0
vda,5.80,0.00,0.02,0,0
vda,6.40,0.00,0.03,0,0
vda,6.60,0.00,0.03,0,0
vda,0.00,0.00,0.00,0,0
vda,20.20,0.09,0.09,0,0
vda,5.20,0.00,0.06,0,0
vda,2.00,0.00,0.01,0,0
vda,1.80,0.00,0.01,0,0
vda,4.00,0.00,0.02,0,0
vda,6.20,0.00,0.02,0,0
vda,2.00,0.00,0.01,0,0
vda,0.00,0.00,0.00,0,0
vda,1.80,0.00,0.01,0,0
vda,1.80,0.00,0.01,0,0
vda,2.60,0.00,0.01,0,0
vda,11.00,0.00,0.05,0,0
vda,2.20,0.00,0.01,0,0
vda,1.80,0.00,0.01,0,0
