vda,0.40,0.00,0.00,0,0
vda,1.40,0.00,0.01,0,0
vda,32.00,0.00,0.14,0,0
vda,2.00,0.00,0.01,0,0
vda,0.00,0.00,0.00,0,0
vda,50.20,0.48,0.02,2,0
vda,0.80,0.00,0.00,0,0
vda,211.60,2.51,0.00,12,0
vda,318.80,3.75,0.01,18,0
vda,217.80,3.54,0.01,17,0
vda,232.20,2.36,0.02,11,0
vda,58.20,0.45,0.03,2,0
vda,29.60,0.00,0.13,0,0
vda,11.80,0.09,0.05,0,0
vda,5.40,0.00,0.02,0,0
vda,1.20,0.00,0.00,0,0
vda,1.80,0.00,0.01,0,0
vda,0.60,0.00,0.01,0,0
vda,0.80,0.00,0.00,0,0
vda,6.20,0.00,0.06,0,0
vda,0.80,0.00,0.00,0,0
vda,0.80,0.00,0.00,0,0
vda,7.40,0.00,0.03,0,0
