4760856.0,2707792.0,47836.0
3799443.2,2770403.2,47845.6
2357324.0,2864320.0,47860.0
2357324.0,2864320.0,47860.0
1523807.2,3203003.2,47871.2
273532.0,3711028.0,47888.0
233695.2,3606524.5333,47895.466667
124144.0,3319140.0,47916.0
124144.0,3319140.0,47916.0
194917.33333,3241214.6667,47922.666667
336464.0,3085364.0,47936.0
336464.0,3085364.0,47936.0
255672.0,3151378.4,47948.8
134484.0,3250400.0,47968.0
130543.2,3251057.6,47979.2
124632.0,3252044.0,47996.0
124632.0,3252044.0,47996.0
128259.2,3226602.4,49287.2
133700.0,3188440.0,51224.0
133700.0,3188440.0,51224.0
2470023.7333,2791013.6,51240.8
5140108.0,2336812.0,51260.0
