vda,56.60,0.00,239.20,0,1196
vda,4.20,2.40,42.40,12,212
vda,32.80,0.00,165.60,0,828
vda,23.80,0.00,106.40,0,532
vda,0.40,0.00,10.40,0,52
vda,5.40,0.00,22.40,0,112
vda,64.60,0.00,292.00,0,1460
vda,19.60,0.00,111.20,0,556
vda,15.00,0.00,78.40,0,392
vda,57.40,0.00,280.00,0,1400
vda,10.00,0.00,72.80,0,364
vda,21.60,2.40,114.40,12,572
vda,55.80,0.00,278.40,0,1392
vda,8.20,0.00,522.40,0,2612
vda,12.00,0.00,76.80,0,384
vda,54.20,457.60,230.40,2288,1152
vda,36.60,894.40,120.80,4472,604
vda,42.40,977.60,170.40,4888,852
vda,55.40,801.60,184.00,4008,920
vda,18.80,820.80,12.00,4104,60
vda,24.40,913.60,1172.00,4568,5860
vda,58.60,819.20,220.00,4096,1100
vda,59.80,961.60,196.80,4808,984
vda,51.80,772.00,172.00,3860,860
vda,62.60,844.80,190.40,4224,952
vda,46.20,984.80,109.60,4924,548
vda,28.00,949.60,41.60,4748,208
vda,52.20,702.40,217.60,3512,1088
vda,22.40,985.60,0.00,4928,0
