vda,1.40,0.00,0.01,0,0
vda,25.20,0.00,0.11,0,0
vda,38.40,0.27,0.05,1,0
vda,4.20,0.07,0.01,0,0
vda,2.20,0.00,0.01,0,0
vda,1.80,0.00,0.01,0,0
vda,3.00,0.00,0.01,0,0
vda,431.74,5.36,0.02,26,0
vda,409.60,5.14,0.04,25,0
vda,120.00,19.85,0.05,99,0
vda,32.60,8.05,0.02,40,0
vda,141.40,1.30,0.01,6,0
vda,7.60,0.03,0.03,0,0
vda,3.60,0.00,0.03,0,0
vda,11.80,0.00,0.09,0,0
vda,11.60,0.00,0.08,0,0
vda,6.60,0.00,0.03,0,0
vda,10.20,0.00,0.04,0,0
vda,7.20,0.00,0.03,0,0
vda,15.00,0.00,0.06,0,0
vda,11.20,0.00,0.06,0,0
vda,8.20,0.09,0.03,0,0
vda,8.40,0.00,0.06,0,0
vda,2.00,0.00,0.01,0,0
vda,0.60,0.00,0.01,0,0
vda,2.00,0.00,0.01,0,0
vda,1.80,0.00,0.01,0,0
vda,2.60,0.00,0.01,0,0
vda,8.80,0.00,0.04,0,0
vda,3.00,0.00,0.01,0,0
vda,2.60,0.00,0.01,0,0
vda,4.20,0.00,0.02,0,0
vda,2.00,0.00,0.01,0,0
vda,0.00,0.00,0.00,0,0
vda,2.40,0.00,0.01,0,0
