vda,52.20,0.34,0.10,1,0
vda,1.20,0.00,0.00,0,0
vda,0.00,0.00,0.00,0,0
vda,0.60,0.00,0.00,0,0
vda,0.00,0.00,0.00,0,0
vda,0.60,0.00,0.00,0,0
vda,0.80,0.00,0.01,0,0
vda,9.60,0.00,0.04,0,0
vda,0.60,0.00,0.00,0,0
vda,0.00,0.00,0.00,0,0
vda,0.60,0.00,0.00,0,0
vda,1.40,0.00,0.01,0,0
vda,282.80,3.52,0.01,17,0
vda,238.60,2.70,0.02,13,0
vda,352.20,4.69,0.02,23,0
vda,157.20,1.44,0.03,7,0
vda,15.00,0.10,0.06,0,0
vda,13.00,0.00,0.05,0,0
vda,0.40,0.00,0.00,0,0
vda,2.60,0.00,0.01,0,0
vda,2.20,0.00,0.01,0,0
vda,0.20,0.00,0.00,0,0
vda,6.20,0.00,0.04,0,0
vda,0.00,0.00,0.00,0,0
vda,3.80,0.03,0.00,0,0
vda,8.40,0.00,0.04,0,0
