vda,1.60,0.00,0.01,0,0
vda,92.40,0.00,0.38,0,1
vda,0.20,0.00,0.00,0,0
vda,5.19,0.00,0.02,0,0
vda,128.80,0.00,0.52,0,2
vda,0.20,0.00,0.00,0,0
vda,5.20,0.00,0.02,0,0
vda,5.60,0.00,0.02,0,0
vda,10.40,0.00,0.04,0,0
vda,18.80,2.69,0.24,13,1
vda,15.60,3.89,0.02,19,0
vda,216.40,5.59,0.80,27,3
vda,3.60,0.24,0.02,1,0
vda,3.80,0.16,0.07,0,0
vda,0.20,0.00,0.00,0,0
vda,14.40,0.75,0.05,3,0
vda,129.40,0.00,0.53,0,2
vda,1.40,0.00,0.01,0,0
vda,8.60,0.04,0.03,0,0
vda,86.20,0.02,0.38,0,1
vda,3.80,0.00,0.01,0,0
vda,14.40,0.00,0.25,0,1
vda,4.80,0.00,0.02,0,0
vda,202.00,0.00,0.86,0,4
vda,2.40,0.00,0.01,0,0
vda,0.20,0.00,0.00,0,0
vda,3.60,0.00,0.01,0,0
vda,31.20,0.00,0.17,0,0
vda,105.80,0.01,0.41,0,2
vda,8.80,0.00,0.03,0,0
vda,2.20,0.00,0.01,0,0
vda,3.40,0.00,0.01,0,0
vda,141.20,0.00,0.61,0,3
vda,11.60,0.00,0.24,0,1
vda,4.00,0.02,0.01,0,0
vda,7.80,0.00,0.03,0,0
vda,267.20,0.00,1.10,0,5
vda,4.00,0.00,0.02,0,0
vda,9.00,0.00,0.04,0,0
vda,1.40,0.00,0.01,0,0
vda,100.20,0.00,0.45,0,2
vda,47.40,0.00,0.19,0,0
vda,1.80,0.00,0.01,0,0
vda,0.00,0.00,0.00,0,0
vda,130.40,0.00,2.36,0,11
vda,20.00,0.00,0.27,0,1
vda,2.60,0.00,0.01,0,0
vda,7.40,0.04,0.02,0,0
vda,1.60,0.00,0.01,0,0
vda,8.60,0.00,0.04,0,0
vda,197.60,0.00,0.79,0,3
vda,6.40,0.00,0.03,0,0
vda,1.40,0.00,0.01,0,0
vda,5.40,0.00,0.02,0,0
