vda,1.00,0.00,0.01,0,0
vda,25.40,0.00,0.12,0,0
vda,2.60,0.00,0.01,0,0
vda,2.00,0.00,0.01,0,0
vda,0.00,0.00,0.00,0,0
vda,1.80,0.00,0.01,0,0
vda,2.40,0.00,0.01,0,0
vda,2.60,0.00,0.01,0,0
vda,4.20,0.00,0.02,0,0
vda,2.20,0.00,0.01,0,0
vda,0.00,0.00,0.00,0,0
vda,1.80,0.00,0.01,0,0
vda,283.80,3.49,0.01,17,0
vda,365.40,4.15,0.02,20,0
vda,245.40,3.38,0.05,16,0
vda,145.00,1.32,0.04,6,0
vda,6.40,0.00,0.02,0,0
vda,19.00,0.00,0.07,0,0
vda,0.20,0.00,0.00,0,0
vda,9.80,0.09,0.05,0,0
vda,6.60,0.00,0.03,0,0
vda,2.20,0.00,0.01,0,0
vda,5.60,0.00,0.07,0,0
vda,2.00,0.00,0.01,0,0
vda,9.20,0.00,0.04,0,0
vda,2.40,0.00,0.01,0,0
vda,4.20,0.00,0.02,0,0
vda,2.40,0.00,0.01,0,0
