vda,0.40,0.00,0.00,0,0
vda,20.20,0.01,0.10,0,0
vda,31.00,0.33,0.01,1,0
vda,1.40,0.00,0.01,0,0
vda,0.00,0.00,0.00,0,0
vda,0.60,0.00,0.00,0,0
vda,0.00,0.00,0.00,0,0
vda,237.00,3.07,0.01,15,0
vda,325.40,3.62,0.04,18,0
vda,334.40,9.90,0.04,49,0
vda,35.80,2.00,0.01,9,0
vda,130.80,1.03,0.04,5,0
vda,8.60,0.00,0.03,0,0
vda,9.00,0.09,0.05,0,0
vda,0.00,0.00,0.00,0,0
vda,1.20,0.00,0.00,0,0
vda,16.20,0.00,0.09,0,0
vda,1.00,0.00,0.00,0,0
vda,0.00,0.00,0.00,0,0
vda,0.60,0.00,0.00,0,0
vda,0.00,0.00,0.00,0,0
vda,12.00,0.00,0.05,0,0
