vda,20.40,0.00,0.09,0,0
vda,2.00,0.00,0.01,0,0
vda,1.80,0.00,0.01,0,0
vda,1.80,0.00,0.01,0,0
vda,0.00,0.00,0.00,0,0
vda,2.60,0.00,0.01,0,0
vda,4.40,0.00,0.02,0,0
vda,432.00,5.28,0.02,26,0
vda,89.20,0.93,0.02,4,0
vda,355.20,4.67,0.02,23,0
vda,153.00,1.41,0.02,7,0
vda,7.40,0.03,0.03,0,0
vda,13.80,0.00,0.05,0,0
vda,15.80,0.00,0.10,0,0
vda,15.60,0.09,0.06,0,0
vda,7.60,0.00,0.03,0,0
vda,0.00,0.00,0.00,0,0
vda,8.80,0.00,0.05,0,0
vda,3.20,0.00,0.01,0,0
vda,4.00,0.00,0.02,0,0
vda,2.00,0.00,0.01,0,0
vda,10.60,0.00,0.05,0,0
vda,2.40,0.00,0.01,0,0
vda,4.00,0.00,0.02,0,0
vda,2.20,0.00,0.01,0,0
vda,2.00,0.00,0.01,0,0
vda,0.00,0.00,0.00,0,0
vda,2.00,0.00,0.01,0,0
vda,4.60,0.00,0.02,0,0
