vda,1.20,0.00,0.01,0,0
vda,24.80,0.00,0.12,0,0
vda,1.60,0.00,0.01,0,0
vda,0.00,0.00,0.00,0,0
vda,0.60,0.00,0.00,0,0
vda,0.00,0.00,0.00,0,0
vda,2.80,0.00,0.01,0,0
vda,1.80,0.00,0.01,0,0
vda,0.80,0.00,0.00,0,0
vda,1.80,0.00,0.01,0,0
vda,0.60,0.00,0.00,0,0
vda,0.00,0.00,0.00,0,0
vda,229.60,2.69,0.04,13,0
vda,297.80,3.52,0.01,17,0
vda,240.60,3.44,0.02,17,0
vda,268.40,2.69,0.02,13,0
vda,17.20,0.00,0.08,0,0
vda,8.40,0.09,0.04,0,0
vda,0.40,0.00,0.01,0,0
vda,1.40,0.00,0.01,0,0
vda,1.60,0.00,0.01,0,0
vda,1.60,0.00,0.01,0,0
vda,7.40,0.00,0.03,0,0
vda,5.60,0.00,0.03,0,0
vda,0.80,0.00,0.01,0,0
vda,2.20,0.00,0.01,0,0
