vda,1.20,0.00,0.01,0,0
vda,26.60,0.00,0.11,0,0
vda,2.80,0.00,0.01,0,0
vda,31.40,0.34,0.01,1,0
vda,2.00,0.00,0.01,0,0
vda,2.00,0.00,0.01,0,0
vda,3.40,0.00,0.02,0,0
vda,441.40,5.42,0.02,27,0
vda,77.40,0.78,0.01,3,0
vda,378.20,4.79,0.06,23,0
vda,14.40,0.18,0.01,0,0
vda,134.80,1.16,0.02,5,0
vda,6.80,0.00,0.03,0,0
vda,14.80,0.00,0.06,0,0
vda,9.00,0.00,0.05,0,0
vda,6.20,0.00,0.07,0,0
vda,10.00,0.09,0.07,0,0
vda,15.60,0.00,0.06,0,0
vda,3.00,0.00,0.01,0,0
vda,2.00,0.00,0.01,0,0
vda,6.00,0.00,0.03,0,0
vda,3.20,0.00,0.01,0,0
vda,3.00,0.00,0.01,0,0
vda,2.00,0.00,0.01,0,0
vda,1.80,0.00,0.01,0,0
vda,1.80,0.00,0.01,0,0
vda,3.00,0.00,0.01,0,0
vda,2.20,0.00,0.01,0,0
vda,8.80,0.00,0.04,0,0
vda,4.40,0.00,0.02,0,0
vda,2.60,0.00,0.01,0,0
