vda,2.60,0.00,0.01,0,0
vda,27.60,0.00,0.12,0,0
vda,2.00,0.00,0.01,0,0
vda,2.00,0.00,0.01,0,0
vda,1.80,0.00,0.01,0,0
vda,1.80,0.00,0.01,0,0
vda,6.00,0.00,0.03,0,0
vda,454.60,5.56,0.02,27,0
vda,433.80,7.82,0.02,39,0
vda,93.40,31.74,0.00,158,0
vda,44.40,12.53,0.01,62,0
vda,138.60,1.28,0.01,6,0
vda,12.40,0.01,0.05,0,0
vda,7.40,0.03,0.03,0,0
vda,8.00,0.00,0.10,0,0
vda,6.60,0.00,0.03,0,0
vda,0.00,0.00,0.00,0,0
vda,19.20,0.00,6.49,0,32
vda,11.80,0.00,0.45,0,2
vda,4.40,0.00,0.02,0,0
vda,3.20,0.00,0.01,0,0
vda,3.80,0.00,0.01,0,0
vda,2.00,0.00,0.01,0,0
vda,8.80,0.00,0.04,0,0
vda,18.80,0.00,0.11,0,0
vda,2.60,0.00,0.01,0,0
vda,3.00,0.00,0.01,0,0
vda,6.40,0.00,0.03,0,0
vda,13.20,0.00,0.07,0,0
vda,7.40,0.08,0.03,0,0
vda,2.00,0.00,0.01,0,0
vda,1.80,0.00,0.01,0,0
vda,1.80,0.00,0.01,0,0
vda,2.40,0.00,0.01,0,0
vda,2.80,0.00,0.01,0,0
vda,6.20,0.00,0.03,0,0
vda,2.20,0.00,0.01,0,0
vda,10.60,0.00,0.05,0,0
vda,2.40,0.00,0.01,0,0
vda,2.20,0.00,0.01,0,0
vda,2.00,0.00,0.01,0,0
vda,1.80,0.00,0.01,0,0
vda,2.80,0.00,0.01,0,0
