vda,20.60,1.13,0.01,5,0
vda,13.40,0.76,0.01,3,0
vda,18.60,1.13,0.00,5,0
vda,12.00,0.76,0.00,3,0
vda,18.00,1.13,0.00,5,0
vda,13.40,0.76,0.01,3,0
vda,31.60,1.13,0.07,5,0
vda,20.60,0.97,0.02,4,0
vda,47.60,6.56,0.02,32,0
vda,30.80,8.36,0.00,41,0
vda,267.20,16.96,0.02,84,0
vda,33.00,2.29,0.01,11,0
vda,37.80,9.16,0.03,45,0
vda,64.20,11.85,0.02,59,0
vda,167.80,17.07,0.06,85,0
vda,6.20,1.23,0.01,6,0
vda,7.80,0.80,0.02,4,0
vda,6.00,1.20,0.01,6,0
vda,2.60,0.80,0.01,4,0
vda,9.60,1.23,0.04,6,0
vda,7.40,0.80,0.02,4,0
vda,3.00,1.20,0.00,6,0
vda,5.60,0.80,0.01,4,0
vda,5.80,1.20,0.01,6,0
vda,4.40,0.80,3.50,4,17
vda,11.80,1.18,0.02,5,0
vda,24.00,0.76,3.53,3,17
vda,16.00,0.76,3.42,3,17
vda,22.80,1.13,3.43,5,17
vda,21.80,0.76,0.04,3,0
vda,22.40,1.14,0.02,5,0
vda,14.80,0.76,0.02,3,0
vda,21.20,1.13,0.01,5,0
vda,14.60,0.76,0.01,3,0
vda,32.20,1.13,0.09,5,0
vda,14.80,0.76,0.01,3,0
vda,21.40,1.13,3.56,5,17
vda,16.00,0.76,3.55,3,17
vda,13.20,0.76,0.01,3,0
vda,6.20,0.00,3.48,0,17
vda,4.40,0.00,3.49,0,17
vda,2.60,0.00,3.44,0,17
vda,7.40,0.00,0.04,0,0
vda,3.00,0.00,0.01,0,0
vda,3.00,0.00,0.01,0,0
vda,9.20,0.00,0.04,0,0
vda,0.00,0.00,0.00,0,0
vda,5.40,0.00,3.59,0,17
vda,4.60,0.00,3.57,0,17
vda,9.20,0.00,3.52,0,17
vda,4.40,0.00,1.75,0,8
vda,1.00,0.00,1.75,0,8
vda,5.40,0.00,3.47,0,17
vda,2.80,0.00,0.01,0,0
vda,3.60,0.00,0.02,0,0
vda,9.00,0.00,0.04,0,0
vda,5.00,0.00,0.03,0,0
vda,12.00,0.00,8.04,0,40
vda,8.40,0.00,9.60,0,48
vda,3.60,0.00,0.01,0,0
vda,1.00,0.00,0.00,0,0
vda,0.00,0.00,0.00,0,0
vda,0.60,0.00,0.00,0,0
vda,2.40,0.00,0.01,0,0
vda,9.20,0.38,0.02,1,0
vda,26.60,1.13,0.04,5,0
vda,14.60,0.76,0.01,3,0
vda,17.40,1.13,0.00,5,0
vda,37.60,0.76,14.22,3,71
vda,17.60,1.13,0.00,5,0
vda,14.60,0.76,0.01,3,0
vda,18.20,1.13,0.00,5,0
vda,12.40,0.76,0.00,3,0
vda,11.80,0.76,0.00,3,0
vda,30.40,1.13,0.06,5,0
vda,24.60,0.76,3.55,3,17
vda,20.80,1.13,0.01,5,0
vda,16.60,0.75,0.02,3,0
vda,20.00,1.13,0.01,5,0
vda,14.00,0.76,0.01,3,0
vda,18.20,1.13,0.01,5,0
vda,19.80,0.76,3.60,3,18
vda,37.20,1.13,3.63,5,18
vda,14.80,0.76,0.01,3,0
vda,21.60,1.13,3.51,5,17
vda,11.60,0.76,0.00,3,0
vda,22.60,1.13,3.53,5,17
vda,17.80,0.76,1.78,3,8
vda,22.80,1.13,1.73,5,8
vda,20.40,0.76,0.04,3,0
vda,12.80,1.20,0.02,6,0
vda,2.20,0.83,0.00,4,0
vda,9.20,1.20,3.62,6,18
vda,5.60,0.83,3.55,4,17
vda,13.20,1.20,3.53,6,17
vda,2.00,0.80,0.00,4,0
vda,6.80,0.83,3.52,4,17
vda,12.80,1.20,3.52,6,17
vda,6.40,0.80,0.03,4,0
vda,14.20,1.20,0.04,6,0
vda,4.20,0.80,0.01,4,0
vda,5.20,1.20,0.01,6,0
vda,7.80,0.80,3.61,4,18
vda,15.00,1.16,0.01,5,0
vda,13.20,0.76,0.81,3,4
vda,32.20,1.13,6.30,5,31
vda,16.00,0.76,3.53,3,17
vda,20.60,1.13,3.49,5,17
vda,16.60,0.76,0.02,3,0
vda,21.20,1.13,0.01,5,0
vda,12.60,0.76,0.01,3,0
vda,20.60,1.13,0.01,5,0
vda,19.20,0.76,0.03,3,0
vda,22.20,1.13,3.61,5,18
vda,19.20,0.76,0.83,3,4
vda,18.20,1.13,0.97,5,4
vda,5.60,0.82,1.77,4,8
vda,18.60,1.03,3.57,5,17
vda,14.60,1.00,3.56,4,17
vda,8.20,0.83,3.50,4,17
vda,9.00,1.20,0.05,6,0
vda,4.60,0.80,0.01,4,0
vda,5.60,1.23,0.01,6,0
vda,6.00,0.80,0.02,4,0
vda,11.80,1.20,0.04,6,0
vda,12.00,0.80,3.61,4,18
vda,9.20,1.20,3.55,6,17
vda,7.80,0.80,1.77,4,8
vda,8.80,1.20,1.78,6,8
vda,17.60,0.76,3.54,3,17
vda,22.40,1.13,3.49,5,17
vda,11.80,0.76,0.00,3,0
vda,18.00,1.13,0.00,5,0
vda,12.40,0.76,0.00,3,0
vda,25.80,1.14,0.04,5,0
vda,19.40,0.76,0.04,3,0
vda,18.60,1.13,0.00,5,0
vda,11.40,0.76,0.00,3,0
vda,20.00,1.13,0.01,5,0
vda,12.40,0.76,0.00,3,0
vda,17.20,1.13,0.00,5,0
vda,17.60,0.76,0.03,3,0
vda,4.60,0.82,0.01,4,0
