vda,31.20,0.34,0.01,1,0
vda,25.20,0.00,0.12,0,0
vda,1.00,0.00,0.00,0,0
vda,0.00,0.00,0.00,0,0
vda,3.40,0.00,0.02,0,0
vda,1.00,0.00,0.00,0,0
vda,0.80,0.00,0.00,0,0
vda,0.00,0.00,0.00,0,0
vda,17.00,0.08,0.00,0,0
vda,0.80,0.00,0.00,0,0
vda,0.80,0.00,0.01,0,0
vda,11.00,0.00,0.05,0,0
vda,254.69,3.11,0.05,15,0
vda,275.20,3.11,0.01,15,0
vda,288.40,4.01,0.02,20,0
vda,217.20,2.09,0.02,10,0
vda,10.80,0.00,0.04,0,0
vda,8.60,0.09,0.04,0,0
vda,0.60,0.00,0.01,0,0
vda,9.00,0.00,0.05,0,0
vda,2.60,0.00,0.01,0,0
vda,1.80,0.00,0.01,0,0
vda,0.00,0.00,0.00,0,0
vda,0.60,0.00,0.00,0,0
vda,0.80,0.00,0.01,0,0
vda,1.00,0.00,0.00,0,0
