vda,3.20,0.00,0.01,0,0
vda,26.60,0.00,0.11,0,0
vda,33.40,0.34,0.02,1,0
vda,2.00,0.00,0.01,0,0
vda,10.40,0.00,0.05,0,0
vda,2.60,0.00,0.01,0,0
vda,2.00,0.00,0.01,0,0
vda,434.80,5.39,0.02,26,0
vda,453.60,9.24,0.02,46,0
vda,65.60,16.93,0.01,84,0
vda,75.20,25.88,0.02,129,0
vda,18.00,0.16,0.04,0,0
vda,142.20,1.13,0.13,5,0
vda,7.20,0.01,0.02,0,0
vda,6.00,0.03,0.02,0,0
vda,4.60,0.00,0.02,0,0
vda,4.80,0.00,0.02,0,0
vda,5.20,0.00,0.02,0,0
vda,4.80,0.00,0.03,0,0
vda,6.60,0.00,1.88,0,9
vda,10.80,0.00,1.89,0,9
vda,5.80,0.00,1.86,0,9
vda,9.40,0.00,1.92,0,9
vda,8.40,0.00,0.03,0,0
vda,5.60,0.00,0.03,0,0
vda,7.20,0.00,0.03,0,0
vda,4.80,0.00,0.02,0,0
vda,15.20,0.00,0.09,0,0
vda,3.80,0.00,0.01,0,0
vda,4.80,0.00,0.96,0,4
vda,10.20,0.00,2.86,0,14
vda,15.00,0.00,1.92,0,9
vda,6.00,0.00,1.91,0,9
vda,9.80,0.00,0.04,0,0
vda,8.40,0.00,0.05,0,0
vda,4.00,0.00,0.02,0,0
vda,7.00,0.03,0.03,0,0
vda,5.80,0.00,1.91,0,9
vda,10.20,0.00,0.04,0,0
vda,1.40,0.00,0.01,0,0
vda,4.00,0.08,0.01,0,0
vda,9.20,0.00,0.04,0,0
vda,2.80,0.00,0.01,0,0
vda,1.80,0.00,0.01,0,0
vda,2.00,0.00,0.01,0,0
vda,9.00,0.00,0.04,0,0
vda,1.80,0.00,0.01,0,0
vda,5.59,0.00,0.03,0,0
vda,3.20,0.00,0.01,0,0
vda,2.20,0.00,0.01,0,0
vda,2.00,0.00,0.01,0,0
vda,1.80,0.00,0.01,0,0
vda,1.80,0.00,0.01,0,0
vda,2.80,0.00,0.01,0,0
vda,8.80,0.00,0.04,0,0
