vda,3.20,0.00,0.01,0,0
vda,30.00,0.00,0.13,0,0
vda,2.00,0.00,0.01,0,0
vda,0.00,0.00,0.00,0,0
vda,2.00,0.00,0.01,0,0
vda,1.80,0.00,0.01,0,0
vda,1.20,0.00,0.01,0,0
vda,430.40,5.35,0.01,26,0
vda,435.20,5.55,0.02,27,0
vda,64.00,12.93,0.08,64,0
vda,21.40,0.26,0.01,1,0
vda,131.40,1.12,0.02,5,0
vda,2.60,0.00,0.01,0,0
vda,9.20,0.04,0.03,0,0
vda,5.40,0.00,0.07,0,0
vda,6.20,0.00,0.03,0,0
vda,7.80,0.00,0.05,0,0
vda,4.20,0.00,0.02,0,0
vda,14.40,0.00,0.06,0,0
vda,0.60,0.00,0.01,0,0
vda,2.80,0.00,0.01,0,0
vda,5.20,0.00,0.02,0,0
vda,0.60,0.00,0.00,0,0
vda,7.40,0.00,0.05,0,0
vda,13.80,0.00,0.06,0,0
vda,4.20,0.00,0.02,0,0
vda,2.20,0.00,0.01,0,0
vda,4.80,0.00,0.02,0,0
vda,5.40,0.00,0.02,0,0
vda,0.00,0.00,0.00,0,0
vda,8.00,0.00,0.04,0,0
vda,5.60,0.00,0.03,0,0
vda,3.80,0.00,0.01,0,0
vda,7.00,0.00,0.03,0,0
vda,2.80,0.00,0.02,0,0
vda,5.00,0.00,0.02,0,0
vda,2.80,0.00,0.01,0,0
vda,7.40,0.00,0.04,0,0
vda,3.20,0.08,0.01,0,0
vda,0.00,0.00,0.00,0,0
vda,6.20,0.00,0.02,0,0
vda,2.00,0.00,0.01,0,0
vda,2.80,0.00,0.01,0,0
vda,9.20,0.00,0.04,0,0
vda,5.20,0.00,0.03,0,0
vda,0.40,0.00,0.00,0,0
vda,2.00,0.00,0.01,0,0
vda,4.40,0.00,0.02,0,0
vda,1.00,0.00,0.01,0,0
vda,2.20,0.00,0.01,0,0
vda,2.00,0.00,0.01,0,0
vda,2.60,0.00,0.01,0,0
vda,1.80,0.00,0.01,0,0
