vda,0.20,0.00,0.00,0,0
vda,1.60,0.00,0.01,0,0
vda,0.80,0.00,0.00,0,0
vda,0.00,0.00,0.00,0,0
vda,1.80,0.00,0.01,0,0
vda,1.60,0.00,0.01,0,0
vda,9.80,0.00,0.04,0,0
vda,13.00,0.00,0.06,0,0
vda,4.40,0.00,0.02,0,0
vda,4.40,0.00,0.02,0,0
vda,5.40,0.00,0.02,0,0
vda,5.20,0.00,0.03,0,0
vda,5.80,0.00,0.02,0,0
vda,5.80,0.00,0.06,0,0
vda,5.00,0.00,0.07,0,0
vda,6.40,0.00,0.03,0,0
vda,4.40,0.00,0.02,0,0
vda,22.20,0.00,1.00,0,4
vda,0.00,0.00,0.00,0,0
vda,0.80,0.00,0.00,0,0
vda,5.40,0.00,0.03,0,0
vda,0.60,0.00,0.00,0,0
vda,0.00,0.00,0.00,0,0
vda,3.40,0.00,0.02,0,0
vda,1.60,0.00,0.01,0,0
vda,0.00,0.00,0.00,0,0
vda,0.80,0.00,0.00,0,0
