vda,0.40,0.00,0.00,0,0
vda,2.60,0.00,0.01,0,0
vda,1.80,0.00,0.01,0,0
vda,2.60,0.00,0.01,0,0
vda,26.60,0.00,0.12,0,0
vda,2.00,0.00,0.01,0,0
vda,0.20,0.00,0.00,0,0
vda,416.40,5.07,0.03,25,0
vda,418.20,5.41,0.02,27,0
vda,38.20,0.46,0.01,2,0
vda,142.00,1.32,0.01,6,0
vda,12.80,0.00,0.06,0,0
vda,10.80,0.09,0.05,0,0
vda,13.60,0.00,0.06,0,0
vda,3.20,0.00,0.01,0,0
vda,1.20,0.00,0.01,0,0
vda,2.40,0.00,0.01,0,0
vda,4.20,0.00,0.02,0,0
vda,7.00,0.00,0.03,0,0
vda,0.00,0.00,0.00,0,0
vda,2.00,0.00,0.01,0,0
vda,2.60,0.00,0.01,0,0
vda,2.20,0.00,0.01,0,0
vda,9.00,0.00,0.04,0,0
vda,1.80,0.00,0.01,0,0
vda,2.60,0.00,0.01,0,0
vda,11.20,0.00,0.05,0,0
