vda,41.60,0.80,216.80,4,1084
vda,24.00,0.80,218.40,4,1092
vda,0.20,0.00,0.80,0,4
vda,13.80,0.00,100.00,0,500
vda,43.60,0.00,177.60,0,888
vda,55.00,0.00,237.60,0,1188
vda,1.80,0.00,37.60,0,188
vda,55.60,0.00,288.80,0,1444
vda,31.20,0.00,141.60,0,708
vda,45.00,0.00,277.60,0,1388
vda,8.80,0.00,70.40,0,352
vda,0.40,0.80,16.00,4,80
vda,17.40,1.60,71.20,8,356
vda,44.80,0.00,210.40,0,1052
vda,54.60,0.00,496.00,0,2480
vda,7.00,0.00,69.60,0,348
vda,25.60,0.00,102.40,0,512
vda,49.40,0.00,211.20,0,1056
vda,54.20,0.00,227.20,0,1136
