vda,31.20,0.00,0.13,0,0
vda,1.40,0.00,0.01,0,0
vda,0.00,0.00,0.00,0,0
vda,0.60,0.00,0.00,0,0
vda,0.00,0.00,0.00,0,0
vda,0.60,0.00,0.00,0,0
vda,1.00,0.00,0.01,0,0
vda,4.20,0.00,0.02,0,0
vda,1.00,0.00,0.00,0,0
vda,0.00,0.00,0.00,0,0
vda,0.60,0.00,0.00,0,0
vda,0.00,0.00,0.00,0,0
vda,253.80,3.19,0.01,15,0
vda,339.80,3.80,0.05,19,0
vda,324.00,11.24,0.02,56,0
vda,39.80,7.44,0.03,37,0
vda,173.00,12.58,0.01,62,0
vda,12.20,0.02,0.11,0,0
vda,5.00,0.03,0.01,0,0
vda,9.00,0.00,0.04,0,0
vda,2.80,0.00,0.01,0,0
vda,3.20,0.00,0.01,0,0
vda,7.20,0.01,0.02,0,0
vda,1.20,0.00,0.01,0,0
vda,16.80,0.00,0.11,0,0
vda,3.80,0.00,0.01,0,0
vda,11.20,0.00,0.04,0,0
vda,2.40,0.00,0.01,0,0
vda,3.00,0.00,0.01,0,0
vda,5.60,0.00,0.03,0,0
vda,3.20,0.00,0.01,0,0
vda,6.80,0.00,1.87,0,9
vda,9.40,0.00,0.04,0,0
vda,10.00,0.00,0.04,0,0
vda,2.20,0.00,0.01,0,0
vda,1.00,0.00,0.01,0,0
vda,2.40,0.08,0.01,0,0
vda,7.80,0.00,0.03,0,0
vda,7.80,0.00,0.04,0,0
vda,0.00,0.00,0.00,0,0
vda,0.60,0.00,0.00,0,0
vda,0.60,0.00,0.01,0,0
vda,1.20,0.00,0.00,0,0
vda,8.00,0.00,0.03,0,0
vda,0.00,0.00,0.00,0,0
