vda,3.40,0.00,0.01,0,0
vda,34.00,0.00,0.14,0,0
vda,2.80,0.00,0.01,0,0
vda,1.80,0.00,0.01,0,0
vda,1.80,0.00,0.01,0,0
vda,27.80,0.24,0.01,1,0
vda,3.40,0.00,0.02,0,0
vda,432.20,5.24,0.02,26,0
vda,92.00,0.98,0.02,4,0
vda,371.60,4.81,0.02,24,0
vda,144.00,1.32,0.02,6,0
vda,8.60,0.03,0.03,0,0
vda,7.40,0.00,0.03,0,0
vda,13.00,0.00,0.07,0,0
vda,7.60,0.00,0.03,0,0
vda,11.40,0.09,0.06,0,0
vda,6.20,0.00,0.02,0,0
vda,1.60,0.00,0.01,0,0
vda,1.00,0.00,0.01,0,0
vda,2.00,0.00,0.01,0,0
vda,2.20,0.00,0.01,0,0
vda,9.00,0.00,0.04,0,0
vda,4.40,0.00,0.02,0,0
vda,0.20,0.00,0.00,0,0
vda,2.60,0.00,0.01,0,0
vda,2.60,0.00,0.01,0,0
vda,2.00,0.00,0.01,0,0
vda,1.80,0.00,0.01,0,0
vda,1.80,0.00,0.01,0,0
vda,2.40,0.00,0.01,0,0
