vda,2.40,0.00,0.01,0,0
vda,2.60,0.00,0.01,0,0
vda,1.00,0.00,0.00,0,0
vda,0.00,0.00,0.00,0,0
vda,1.00,0.00,0.01,0,0
vda,1.00,0.00,0.00,0,0
vda,15.80,0.00,0.08,0,0
vda,2.40,0.00,0.01,0,0
vda,7.00,0.00,0.03,0,0
vda,0.80,0.00,0.00,0,0
vda,3.00,0.00,0.02,0,0
vda,2.80,0.00,0.01,0,0
vda,22.80,0.00,0.77,0,3
vda,8.80,0.00,0.03,0,0
vda,7.60,0.00,0.03,0,0
vda,7.60,0.00,0.03,0,0
vda,24.80,0.00,4.67,0,23
vda,16.20,0.00,0.07,0,0
vda,8.00,0.00,0.03,0,0
vda,0.00,0.00,0.00,0,0
vda,1.80,0.00,0.01,0,0
vda,1.00,0.00,0.00,0,0
vda,15.20,0.00,0.10,0,0
vda,1.80,0.00,0.01,0,0
vda,0.80,0.00,0.00,0,0
vda,2.20,0.00,0.01,0,0
vda,1.00,0.00,0.00,0,0
