vda,132.20,0.00,0.54,0,2
vda,7.00,0.00,0.03,0,0
vda,1.60,0.00,0.01,0,0
vda,140.60,0.00,0.57,0,2
vda,3.60,0.00,0.01,0,0
vda,5.20,0.00,0.02,0,0
vda,255.20,0.00,1.01,0,5
vda,3.60,0.00,0.01,0,0
vda,10.80,0.00,0.04,0,0
vda,1.80,0.00,0.01,0,0
vda,28.80,5.22,0.26,26,1
vda,6.20,1.63,0.01,8,0
vda,148.00,0.00,0.69,0,3
vda,9.60,0.00,0.04,0,0
vda,4.40,0.00,0.02,0,0
vda,4.20,0.00,0.02,0,0
vda,147.80,0.00,0.89,0,4
vda,2.60,0.00,0.01,0,0
vda,0.00,0.00,0.00,0,0
vda,6.40,0.00,0.02,0,0
vda,200.60,0.00,0.81,0,4
vda,1.40,0.00,0.01,0,0
vda,6.20,0.00,0.22,0,1
vda,7.00,0.00,0.03,0,0
vda,0.00,0.00,0.00,0,0
