vda,0.20,0.00,0.00,0,0
vda,22.60,0.01,0.11,0,0
vda,0.20,0.00,0.00,0,0
vda,1.20,0.00,0.00,0,0
vda,8.80,0.00,0.04,0,0
vda,1.00,0.00,0.00,0,0
vda,0.00,0.00,0.00,0,0
vda,222.00,4.90,0.02,24,0
vda,147.80,1.92,0.01,9,0
vda,139.20,1.68,0.00,8,0
vda,177.60,2.29,0.02,11,0
vda,206.20,13.29,0.01,66,0
vda,53.80,14.99,0.01,74,0
vda,85.40,25.16,0.13,125,0
vda,53.60,18.45,0.01,92,0
vda,54.00,20.20,0.00,100,0
vda,55.20,20.13,0.01,100,0
vda,61.20,22.58,0.01,112,0
vda,66.40,22.95,0.01,114,0
vda,65.80,23.80,0.02,119,0
vda,68.40,23.89,0.02,119,0
vda,50.20,16.94,0.03,84,0
vda,65.80,1.82,0.01,9,0
vda,97.20,0.68,0.06,3,0
vda,14.80,0.09,0.02,0,0
vda,11.00,0.00,15.43,0,77
vda,6.40,0.00,0.03,0,0
vda,16.60,0.07,0.02,0,0
vda,4.00,0.00,0.01,0,0
vda,4.80,0.03,0.00,0,0
vda,37.00,0.07,12.49,0,62
vda,7.00,0.00,0.03,0,0
vda,15.20,0.00,12.49,0,62
vda,2.40,0.00,0.09,0,0
vda,2.40,0.00,0.01,0,0
vda,4.39,0.00,0.04,0,0
vda,20.24,0.00,14.02,0,69
vda,17.20,0.00,12.49,0,62
vda,5.60,0.00,1.70,0,8
vda,2.40,0.00,0.01,0,0
vda,2.80,0.00,0.01,0,0
vda,4.60,0.00,0.02,0,0
vda,26.20,0.00,13.84,0,69
vda,6.80,0.00,0.03,0,0
vda,2.20,0.00,0.01,0,0
vda,0.00,0.00,0.00,0,0
vda,17.60,0.00,13.40,0,67
vda,21.40,0.00,13.30,0,66
vda,9.40,0.00,1.59,0,7
vda,5.19,0.00,0.02,0,0
vda,5.80,0.07,0.02,0,0
vda,24.60,0.00,6.42,0,32
vda,30.00,0.00,7.80,0,39
vda,22.80,0.00,13.63,0,68
vda,3.20,0.00,0.01,0,0
vda,0.00,0.00,0.00,0,0
vda,3.40,0.00,1.31,0,6
vda,15.80,0.00,13.13,0,65
vda,42.00,0.12,13.38,0,66
vda,37.00,0.58,0.02,2,0
vda,2.20,0.02,0.01,0,0
vda,2.80,0.03,0.01,0,0
vda,14.60,0.00,8.61,0,43
vda,28.80,0.00,17.54,0,87
vda,6.00,0.00,0.07,0,0
vda,3.40,0.00,0.01,0,0
vda,2.00,0.00,0.01,0,0
vda,15.20,0.00,9.03,0,45
vda,35.00,0.00,18.52,0,92
vda,7.80,0.07,0.07,0,0
vda,1.40,0.00,0.01,0,0
vda,1.40,0.00,0.01,0,0
vda,41.00,0.00,8.05,0,40
vda,38.40,0.00,18.52,0,92
vda,0.20,0.00,0.05,0,0
vda,5.20,0.00,0.02,0,0
vda,1.80,0.00,0.01,0,0
vda,0.80,0.00,0.00,0,0
vda,0.60,0.03,0.00,0,0
vda,9.60,0.02,3.46,0,17
vda,11.00,0.00,4.64,0,23
vda,10.60,0.12,0.03,0,0
vda,1.80,0.00,0.01,0,0
vda,0.00,0.00,0.00,0,0
vda,0.80,0.00,0.00,0,0
vda,0.60,0.00,0.01,0,0
vda,6.20,0.00,0.04,0,0
vda,1.80,0.00,0.01,0,0
vda,1.80,0.00,0.01,0,0
vda,1.40,0.00,0.01,0,0
vda,9.00,0.19,0.00,0,0
