vda,18.40,0.00,0.09,0,0
vda,0.00,0.00,0.00,0,0
vda,0.60,0.00,0.00,0,0
vda,2.40,0.00,0.01,0,0
vda,1.20,0.00,0.00,0,0
vda,8.20,0.00,0.03,0,0
vda,1.40,0.00,0.01,0,0
vda,23.20,1.69,0.00,8,0
vda,73.00,0.93,0.02,4,0
vda,5.40,0.00,0.02,0,0
vda,2.20,0.01,0.00,0,0
vda,3.80,0.00,0.02,0,0
vda,26.60,0.20,0.04,1,0
vda,5.80,0.01,0.02,0,0
vda,6.60,0.00,0.04,0,0
vda,6.80,0.00,0.08,0,0
vda,4.80,0.00,0.02,0,0
vda,25.80,0.00,6.61,0,33
vda,3.80,0.00,0.01,0,0
vda,17.20,0.01,0.06,0,0
vda,4.80,0.00,0.02,0,0
vda,6.20,0.00,0.02,0,0
vda,1.60,0.00,0.01,0,0
vda,1.80,0.00,0.01,0,0
vda,6.20,0.00,0.06,0,0
vda,0.60,0.00,0.00,0,0
vda,11.00,0.00,0.05,0,0
vda,0.40,0.00,0.00,0,0
vda,4.00,0.00,0.02,0,0
vda,1.20,0.00,0.00,0,0
