3403599.2,48407.2,3648.0
3403304.0,48460.0,3664.0
3403304.0,48460.0,3664.0
1610433.0667,525895.2,5512.0
958480.0,699508.0,6184.0
366542.13333,532721.6,6260.2666667
151292.0,472072.0,6288.0
151292.0,472072.0,6288.0
137311.2,209752.0,2681.6
133816.0,144172.0,1780.0
133816.0,144172.0,1780.0
136940.0,106073.86667,2085.0666667
138076.0,92220.0,2196.0
120802.4,172584.8,2919.2
116484.0,192676.0,3100.0
116484.0,192676.0,3100.0
127821.6,192356.0,3093.6
130656.0,192276.0,3092.0
130656.0,192276.0,3092.0
127731.2,157268.0,3325.6
127000.0,148516.0,3384.0
122315.46667,151223.46667,3378.1333333
120612.0,152208.0,3376.0
120612.0,152208.0,3376.0
128661.06667,145801.6,1093.8666667
131588.0,143472.0,264.0
131588.0,143472.0,264.0
124433.6,149432.53333,469.33333333
121832.0,151600.0,544.0
124612.8,149558.4,555.73333333
125624.0,148816.0,560.0
125624.0,148816.0,560.0
140645.6,108162.93333,1129.0666667
146108.0,93380.0,1336.0
146108.0,93380.0,1336.0
133389.06667,106732.53333,1151.2
128764.0,111588.0,1084.0
128764.0,111588.0,1084.0
125186.4,115023.46667,1222.6666667
124636.0,115552.0,1244.0
126494.13333,130843.46667,1195.4666667
126780.0,133196.0,1188.0
126780.0,133196.0,1188.0
118417.33333,143638.13333,736.26666667
117820.0,144384.0,704.0
117820.0,144384.0,704.0
123173.6,113565.33333,1271.4666667
123556.0,111364.0,1312.0
109193.6,124232.26667,1048.5333333
106984.0,126212.0,1008.0
106984.0,126212.0,1008.0
139362.66667,92848.8,865.86666667
144344.0,87716.0,844.0
144344.0,87716.0,844.0
129496.26667,130622.93333,642.93333333
127212.0,137224.0,612.0
142853.6,120233.86667,1572.2666667
145260.0,117620.0,1720.0
145260.0,117620.0,1720.0
127011.46667,132049.33333,3168.5333333
125708.0,133080.0,3272.0
125708.0,133080.0,3272.0
141020.26667,97401.066667,2609.8666667
143376.0,91912.0,2508.0
141535.2,93648.8,1741.8666667
141252.0,93916.0,1624.0
141252.0,93916.0,1624.0
140593.33333,115461.33333,2189.0666667
140492.0,118776.0,2276.0
137403.2,124454.4,2553.3333333
136928.0,125328.0,2596.0
136928.0,125328.0,2596.0
130809.6,130192.0,2500.0
129280.0,131408.0,2476.0
129280.0,131408.0,2476.0
122451.2,132235.2,2209.0666667
119968.0,132536.0,2112.0
131338.66667,121280.0,2117.3333333
137024.0,115652.0,2120.0
137024.0,115652.0,2120.0
141968.0,105870.66667,1400.0
144440.0,100980.0,1040.0
144440.0,100980.0,1040.0
188952.0,43473.333333,1770.6666667
211208.0,14720.0,2136.0
2138784.8,22421.6,2424.0
3423836.0,27556.0,2616.0
