vda,1.20,0.00,0.01,0,0
vda,25.40,0.00,0.11,0,0
vda,2.80,0.00,0.01,0,0
vda,31.40,0.34,0.01,1,0
vda,12.00,0.00,0.05,0,0
vda,2.00,0.00,0.01,0,0
vda,2.00,0.00,0.01,0,0
vda,429.60,5.27,0.02,26,0
vda,436.60,5.62,0.02,28,0
vda,11.20,0.12,0.00,0,0
vda,150.00,1.32,0.05,6,0
vda,24.00,0.09,0.09,0,0
vda,0.20,0.00,0.01,0,0
vda,7.20,0.00,0.03,0,0
vda,2.60,0.00,0.01,0,0
vda,2.60,0.00,0.01,0,0
vda,3.00,0.00,0.01,0,0
vda,8.60,0.00,0.04,0,0
vda,8.38,0.00,0.06,0,0
vda,1.80,0.00,0.01,0,0
vda,1.80,0.00,0.01,0,0
vda,1.80,0.00,0.01,0,0
vda,3.00,0.00,0.01,0,0
vda,2.00,0.00,0.01,0,0
vda,2.40,0.00,0.01,0,0
vda,4.00,0.00,0.02,0,0
