vda,3.60,0.81,0.00,4,0
vda,5.40,1.20,0.01,6,0
vda,5.40,0.81,0.01,4,0
vda,4.00,1.20,0.00,6,0
vda,3.40,0.81,0.00,4,0
vda,4.60,1.24,0.00,6,0
vda,14.40,0.80,0.06,4,0
vda,41.60,1.62,0.01,8,0
vda,56.20,14.44,0.02,72,0
vda,40.40,14.43,0.01,72,0
vda,77.20,26.11,0.11,130,0
vda,65.00,25.40,0.00,126,0
vda,62.40,22.90,0.01,114,0
vda,63.40,22.20,0.02,110,0
vda,70.80,25.71,0.01,128,0
vda,62.60,23.41,0.01,117,0
vda,64.80,22.85,0.02,114,0
vda,66.80,22.97,0.04,114,0
vda,65.20,24.09,0.01,120,0
vda,10.20,0.80,0.03,4,0
vda,33.80,1.62,0.00,8,0
vda,16.80,0.91,0.01,4,0
vda,10.00,1.20,3.24,6,16
vda,34.20,0.97,2.55,4,12
vda,7.80,1.20,0.02,6,0
vda,19.80,0.80,7.25,4,36
vda,11.40,1.20,5.10,6,25
vda,5.80,0.80,0.01,4,0
vda,25.40,1.30,0.01,6,0
vda,3.80,0.80,0.01,4,0
vda,6.00,1.22,0.01,6,0
vda,12.20,0.83,6.33,4,31
vda,17.80,1.23,4.68,6,23
vda,34.40,1.13,0.01,5,0
vda,29.80,1.20,6.75,6,33
vda,4.80,0.80,5.25,4,26
vda,6.80,0.83,0.02,4,0
vda,6.20,1.20,0.01,6,0
vda,2.00,0.80,0.00,4,0
vda,13.60,1.20,6.45,6,32
vda,16.80,0.80,0.06,4,0
vda,6.80,1.20,0.01,6,0
vda,19.20,0.83,6.49,4,32
vda,10.40,0.40,5.41,2,27
vda,0.00,0.00,0.00,0,0
vda,19.60,0.00,6.48,0,32
vda,6.60,0.00,5.65,0,28
vda,1.60,0.00,0.01,0,0
vda,2.00,0.00,0.01,0,0
vda,2.40,0.00,0.01,0,0
vda,5.40,0.00,0.03,0,0
vda,11.40,0.00,6.21,0,31
vda,7.40,0.02,4.80,0,24
vda,17.60,0.00,6.47,0,32
vda,5.40,0.00,4.90,0,24
vda,0.20,0.00,0.00,0,0
vda,0.60,0.00,0.00,0,0
vda,1.60,0.00,0.01,0,0
vda,2.80,0.00,0.01,0,0
vda,10.80,0.00,6.24,0,31
vda,18.40,0.00,11.37,0,56
vda,9.00,0.00,4.77,0,23
vda,4.80,0.00,0.02,0,0
vda,17.00,0.02,6.40,0,32
vda,4.19,0.00,5.01,0,25
vda,0.00,0.00,0.00,0,0
vda,1.80,0.00,0.01,0,0
vda,1.00,0.00,0.00,0,0
vda,3.60,0.00,0.01,0,0
vda,21.20,0.00,6.93,0,34
vda,8.00,0.00,4.76,0,23
vda,15.80,0.00,6.45,0,32
vda,6.00,0.00,5.12,0,25
vda,5.40,0.00,0.02,0,0
vda,2.00,0.00,0.01,0,0
vda,13.40,0.00,0.05,0,0
vda,19.80,0.00,6.03,0,30
vda,10.40,0.00,4.85,0,24
vda,12.00,0.00,6.44,0,32
vda,8.60,0.00,5.11,0,25
vda,4.20,0.00,0.02,0,0
vda,3.40,0.00,0.01,0,0
vda,3.00,0.02,0.01,0,0
vda,2.20,0.00,0.01,0,0
vda,18.80,0.00,5.68,0,28
vda,6.60,0.00,4.97,0,24
vda,12.00,0.00,5.73,0,28
vda,2.60,0.00,4.79,0,23
vda,11.60,0.00,5.65,0,28
vda,6.20,0.00,4.85,0,24
vda,1.60,0.00,0.01,0,0
vda,1.60,0.00,0.01,0,0
vda,5.60,0.00,0.83,0,4
vda,17.20,0.00,4.86,0,24
vda,2.80,0.00,4.84,0,24
vda,20.80,0.00,6.45,0,32
vda,13.00,0.00,5.45,0,27
vda,4.40,0.00,0.02,0,0
vda,0.00,0.00,0.00,0,0
vda,0.60,0.00,0.00,0,0
vda,14.00,0.01,4.04,0,20
vda,18.00,0.00,8.09,0,40
vda,5.40,0.00,0.02,0,0
vda,24.00,0.00,6.48,0,32
vda,9.60,0.00,5.38,0,26
vda,17.80,0.00,5.96,0,29
vda,6.40,0.00,5.03,0,25
vda,1.60,0.00,0.01,0,0
vda,1.60,0.00,0.01,0,0
vda,14.80,0.00,0.06,0,0
vda,0.00,0.00,0.00,0,0
vda,1.80,0.00,0.01,0,0
vda,6.60,0.00,0.08,0,0
vda,5.80,0.00,0.02,0,0
vda,0.00,0.00,0.00,0,0
vda,0.60,0.00,0.00,0,0
vda,0.00,0.00,0.00,0,0
vda,6.20,0.00,0.03,0,0
vda,1.40,0.00,0.01,0,0
vda,7.00,0.00,0.03,0,0
vda,3.20,0.02,0.01,0,0
vda,1.00,0.00,0.00,0,0
