vda,3.60,0.00,0.02,0,0
vda,27.00,0.00,0.12,0,0
vda,2.80,0.00,0.01,0,0
vda,1.80,0.00,0.01,0,0
vda,1.80,0.00,0.01,0,0
vda,1.80,0.00,0.01,0,0
vda,3.80,0.00,0.02,0,0
vda,2.60,0.00,0.01,0,0
vda,4.79,0.00,0.02,0,0
vda,0.00,0.00,0.00,0,0
vda,1.80,0.00,0.01,0,0
vda,2.00,0.00,0.01,0,0
vda,255.20,3.14,0.04,15,0
vda,341.00,4.00,0.02,19,0
vda,341.40,19.60,0.02,98,0
vda,84.00,21.76,0.02,108,0
vda,22.80,5.24,0.03,26,0
vda,142.60,1.32,0.02,6,0
vda,24.00,0.00,0.91,0,4
vda,13.60,0.00,0.05,0,0
vda,10.60,0.00,0.04,0,0
vda,7.00,0.00,0.03,0,0
vda,8.20,0.09,0.04,0,0
vda,0.20,0.00,0.00,0,0
vda,5.20,0.00,0.02,0,0
vda,8.60,0.00,0.05,0,0
vda,0.00,0.00,0.00,0,0
vda,1.80,0.00,0.01,0,0
vda,2.00,0.00,0.01,0,0
vda,1.80,0.00,0.01,0,0
vda,2.60,0.00,0.01,0,0
