vda,15.80,0.00,0.28,0,1
vda,117.20,0.00,0.46,0,2
vda,0.40,0.00,0.00,0,0
vda,1.80,0.00,0.00,0,0
vda,6.60,0.00,0.03,0,0
vda,1.60,0.00,0.01,0,0
vda,199.20,0.00,0.80,0,3
vda,5.40,0.00,0.02,0,0
vda,1.80,0.00,0.01,0,0
vda,6.60,0.00,0.03,0,0
vda,1.00,0.00,0.00,0,0
vda,0.00,0.00,0.00,0,0
vda,15.40,0.00,0.26,0,1
vda,139.80,0.00,0.55,0,2
vda,16.80,2.45,0.04,12,0
vda,5.20,0.00,0.02,0,0
vda,0.00,0.00,0.00,0,0
vda,3.20,0.00,0.01,0,0
vda,6.40,0.00,0.04,0,0
vda,15.60,0.00,0.17,0,0
vda,28.60,0.00,0.15,0,0
vda,8.40,0.00,0.03,0,0
vda,172.00,0.00,0.67,0,3
vda,3.20,0.00,0.01,0,0
vda,11.80,0.00,0.25,0,1
vda,8.00,0.00,0.03,0,0
vda,15.40,0.00,0.18,0,0
vda,8.20,0.00,0.07,0,0
vda,22.40,0.00,0.09,0,0
vda,1.20,0.00,0.00,0,0
vda,192.80,0.00,0.78,0,3
vda,5.80,0.00,0.02,0,0
vda,0.00,0.00,0.00,0,0
vda,1.20,0.00,0.00,0,0
vda,137.00,0.00,0.54,0,2
