vda,3.40,0.00,0.02,0,0
vda,1.80,0.00,0.01,0,0
vda,0.00,0.00,0.00,0,0
vda,3.00,0.00,0.01,0,0
vda,19.40,0.00,0.09,0,0
vda,1.40,0.00,0.01,0,0
vda,1.00,0.00,0.01,0,0
vda,6.00,0.00,0.02,0,0
vda,4.00,0.00,0.02,0,0
vda,3.20,0.00,0.01,0,0
vda,6.00,0.00,0.02,0,0
vda,10.60,0.00,0.05,0,0
vda,6.60,0.00,0.03,0,0
vda,20.40,0.00,0.08,0,0
vda,5.80,0.00,0.09,0,0
vda,0.40,0.00,0.00,0,0
vda,6.20,0.00,0.02,0,0
vda,1.40,0.00,0.01,0,0
vda,9.00,0.00,0.07,0,0
vda,0.00,0.00,0.00,0,0
vda,1.00,0.00,0.00,0,0
vda,0.80,0.00,0.00,0,0
vda,0.40,0.00,0.00,0,0
vda,1.40,0.00,0.01,0,0
