vda,8.80,0.00,0.23,0,1
vda,6.80,0.00,0.03,0,0
vda,0.00,0.00,0.00,0,0
vda,195.80,0.00,0.79,0,3
vda,5.60,0.00,0.02,0,0
vda,1.60,0.00,0.01,0,0
vda,1.00,0.00,0.00,0,0
vda,138.80,0.00,0.55,0,2
vda,0.00,0.00,0.00,0,0
vda,1.20,0.00,0.00,0,0
vda,130.40,0.00,0.53,0,2
vda,1.60,0.00,0.01,0,0
vda,12.80,0.00,0.25,0,1
vda,12.00,0.00,0.05,0,0
vda,1.80,0.00,0.01,0,0
vda,207.60,0.00,0.91,0,4
vda,11.20,0.00,0.04,0,0
vda,8.80,0.00,0.03,0,0
vda,7.80,0.00,0.03,0,0
vda,5.40,0.00,0.02,0,0
vda,0.00,0.00,0.00,0,0
vda,134.20,0.00,0.68,0,3
vda,7.60,0.00,0.03,0,0
vda,1.60,0.00,0.01,0,0
vda,11.40,0.00,0.24,0,1
vda,2.40,0.00,0.01,0,0
