3459520.0,67696.0,2836.0
3346110.4,85693.333333,3030.4
1758376.0,337656.0,5752.0
1758376.0,337656.0,5752.0
1713124.2667,350686.4,5760.5333333
1418988.0,435384.0,5816.0
1418988.0,435384.0,5816.0
1375787.2,444337.6,5837.6
1202984.0,480152.0,5924.0
1202984.0,480152.0,5924.0
1205666.4,491721.6,5950.4
1216396.0,538000.0,6056.0
1210213.6,544010.66667,6070.9333333
1170028.0,583080.0,6168.0
1170028.0,583080.0,6168.0
1185566.4,567812.8,6188.8
1247720.0,506744.0,6272.0
1248116.2667,503307.2,6282.6666667
1250692.0,480968.0,6352.0
1250692.0,480968.0,6352.0
1245531.4667,486111.46667,6359.4666667
1211988.0,519544.0,6408.0
1211988.0,519544.0,6408.0
1216890.4,514405.86667,6415.4666667
1248756.0,481008.0,6464.0
1248756.0,481008.0,6464.0
1614864.8,473323.2,6472.8
