vda,4.00,0.07,0.01,0,0
vda,1.00,0.00,0.00,0,0
vda,26.40,0.00,0.13,0,0
vda,2.20,0.00,0.01,0,0
vda,0.00,0.00,0.00,0,0
vda,0.60,0.00,0.00,0,0
vda,0.80,0.00,0.00,0,0
vda,340.00,4.24,0.02,21,0
vda,377.00,4.86,0.03,24,0
vda,191.80,5.58,0.13,27,0
vda,146.40,3.72,0.01,18,0
vda,11.60,0.04,0.04,0,0
vda,7.60,0.00,0.42,0,2
vda,8.20,0.00,0.03,0,0
vda,14.20,0.09,0.06,0,0
vda,5.80,0.00,0.02,0,0
vda,0.00,0.00,0.00,0,0
vda,8.00,0.00,0.06,0,0
vda,1.00,0.00,0.00,0,0
vda,11.00,0.01,0.05,0,0
vda,1.20,0.00,0.00,0,0
vda,8.60,0.00,0.04,0,0
vda,1.00,0.00,0.00,0,0
vda,0.00,0.00,0.00,0,0
