vda,0.60,0.00,0.00,0,0
vda,1.40,0.00,0.01,0,0
vda,14.60,0.07,0.00,0,0
vda,25.00,0.00,0.11,0,0
vda,0.80,0.00,0.01,0,0
vda,41.40,0.35,0.05,1,0
vda,14.00,0.33,0.01,1,0
vda,188.00,2.14,0.01,10,0
vda,337.60,4.08,0.01,20,0
vda,218.00,3.57,0.02,17,0
vda,171.40,15.10,0.01,75,0
vda,17.40,2.55,0.00,12,0
vda,26.20,1.24,0.10,6,0
vda,6.20,1.23,0.02,6,0
vda,7.40,2.82,0.00,14,0
vda,12.60,4.05,0.06,20,0
vda,13.40,4.05,0.01,20,0
vda,10.60,3.63,0.00,18,0
vda,3.00,1.20,0.00,6,0
vda,0.80,0.00,0.01,0,0
vda,3.40,0.00,0.01,0,0
vda,0.80,0.00,0.00,0,0
vda,7.60,0.00,0.03,0,0
vda,1.60,0.00,0.01,0,0
vda,0.00,0.00,0.00,0,0
vda,30.60,0.41,0.01,2,0
vda,111.00,0.88,0.02,4,0
vda,3.80,0.01,0.02,0,0
vda,3.60,0.00,0.02,0,0
vda,2.80,0.00,0.01,0,0
vda,0.00,0.00,0.00,0,0
vda,9.80,0.03,0.04,0,0
vda,2.80,0.00,0.01,0,0
vda,3.60,0.00,2.67,0,13
vda,6.80,0.00,0.04,0,0
vda,4.00,0.00,1.38,0,6
vda,0.00,0.00,0.00,0,0
vda,2.00,0.00,0.01,0,0
vda,9.00,0.00,0.04,0,0
vda,2.60,0.00,0.01,0,0
vda,7.60,0.00,0.03,0,0
vda,7.80,0.00,0.06,0,0
vda,0.00,0.00,0.00,0,0
vda,5.80,0.00,0.03,0,0
vda,1.20,0.00,0.00,0,0
vda,8.20,0.00,4.10,0,20
vda,11.80,0.00,0.06,0,0
vda,0.20,0.00,0.00,0,0
vda,3.00,0.00,0.01,0,0
vda,0.00,0.00,0.00,0,0
vda,0.60,0.00,0.00,0,0
vda,8.20,0.00,0.03,0,0
vda,0.20,0.00,0.00,0,0
vda,5.59,0.00,2.72,0,13
vda,5.80,0.00,1.41,0,7
vda,2.60,0.00,0.01,0,0
vda,0.00,0.00,0.00,0,0
vda,1.40,0.00,0.01,0,0
vda,12.80,0.00,0.05,0,0
vda,7.00,0.00,2.72,0,13
vda,3.80,0.00,0.01,0,0
vda,6.60,0.00,1.41,0,7
vda,0.00,0.00,0.00,0,0
vda,1.40,0.00,0.01,0,0
vda,1.80,0.00,0.01,0,0
vda,14.00,0.00,2.76,0,13
vda,0.20,0.00,0.00,0,0
vda,2.60,0.00,1.39,0,6
vda,4.20,0.00,0.02,0,0
vda,2.40,0.00,0.01,0,0
vda,8.60,0.01,0.03,0,0
vda,0.20,0.00,0.00,0,0
vda,2.60,0.00,0.01,0,0
vda,0.20,0.00,0.00,0,0
vda,2.00,0.00,0.01,0,0
vda,6.00,0.00,0.03,0,0
vda,4.60,0.00,0.02,0,0
vda,7.20,0.00,0.03,0,0
vda,3.00,0.00,0.01,0,0
vda,2.00,0.00,0.01,0,0
vda,0.20,0.00,0.00,0,0
vda,2.60,0.00,0.01,0,0
vda,4.80,0.00,0.03,0,0
vda,0.20,0.00,0.00,0,0
vda,4.00,0.00,0.02,0,0
vda,16.40,0.00,4.15,0,20
vda,1.60,0.00,0.01,0,0
vda,1.20,0.00,0.00,0,0
vda,3.60,0.00,0.01,0,0
vda,0.00,0.00,0.00,0,0
vda,0.60,0.00,0.00,0,0
vda,3.00,0.00,0.02,0,0
vda,4.00,0.00,0.02,0,0
vda,1.40,0.08,0.00,0,0
vda,6.20,0.00,0.02,0,0
vda,0.00,0.00,0.00,0,0
vda,0.60,0.00,0.00,0,0
vda,0.60,0.00,0.01,0,0
vda,7.60,0.00,0.03,0,0
vda,4.40,0.00,0.03,0,0
vda,0.40,0.00,0.00,0,0
vda,0.80,0.00,0.00,0,0
