vda,25.80,0.00,0.11,0,0
vda,3.40,0.00,0.01,0,0
vda,2.00,0.00,0.01,0,0
vda,5.00,0.00,0.02,0,0
vda,2.20,0.00,0.01,0,0
vda,3.80,0.00,0.02,0,0
vda,2.00,0.00,0.01,0,0
vda,441.00,5.28,0.08,26,0
vda,436.40,5.57,0.03,27,0
vda,45.20,8.07,0.00,40,0
vda,142.60,2.38,0.01,11,0
vda,8.40,0.03,0.02,0,0
vda,12.20,0.00,0.05,0,0
vda,8.20,0.00,0.04,0,0
vda,24.80,0.00,0.18,0,0
vda,1.40,0.09,0.00,0,0
vda,6.00,0.00,0.02,0,0
vda,3.00,0.00,0.01,0,0
vda,2.00,0.00,0.01,0,0
vda,2.60,0.00,0.01,0,0
vda,2.00,0.00,0.01,0,0
vda,8.80,0.00,0.05,0,0
vda,2.00,0.00,0.01,0,0
vda,9.00,0.00,0.04,0,0
vda,1.80,0.00,0.01,0,0
vda,5.20,0.00,0.02,0,0
vda,9.80,0.00,0.04,0,0
vda,2.40,0.00,0.01,0,0
vda,3.80,0.03,0.01,0,0
