vda,28.20,0.27,0.00,1,0
vda,4.80,0.07,0.01,0,0
vda,2.00,0.00,0.01,0,0
vda,3.00,0.00,0.01,0,0
vda,3.00,0.00,0.01,0,0
vda,2.00,0.00,0.01,0,0
vda,25.60,0.00,0.11,0,0
vda,1.80,0.00,0.01,0,0
vda,1.80,0.00,0.01,0,0
vda,4.20,0.00,0.02,0,0
vda,2.20,0.00,0.01,0,0
vda,12.80,0.00,0.06,0,0
vda,368.20,4.45,0.01,22,0
vda,395.20,5.20,0.03,25,0
vda,163.00,4.36,0.15,21,0
vda,146.80,1.32,0.03,6,0
vda,15.60,0.00,0.06,0,0
vda,10.20,0.09,0.06,0,0
vda,0.00,0.00,0.00,0,0
vda,1.80,0.00,0.01,0,0
vda,3.00,0.00,0.01,0,0
vda,15.20,0.00,0.09,0,0
vda,2.20,0.00,0.01,0,0
vda,2.00,0.00,0.01,0,0
vda,0.00,0.00,0.00,0,0
vda,1.80,0.00,0.01,0,0
