vda,14.20,0.76,0.01,3,0
vda,1.40,0.00,0.01,0,0
vda,0.00,0.00,0.00,0,0
vda,1.40,0.00,0.01,0,0
vda,20.80,0.00,0.10,0,0
vda,0.00,0.00,0.00,0,0
vda,1.00,0.00,0.00,0,0
vda,4.80,0.00,0.02,0,0
vda,7.40,0.02,0.03,0,0
vda,3.20,0.00,0.01,0,0
vda,2.80,0.00,0.01,0,0
vda,8.00,0.00,0.04,0,0
vda,33.60,12.00,0.01,60,0
vda,6.60,0.38,0.01,1,0
vda,23.20,0.76,0.10,3,0
vda,401.00,25.70,0.02,128,0
vda,21.20,1.13,0.02,5,0
vda,168.20,10.58,0.01,52,0
vda,42.60,2.27,0.05,11,0
vda,55.40,11.49,0.01,57,0
vda,24.40,4.36,0.02,21,0
vda,22.80,1.93,0.01,9,0
vda,14.60,0.76,0.01,3,0
vda,28.60,1.13,0.05,5,0
vda,14.60,0.76,0.01,3,0
vda,23.20,1.13,0.03,5,0
vda,11.80,0.75,0.00,3,0
vda,44.00,1.13,24.12,5,120
vda,17.80,0.76,0.03,3,0
vda,23.20,1.13,0.02,5,0
vda,16.20,0.76,0.02,3,0
vda,18.40,1.13,0.00,5,0
vda,14.40,0.76,0.01,3,0
vda,23.20,1.13,0.03,5,0
vda,34.00,0.76,6.08,3,30
vda,19.20,0.77,3.02,3,15
vda,29.80,1.12,0.05,5,0
vda,11.60,0.76,0.00,3,0
vda,23.40,1.13,5.99,5,29
vda,25.80,0.93,6.14,4,30
vda,27.40,1.13,4.55,5,22
vda,23.00,0.76,4.63,3,23
vda,33.40,1.13,6.14,5,30
vda,21.60,0.76,6.03,3,30
vda,26.40,1.16,3.03,5,15
vda,232.80,1.44,0.20,7,0
vda,25.00,1.13,2.96,5,14
vda,19.40,0.76,6.07,3,30
vda,23.00,1.13,3.13,5,15
vda,34.00,0.76,6.18,3,30
vda,24.40,1.13,6.16,5,30
vda,19.00,0.76,4.57,3,22
vda,24.80,1.13,6.05,5,30
vda,25.00,0.76,1.57,3,7
vda,25.00,1.13,2.96,5,14
vda,18.00,0.76,4.56,3,22
vda,25.60,1.13,4.68,5,23
vda,17.60,0.76,6.07,3,30
vda,25.75,1.13,6.17,5,30
vda,18.60,0.76,3.07,3,15
vda,24.60,1.13,6.05,5,30
vda,19.00,0.76,3.06,3,15
vda,16.80,0.76,0.02,3,0
vda,34.60,1.13,6.06,5,30
vda,27.00,0.76,6.17,3,30
vda,17.40,0.38,6.07,1,30
vda,8.20,0.00,6.17,0,30
vda,25.80,1.14,6.08,5,30
vda,20.20,0.76,3.05,3,15
vda,26.20,1.14,3.06,5,15
vda,28.60,0.76,3.02,3,15
vda,43.60,1.13,6.14,5,30
vda,20.00,0.76,4.65,3,23
vda,27.60,1.13,4.56,5,22
vda,17.60,0.76,6.17,3,30
vda,37.00,1.13,6.10,5,30
vda,23.40,0.76,6.09,3,30
vda,28.40,1.14,0.04,5,0
vda,28.00,0.76,6.06,3,30
vda,26.60,1.13,3.03,5,15
vda,20.20,0.76,6.19,3,30
vda,27.40,1.13,6.13,5,30
vda,21.00,0.76,6.13,3,30
vda,31.00,1.13,3.05,5,15
vda,19.80,0.76,6.08,3,30
vda,28.00,1.13,0.05,5,0
vda,18.40,0.76,6.01,3,30
vda,18.60,0.76,6.14,3,30
vda,25.20,1.13,6.08,5,30
vda,20.00,0.76,6.19,3,30
vda,24.80,1.13,3.07,5,15
vda,7.80,0.00,6.04,0,30
vda,20.00,0.00,3.13,0,15
vda,7.19,0.00,2.96,0,14
vda,6.00,0.01,6.07,0,30
vda,7.60,0.00,6.20,0,30
vda,7.80,0.00,6.12,0,30
vda,7.80,0.00,4.63,0,23
vda,7.40,0.00,7.55,0,37
vda,14.20,0.00,3.10,0,15
vda,12.40,0.00,0.05,0,0
vda,3.80,0.00,0.01,0,0
vda,21.00,0.00,0.09,0,0
vda,0.00,0.00,0.00,0,0
vda,14.80,0.77,0.01,3,0
vda,9.80,0.50,0.01,2,0
vda,27.60,0.76,0.11,3,0
vda,25.80,1.13,0.04,5,0
vda,11.60,0.76,0.00,3,0
vda,18.20,1.13,0.00,5,0
vda,12.20,0.76,0.00,3,0
vda,18.60,1.13,0.01,5,0
vda,13.00,0.76,0.01,3,0
vda,17.60,1.14,0.00,5,0
vda,14.60,0.76,0.01,3,0
