vda,1.40,0.00,0.01,0,0
vda,25.80,0.00,0.11,0,0
vda,32.80,0.34,0.01,1,0
vda,2.00,0.00,0.01,0,0
vda,1.80,0.00,0.01,0,0
vda,0.00,0.00,0.00,0,0
vda,2.80,0.00,0.01,0,0
vda,2.40,0.00,0.01,0,0
vda,9.00,0.00,0.04,0,0
vda,3.60,0.00,0.01,0,0
vda,1.80,0.00,0.01,0,0
vda,22.60,0.11,0.00,0,0
vda,346.40,4.25,0.03,21,0
vda,185.40,2.12,0.01,10,0
vda,350.00,4.58,0.05,22,0
vda,145.80,1.34,0.02,6,0
vda,12.80,0.00,0.07,0,0
vda,13.40,0.00,0.05,0,0
vda,6.80,0.09,0.04,0,0
vda,3.80,0.00,0.01,0,0
vda,2.80,0.00,0.01,0,0
vda,1.80,0.00,0.01,0,0
vda,2.20,0.00,0.01,0,0
vda,9.20,0.00,0.06,0,0
vda,2.60,0.00,0.01,0,0
vda,2.40,0.00,0.01,0,0
vda,2.00,0.00,0.01,0,0
