3149436.0,332336.0,3428.0
3149436.0,332336.0,3428.0
2196197.6,558705.6,3773.6
766340.0,898260.0,4292.0
575610.66667,947436.0,4310.6666667
194152.0,1045788.0,4348.0
194152.0,1045788.0,4348.0
227654.66667,1020352.0,4364.0
294660.0,969480.0,4396.0
294660.0,969480.0,4396.0
257326.66667,1006309.3333,4417.3333333
182660.0,1079968.0,4460.0
182660.0,1079968.0,4460.0
171938.66667,1088225.3333,4480.0
150496.0,1104740.0,4520.0
142750.66667,1109358.6667,4541.3333333
127260.0,1118596.0,4584.0
127260.0,1118596.0,4584.0
132112.0,1112666.6667,4601.3333333
141816.0,1100808.0,4636.0
141816.0,1100808.0,4636.0
129424.0,1110008.0,4658.4
110836.0,1123808.0,4692.0
240922.4,991761.6,4717.6
436052.0,793692.0,4756.0
436052.0,793692.0,4756.0
403613.6,823231.2,4781.6
354956.0,867540.0,4820.0
354956.0,867540.0,4820.0
322885.33333,898889.33333,4845.3333333
258744.0,961588.0,4896.0
227312.0,990258.4,4924.8
180164.0,1033264.0,4968.0
180164.0,1033264.0,4968.0
163584.26667,1044465.8667,4994.1333333
144636.0,1057268.0,5024.0
144636.0,1057268.0,5024.0
412788.0,800559.2,5062.4
591556.0,629420.0,5088.0
523144.0,697364.0,6957.6
477536.0,742660.0,8204.0
477536.0,742660.0,8204.0
477536.0,742660.0,8204.0
477536.0,742660.0,8204.0
477536.0,742660.0,8204.0
