4287152.0,3221520.0,51000.0
4287152.0,3221520.0,51000.0
4084294.9333,3235533.0667,51000.8
1244296.0,3431716.0,51012.0
1123139.7333,3453726.1333,51014.666667
335624.0,3596792.0,51032.0
335624.0,3596792.0,51032.0
328740.53333,3603474.1333,51033.6
232372.0,3697024.0,51056.0
232372.0,3697024.0,51056.0
237404.53333,3691269.6,51058.933333
307860.0,3610708.0,51100.0
297110.13333,3619884.2667,51101.6
146612.0,3748352.0,51124.0
146612.0,3748352.0,51124.0
143734.13333,3749504.5333,51127.733333
125028.0,3756996.0,51152.0
125028.0,3756996.0,51152.0
197964.53333,3680005.6,51154.666667
672052.0,3179568.0,51172.0
1179144.2667,3160707.2,51174.133333
4475244.0,3038112.0,51188.0
4475244.0,3038112.0,51188.0
