vda,0.60,0.00,0.00,0,0
vda,2.00,0.00,0.01,0,0
vda,1.80,0.00,0.01,0,0
vda,1.80,0.00,0.01,0,0
vda,32.60,0.34,0.02,1,0
vda,3.60,0.00,0.01,0,0
vda,22.40,0.00,0.10,0,0
vda,1.80,0.00,0.01,0,0
vda,1.80,0.00,0.01,0,0
vda,1.80,0.00,0.01,0,0
vda,1.00,0.00,0.01,0,0
vda,2.20,0.00,0.01,0,0
vda,321.40,3.93,0.02,19,0
vda,366.40,4.40,0.01,21,0
vda,196.00,2.67,0.02,13,0
vda,142.40,1.33,0.01,6,0
vda,13.60,0.09,0.07,0,0
vda,6.00,0.00,0.02,0,0
vda,14.80,0.00,0.08,0,0
vda,3.40,0.00,0.01,0,0
vda,2.00,0.00,0.01,0,0
vda,2.00,0.00,0.01,0,0
vda,15.20,0.00,0.06,0,0
vda,2.60,0.00,0.01,0,0
vda,0.00,0.00,0.00,0,0
vda,2.00,0.00,0.01,0,0
