vda,0.40,0.00,0.00,0,0
vda,0.80,0.00,0.00,0,0
vda,21.00,0.00,0.10,0,0
vda,1.60,0.00,0.01,0,0
vda,0.00,0.00,0.00,0,0
vda,0.60,0.00,0.00,0,0
vda,0.00,0.00,0.00,0,0
vda,0.60,0.00,0.00,0,0
vda,2.60,0.00,0.01,0,0
vda,1.40,0.00,0.01,0,0
vda,1.40,0.00,0.01,0,0
vda,0.60,0.00,0.00,0,0
vda,258.20,3.23,0.00,16,0
vda,261.80,2.99,0.01,14,0
vda,345.60,4.65,0.02,23,0
vda,97.40,0.91,0.05,4,0
vda,72.40,0.58,0.02,2,0
vda,8.60,0.01,0.02,0,0
vda,4.20,0.00,0.02,0,0
vda,34.80,0.00,0.19,0,0
vda,5.00,0.00,0.02,0,0
vda,7.20,0.00,0.08,0,0
vda,4.80,0.00,0.02,0,0
vda,0.20,0.00,0.00,0,0
vda,7.60,0.00,0.06,0,0
vda,1.80,0.00,0.01,0,0
vda,1.40,0.09,0.00,0,0
vda,12.00,0.00,0.06,0,0
vda,3.20,0.00,0.01,0,0
vda,1.00,0.00,0.00,0,0
vda,0.80,0.00,0.00,0,0
vda,0.00,0.00,0.00,0,0
vda,0.60,0.00,0.00,0,0
vda,0.80,0.00,0.01,0,0
vda,9.40,0.00,0.04,0,0
