vda,0.60,0.00,0.00,0,0
vda,2.40,0.00,0.01,0,0
vda,33.60,0.34,0.02,1,0
vda,3.20,0.00,0.01,0,0
vda,2.80,0.00,0.01,0,0
vda,2.00,0.00,0.01,0,0
vda,26.20,0.00,0.11,0,0
vda,1.80,0.00,0.01,0,0
vda,1.80,0.00,0.01,0,0
vda,3.00,0.00,0.01,0,0
vda,2.00,0.00,0.01,0,0
vda,3.20,0.00,0.01,0,0
vda,416.00,5.01,0.02,25,0
vda,136.20,1.51,0.02,7,0
vda,336.20,4.51,0.02,22,0
vda,25.40,0.24,0.05,1,0
vda,129.40,1.09,0.02,5,0
vda,6.20,0.00,0.02,0,0
vda,19.40,0.00,0.08,0,0
vda,8.60,0.09,0.05,0,0
vda,7.20,0.00,0.03,0,0
vda,0.60,0.00,0.01,0,0
vda,4.20,0.00,0.02,0,0
vda,1.40,0.00,0.01,0,0
vda,2.20,0.00,0.01,0,0
vda,7.20,0.00,0.05,0,0
vda,0.60,0.00,0.00,0,0
vda,3.20,0.00,0.01,0,0
vda,2.20,0.00,0.01,0,0
