vda,34.00,0.34,0.02,1,0
vda,24.00,0.00,0.11,0,0
vda,3.59,0.00,0.01,0,0
vda,2.20,0.00,0.01,0,0
vda,1.80,0.00,0.01,0,0
vda,5.80,0.00,0.03,0,0
vda,2.40,0.00,0.01,0,0
vda,0.00,0.00,0.00,0,0
vda,1.80,0.00,0.01,0,0
vda,2.00,0.00,0.01,0,0
vda,1.80,0.00,0.01,0,0
vda,10.60,0.00,0.05,0,0
vda,355.20,4.37,0.01,21,0
vda,168.40,1.87,0.02,9,0
vda,356.20,4.75,0.02,23,0
vda,145.80,1.35,0.02,6,0
vda,6.60,0.00,0.03,0,0
vda,14.00,0.00,0.06,0,0
vda,15.20,0.09,0.12,0,0
vda,5.40,0.00,0.02,0,0
vda,3.20,0.00,0.01,0,0
vda,2.00,0.00,0.01,0,0
vda,0.00,0.00,0.00,0,0
vda,2.40,0.00,0.01,0,0
vda,2.20,0.00,0.01,0,0
vda,5.40,0.00,0.03,0,0
vda,9.00,0.00,0.04,0,0
vda,1.80,0.00,0.01,0,0
