vda,3.20,0.00,0.01,0,0
vda,29.00,0.00,0.12,0,0
vda,25.60,0.11,0.01,0,0
vda,2.00,0.00,0.01,0,0
vda,0.00,0.00,0.00,0,0
vda,1.80,0.00,0.01,0,0
vda,3.40,0.00,0.02,0,0
vda,2.60,0.00,0.01,0,0
vda,4.80,0.00,0.02,0,0
vda,0.00,0.00,0.00,0,0
vda,1.80,0.00,0.01,0,0
vda,1.80,0.00,0.01,0,0
vda,326.80,3.93,0.05,19,0
vda,201.20,2.27,0.01,11,0
vda,346.40,4.66,0.02,23,0
vda,151.80,1.41,0.02,7,0
vda,13.40,0.04,0.05,0,0
vda,8.20,0.00,0.03,0,0
vda,26.80,0.01,0.96,0,4
vda,8.80,0.09,0.03,0,0
vda,3.20,0.00,0.01,0,0
vda,1.80,0.00,0.01,0,0
vda,0.00,0.00,0.00,0,0
vda,4.00,0.00,0.02,0,0
vda,15.00,0.00,0.07,0,0
vda,18.20,0.09,0.01,0,0
vda,8.80,0.00,0.04,0,0
vda,1.80,0.00,0.01,0,0
