vda,0.40,0.00,0.00,0,0
vda,2.20,0.00,0.01,0,0
vda,1.80,0.00,0.01,0,0
vda,1.80,0.00,0.01,0,0
vda,3.00,0.00,0.01,0,0
vda,24.80,0.00,0.12,0,0
vda,5.40,0.00,0.02,0,0
vda,2.20,0.00,0.01,0,0
vda,0.00,0.00,0.00,0,0
vda,12.40,0.00,0.06,0,0
vda,2.59,0.00,0.01,0,0
vda,1.80,0.00,0.01,0,0
vda,315.40,3.90,0.02,19,0
vda,202.40,2.30,0.01,11,0
vda,289.20,4.00,0.02,19,0
vda,223.80,2.12,0.03,10,0
vda,11.00,0.00,0.04,0,0
vda,20.40,0.09,0.10,0,0
vda,6.20,0.00,0.02,0,0
vda,17.00,0.00,0.09,0,0
vda,0.20,0.00,0.00,0,0
vda,1.80,0.00,0.01,0,0
vda,2.00,0.00,0.01,0,0
vda,1.80,0.00,0.01,0,0
vda,0.00,0.00,0.00,0,0
vda,2.60,0.00,0.01,0,0
