vda,1.20,0.00,0.01,0,0
vda,26.40,0.00,0.12,0,0
vda,2.20,0.00,0.01,0,0
vda,1.80,0.00,0.01,0,0
vda,1.20,0.00,0.00,0,0
vda,1.80,0.00,0.01,0,0
vda,1.00,0.00,0.01,0,0
vda,4.40,0.00,0.02,0,0
vda,2.20,0.00,0.01,0,0
vda,3.00,0.00,0.01,0,0
vda,1.80,0.00,0.01,0,0
vda,9.20,0.00,0.04,0,0
vda,361.60,4.43,0.02,22,0
vda,153.60,1.76,0.02,8,0
vda,368.20,4.79,0.02,23,0
vda,145.40,1.34,0.02,6,0
vda,12.20,0.00,0.06,0,0
vda,15.80,0.09,0.07,0,0
vda,6.00,0.00,0.03,0,0
vda,2.40,0.00,0.01,0,0
vda,18.40,0.08,0.01,0,0
vda,1.80,0.00,0.01,0,0
vda,8.80,0.00,0.04,0,0
vda,7.20,0.00,0.05,0,0
vda,2.40,0.00,0.01,0,0
vda,2.40,0.00,0.01,0,0
vda,2.60,0.00,0.01,0,0
