vda,0.40,0.00,0.00,0,0
vda,1.80,0.00,0.01,0,0
vda,21.80,0.00,0.10,0,0
vda,1.60,0.00,0.01,0,0
vda,0.00,0.00,0.00,0,0
vda,0.60,0.00,0.00,0,0
vda,0.80,0.00,0.00,0,0
vda,280.80,3.47,0.00,17,0
vda,273.60,3.06,0.08,15,0
vda,242.00,6.65,0.01,33,0
vda,129.40,1.36,0.02,6,0
vda,48.40,11.30,0.00,56,0
vda,2.80,0.00,0.01,0,0
vda,0.00,0.00,0.00,0,0
vda,1.40,0.00,0.01,0,0
vda,6.40,0.00,0.03,0,0
vda,1.60,0.00,0.06,0,0
vda,2.40,0.00,0.01,0,0
vda,1.40,0.00,0.01,0,0
vda,1.00,0.00,0.00,0,0
vda,1.00,0.00,0.01,0,0
vda,1.00,0.00,0.00,0,0
vda,13.20,0.17,0.02,0,0
vda,130.00,1.12,0.02,5,0
vda,8.60,0.01,0.03,0,0
vda,3.20,0.00,0.01,0,0
vda,4.00,0.00,0.02,0,0
vda,3.80,0.03,0.01,0,0
vda,3.00,0.00,0.01,0,0
vda,4.00,0.00,0.01,0,0
vda,5.80,0.00,0.03,0,0
vda,1.60,0.00,2.44,0,12
vda,5.20,0.00,1.26,0,6
vda,3.40,0.00,0.01,0,0
vda,10.20,0.00,0.04,0,0
vda,0.00,0.00,0.00,0,0
vda,6.40,0.00,2.48,0,12
vda,7.20,0.00,0.03,0,0
vda,6.40,0.00,1.28,0,6
vda,3.20,0.00,0.01,0,0
vda,0.00,0.00,0.00,0,0
vda,4.00,0.00,2.49,0,12
vda,4.20,0.00,1.27,0,6
vda,7.40,0.00,0.03,0,0
vda,7.00,0.00,0.04,0,0
vda,2.80,0.00,0.01,0,0
vda,5.60,0.00,0.02,0,0
vda,5.00,0.00,2.50,0,12
vda,0.40,0.00,1.26,0,6
vda,1.80,0.00,0.01,0,0
vda,13.40,0.00,0.06,0,0
vda,8.00,0.00,0.05,0,0
vda,12.80,0.00,2.53,0,12
vda,0.60,0.00,1.26,0,6
vda,2.40,0.00,0.01,0,0
vda,0.80,0.00,0.00,0,0
vda,3.80,0.00,0.02,0,0
vda,8.00,0.00,2.50,0,12
vda,15.20,0.00,1.33,0,6
vda,7.80,0.00,0.03,0,0
vda,0.80,0.00,0.00,0,0
vda,0.00,0.00,0.00,0,0
vda,3.20,0.00,0.02,0,0
vda,2.80,0.00,0.01,0,0
vda,12.20,0.00,3.80,0,18
vda,1.60,0.00,0.01,0,0
vda,1.40,0.00,0.01,0,0
vda,3.00,0.00,0.01,0,0
vda,2.40,0.00,0.01,0,0
vda,1.20,0.00,0.00,0,0
vda,16.80,0.00,3.82,0,19
vda,0.00,0.00,0.00,0,0
vda,3.00,0.00,0.01,0,0
vda,2.20,0.00,0.01,0,0
vda,4.20,0.00,0.02,0,0
vda,3.20,0.00,0.01,0,0
vda,2.80,0.00,0.02,0,0
vda,7.00,0.00,0.03,0,0
vda,15.40,0.09,0.00,0,0
vda,2.40,0.08,0.01,0,0
vda,6.80,0.00,0.03,0,0
vda,0.00,0.00,0.00,0,0
vda,12.60,0.00,0.06,0,0
vda,1.20,0.00,0.00,0,0
vda,5.60,0.00,0.03,0,0
vda,4.00,0.00,0.02,0,0
vda,2.40,0.00,0.01,0,0
vda,10.18,0.00,0.05,0,0
vda,1.40,0.00,0.01,0,0
