vda,1.20,0.00,0.01,0,0
vda,32.80,0.00,0.15,0,0
vda,2.80,0.00,0.01,0,0
vda,1.80,0.00,0.01,0,0
vda,2.00,0.00,0.01,0,0
vda,1.80,0.00,0.01,0,0
vda,3.40,0.00,0.02,0,0
vda,2.00,0.00,0.01,0,0
vda,2.40,0.00,0.01,0,0
vda,4.80,0.00,0.02,0,0
vda,1.80,0.00,0.01,0,0
vda,0.00,0.00,0.00,0,0
vda,283.60,3.52,0.01,17,0
vda,367.80,4.18,0.02,20,0
vda,240.00,3.31,0.05,16,0
vda,4.60,0.01,0.01,0,0
vda,147.80,1.29,0.12,6,0
vda,8.80,0.04,0.02,0,0
vda,4.40,0.00,0.02,0,0
vda,5.40,0.00,0.02,0,0
vda,7.60,0.00,0.03,0,0
vda,4.80,0.00,0.02,0,0
vda,6.40,0.00,0.03,0,0
vda,22.40,0.03,1.88,0,9
vda,3.80,0.00,0.01,0,0
vda,3.80,0.00,0.01,0,0
vda,6.20,0.00,1.79,0,8
vda,4.80,0.00,0.02,0,0
vda,10.00,0.00,0.05,0,0
vda,2.20,0.00,0.01,0,0
vda,7.20,0.00,0.06,0,0
vda,0.00,0.00,0.00,0,0
vda,9.80,0.08,0.04,0,0
vda,6.40,0.00,0.03,0,0
vda,2.80,0.00,0.01,0,0
vda,2.00,0.00,0.01,0,0
vda,16.20,0.00,0.07,0,0
vda,2.60,0.00,0.01,0,0
vda,2.00,0.00,0.01,0,0
vda,1.80,0.00,0.01,0,0
vda,1.80,0.00,0.01,0,0
