vda,4.80,0.00,0.02,0,0
vda,20.60,0.00,0.10,0,0
vda,1.20,0.00,0.00,0,0
vda,0.00,0.00,0.00,0,0
vda,1.80,0.00,0.01,0,0
vda,10.60,0.00,0.05,0,0
vda,2.00,0.00,0.01,0,0
vda,0.00,0.00,0.00,0,0
vda,5.00,0.00,0.02,0,0
vda,5.00,0.00,0.02,0,0
vda,0.00,0.00,0.00,0,0
vda,1.20,0.00,0.01,0,0
vda,3.00,0.00,0.01,0,0
vda,21.40,0.00,0.11,0,0
vda,2.80,0.00,0.01,0,0
vda,0.40,0.00,0.05,0,0
vda,1.20,0.00,0.00,0,0
vda,0.80,0.00,0.01,0,0
vda,1.00,0.00,0.00,0,0
vda,0.40,0.00,0.00,0,0
vda,2.60,0.00,0.01,0,0
vda,4.00,0.00,0.02,0,0
vda,0.00,0.00,0.00,0,0
vda,5.20,0.00,0.02,0,0
vda,3.00,0.00,0.01,0,0
vda,4.00,0.00,0.02,0,0
vda,3.00,0.00,0.01,0,0
vda,1.60,0.00,0.01,0,0
vda,9.80,0.00,0.04,0,0
vda,0.00,0.00,0.00,0,0
vda,6.40,0.00,0.04,0,0
vda,8.40,0.00,2.14,0,10
vda,9.60,0.00,1.10,0,5
vda,0.40,0.00,0.00,0,0
vda,2.80,0.00,0.01,0,0
vda,4.00,0.00,0.02,0,0
vda,18.60,0.00,2.25,0,11
vda,7.00,0.00,1.10,0,5
vda,0.20,0.00,0.00,0,0
vda,3.20,0.00,0.01,0,0
vda,3.00,0.00,0.01,0,0
vda,6.00,0.00,0.03,0,0
vda,0.20,0.00,0.00,0,0
vda,7.40,0.00,0.05,0,0
vda,4.00,0.00,0.02,0,0
vda,5.80,0.00,2.17,0,10
vda,3.00,0.00,1.09,0,5
vda,8.00,0.00,0.03,0,0
vda,10.78,0.00,0.04,0,0
vda,1.80,0.00,2.17,0,10
vda,8.40,0.00,1.12,0,5
vda,2.40,0.00,0.01,0,0
vda,5.60,0.00,0.02,0,0
vda,3.00,0.00,0.01,0,0
vda,3.40,0.00,2.17,0,10
vda,6.60,0.00,0.03,0,0
vda,2.60,0.00,0.01,0,0
vda,7.60,0.00,0.04,0,0
vda,2.00,0.00,0.01,0,0
vda,7.20,0.00,0.03,0,0
vda,5.40,0.00,0.02,0,0
vda,2.20,0.00,0.01,0,0
vda,6.00,0.00,0.02,0,0
vda,1.80,0.00,0.01,0,0
vda,4.80,0.00,0.03,0,0
vda,1.80,0.00,0.01,0,0
vda,17.00,0.00,5.48,0,27
vda,2.20,0.00,0.01,0,0
vda,4.80,0.00,0.02,0,0
vda,0.00,0.00,0.00,0,0
vda,0.60,0.00,0.00,0,0
vda,0.00,0.00,0.00,0,0
vda,3.40,0.00,0.02,0,0
vda,9.60,0.00,0.04,0,0
vda,0.00,0.00,0.00,0,0
vda,0.60,0.00,0.00,0,0
vda,0.00,0.00,0.00,0,0
vda,0.60,0.00,0.00,0,0
vda,0.80,0.00,0.01,0,0
vda,9.00,0.00,0.04,0,0
vda,5.60,0.00,0.03,0,0
vda,0.00,0.00,0.00,0,0
