3436980.0,71786.4,2982.6666667
2851444.0,133028.0,5596.0
2851444.0,133028.0,5596.0
2842548.8,140228.26667,5599.7333333
2718016.0,241032.0,5652.0
2718016.0,241032.0,5652.0
2718016.0,241032.0,5652.0
2081508.0,291652.0,5744.0
2081508.0,291652.0,5744.0
1741140.0,330796.0,5864.0
1741140.0,330796.0,5864.0
1758919.2,339783.73333,5949.3333333
1758919.2,339783.73333,5949.3333333
1774476.0,347648.0,6024.0
1774476.0,347648.0,6024.0
1801340.0,314380.0,6128.0
1801340.0,314380.0,6128.0
1790748.0,325656.0,6200.0
1790748.0,325656.0,6200.0
1790247.7333,326039.73333,6204.0
1783244.0,331412.0,6260.0
1783244.0,331412.0,6260.0
1785309.6,329185.86667,6302.1333333
1798736.0,314716.0,6576.0
1798736.0,314716.0,6576.0
1992026.1333,311745.86667,6582.9333333
