vda,0.20,0.00,0.00,0,0
vda,2.60,0.00,0.01,0,0
vda,1.80,0.00,0.01,0,0
vda,0.00,0.00,0.00,0,0
vda,5.20,0.00,0.02,0,0
vda,27.80,0.00,0.12,0,0
vda,0.60,0.00,0.00,0,0
vda,2.80,0.00,0.01,0,0
vda,1.80,0.00,0.01,0,0
vda,5.20,0.00,0.02,0,0
vda,2.20,0.00,0.01,0,0
vda,1.80,0.00,0.01,0,0
vda,377.00,4.53,0.03,22,0
vda,405.40,5.38,0.02,26,0
vda,151.80,14.02,0.02,70,0
vda,13.40,0.19,0.01,0,0
vda,132.00,1.14,0.02,5,0
vda,6.00,0.00,0.02,0,0
vda,11.20,0.00,0.05,0,0
vda,12.20,0.00,0.09,0,0
vda,4.80,0.01,0.07,0,0
vda,13.40,0.00,0.06,0,0
vda,8.18,0.00,0.03,0,0
vda,4.40,0.00,0.02,0,0
vda,8.80,0.09,0.04,0,0
vda,2.80,0.00,0.01,0,0
vda,8.80,0.00,0.05,0,0
vda,10.40,0.05,0.01,0,0
vda,2.00,0.00,0.01,0,0
vda,0.00,0.00,0.00,0,0
vda,3.00,0.00,0.01,0,0
vda,10.00,0.00,0.04,0,0
vda,1.80,0.00,0.01,0,0
