vda,29.40,0.07,0.12,0,0
vda,3.80,0.00,0.02,0,0
vda,1.80,0.00,0.01,0,0
vda,2.00,0.00,0.01,0,0
vda,1.80,0.00,0.01,0,0
vda,1.80,0.00,0.01,0,0
vda,3.60,0.00,0.02,0,0
vda,426.40,5.27,0.02,26,0
vda,442.40,5.55,0.05,27,0
vda,18.00,0.15,0.02,0,0
vda,143.00,1.32,0.02,6,0
vda,8.40,0.00,0.03,0,0
vda,14.00,0.00,0.06,0,0
vda,8.80,0.09,0.05,0,0
vda,9.60,0.00,0.04,0,0
vda,8.80,0.00,0.06,0,0
vda,1.80,0.00,0.01,0,0
vda,1.80,0.00,0.01,0,0
vda,3.00,0.00,0.01,0,0
vda,2.60,0.00,0.01,0,0
vda,3.40,0.00,0.01,0,0
vda,1.80,0.00,0.01,0,0
vda,3.20,0.00,0.01,0,0
vda,2.00,0.00,0.01,0,0
vda,3.00,0.00,0.01,0,0
vda,9.60,0.00,0.04,0,0
vda,1.80,0.00,0.01,0,0
vda,2.00,0.00,0.01,0,0
