vda,22.00,0.00,0.10,0,0
vda,3.60,0.00,0.01,0,0
vda,32.00,0.34,0.01,1,0
vda,12.20,0.00,0.05,0,0
vda,2.60,0.00,0.01,0,0
vda,2.00,0.00,0.01,0,0
vda,1.80,0.00,0.01,0,0
vda,1.80,0.00,0.01,0,0
vda,1.80,0.00,0.01,0,0
vda,2.60,0.00,0.01,0,0
vda,3.20,0.00,0.01,0,0
vda,11.20,0.00,0.05,0,0
vda,323.00,3.96,0.02,19,0
vda,406.40,5.22,0.02,26,0
vda,210.20,11.67,0.11,58,0
vda,13.00,1.69,0.03,8,0
vda,142.00,1.30,0.02,6,0
vda,20.60,0.03,1.43,0,7
vda,13.60,0.00,0.05,0,0
vda,10.60,0.00,0.04,0,0
vda,9.40,0.00,0.04,0,0
vda,10.80,0.00,0.04,0,0
vda,9.60,0.09,0.05,0,0
vda,1.80,0.00,0.01,0,0
vda,3.00,0.00,0.01,0,0
vda,7.80,0.00,0.04,0,0
vda,1.80,0.00,0.01,0,0
vda,8.80,0.00,0.04,0,0
vda,0.00,0.00,0.00,0,0
vda,2.20,0.00,0.01,0,0
vda,7.20,0.00,0.03,0,0
