vda,22.40,0.00,0.10,0,0
vda,33.80,0.33,0.02,1,0
vda,2.00,0.00,0.01,0,0
vda,0.00,0.00,0.00,0,0
vda,1.80,0.00,0.01,0,0
vda,2.60,0.00,0.01,0,0
vda,2.60,0.00,0.01,0,0
vda,10.60,0.00,0.04,0,0
vda,2.00,0.00,0.01,0,0
vda,1.80,0.00,0.01,0,0
vda,3.40,0.00,0.02,0,0
vda,14.40,0.00,0.06,0,0
vda,285.60,3.48,0.02,17,0
vda,366.00,4.10,0.02,20,0
vda,289.00,20.37,0.01,101,0
vda,61.20,16.74,0.00,83,0
vda,30.80,6.24,0.01,31,0
vda,132.40,1.13,0.02,5,0
vda,5.00,0.00,0.03,0,0
vda,11.40,0.03,0.11,0,0
vda,4.40,0.00,0.02,0,0
vda,4.60,0.00,0.02,0,0
vda,8.00,0.00,0.03,0,0
vda,8.60,0.00,1.48,0,7
vda,6.20,0.00,1.49,0,7
vda,12.40,0.00,0.05,0,0
vda,3.60,0.00,0.04,0,0
vda,4.40,0.00,0.02,0,0
vda,13.60,0.00,0.06,0,0
vda,5.00,0.00,0.02,0,0
vda,5.00,0.00,0.02,0,0
vda,4.60,0.00,0.02,0,0
vda,7.60,0.00,1.51,0,7
vda,13.80,0.00,2.33,0,11
vda,9.00,0.00,0.04,0,0
vda,4.20,0.00,0.02,0,0
vda,5.40,0.00,0.02,0,0
vda,4.60,0.00,0.02,0,0
vda,16.40,0.00,0.07,0,0
vda,2.20,0.00,0.01,0,0
vda,8.00,0.08,0.04,0,0
vda,9.40,0.00,0.04,0,0
vda,4.00,0.00,0.02,0,0
vda,2.00,0.00,0.01,0,0
vda,0.00,0.00,0.00,0,0
vda,2.00,0.00,0.01,0,0
vda,2.60,0.00,0.01,0,0
vda,8.00,0.00,0.04,0,0
vda,9.20,0.00,0.04,0,0
