vda,6.60,0.00,0.03,0,0
vda,1.40,0.00,0.01,0,0
vda,1.60,0.00,0.01,0,0
vda,10.40,0.00,0.04,0,0
vda,121.20,0.00,0.48,0,2
vda,12.60,0.00,0.05,0,0
vda,12.60,0.00,0.24,0,1
vda,3.00,0.00,0.01,0,0
vda,0.00,0.00,0.00,0,0
vda,2.80,0.00,0.01,0,0
vda,7.80,0.00,0.03,0,0
vda,6.60,0.00,0.04,0,0
vda,28.80,0.00,0.11,0,0
vda,171.80,0.00,0.67,0,3
vda,9.00,2.03,0.01,10,0
vda,10.00,1.02,0.02,5,0
vda,9.00,0.00,0.04,0,0
vda,14.20,0.00,0.06,0,0
vda,25.00,0.00,0.34,0,1
vda,8.60,0.00,0.14,0,0
vda,18.80,0.00,0.07,0,0
vda,3.00,0.00,0.02,0,0
vda,176.00,0.00,0.69,0,3
vda,1.20,0.00,0.00,0,0
vda,5.40,0.00,0.02,0,0
vda,8.60,0.00,0.06,0,0
vda,8.20,0.00,0.03,0,0
