vda,10.20,0.00,117.60,0,588
vda,32.60,0.00,166.40,0,832
vda,33.60,0.00,140.80,0,704
vda,7.40,0.80,28.80,4,144
vda,51.60,0.00,234.40,0,1172
vda,53.20,0.00,256.80,0,1284
vda,34.60,0.00,158.40,0,792
vda,14.80,0.00,123.20,0,616
vda,0.40,0.00,4.00,0,20
vda,11.00,0.00,51.20,0,256
vda,60.60,0.00,276.00,0,1380
vda,0.20,0.00,8.00,0,40
vda,2.60,1.60,19.20,8,96
vda,22.75,0.00,120.56,0,604
vda,21.00,0.00,92.80,0,464
vda,66.60,0.00,302.40,0,1512
vda,53.40,0.80,434.40,4,2172
vda,26.20,0.00,134.40,0,672
vda,1.40,0.00,16.00,0,80
vda,12.80,0.00,56.00,0,280
vda,24.80,1.60,136.80,8,684
vda,0.40,0.00,13.60,0,68
vda,7.20,2.40,62.40,12,312
vda,43.00,0.00,188.80,0,944
vda,11.20,0.00,54.40,0,272
vda,46.20,0.00,226.40,0,1132
vda,15.60,0.00,66.40,0,332
vda,15.80,0.00,579.20,0,2896
vda,39.20,0.00,198.40,0,992
vda,18.20,0.00,75.20,0,376
vda,38.80,0.00,225.60,0,1128
vda,33.20,0.00,145.60,0,728
vda,27.40,0.00,147.20,0,736
vda,19.80,0.00,92.80,0,464
vda,30.80,0.00,310.40,0,1552
vda,45.40,0.00,216.00,0,1080
vda,31.00,0.00,175.20,0,876
vda,9.20,0.00,36.80,0,184
vda,34.60,0.00,147.20,0,736
vda,52.60,0.00,228.80,0,1144
vda,14.80,0.80,405.60,4,2028
vda,32.20,0.00,139.20,0,696
vda,22.00,0.00,118.40,0,592
vda,33.20,0.80,149.60,4,748
vda,0.40,0.00,8.00,0,40
vda,1.00,0.80,32.80,4,164
vda,39.40,0.00,160.00,0,800
vda,41.60,0.00,201.60,0,1008
vda,21.08,0.00,324.33,0,3292
vda,54.80,0.80,302.40,4,1512
vda,1.60,0.00,6.40,0,32
vda,48.20,0.00,227.20,0,1136
vda,32.80,0.00,214.40,0,1072
vda,0.60,0.00,39.20,0,196
vda,3.40,0.00,13.60,0,68
vda,66.20,0.00,280.00,0,1400
vda,48.80,0.80,206.40,4,1032
vda,0.40,0.00,32.00,0,160
