vda,1.20,0.00,0.01,0,0
vda,25.80,0.00,0.12,0,0
vda,4.20,0.00,0.02,0,0
vda,0.00,0.00,0.00,0,0
vda,2.00,0.00,0.01,0,0
vda,1.80,0.00,0.01,0,0
vda,6.00,0.00,0.03,0,0
vda,432.60,5.37,0.02,26,0
vda,437.40,5.49,0.06,27,0
vda,26.80,0.25,0.01,1,0
vda,138.40,1.20,0.03,6,0
vda,0.00,0.00,0.00,0,0
vda,15.00,0.09,0.07,0,0
vda,6.60,0.00,0.03,0,0
vda,2.20,0.00,0.01,0,0
vda,7.20,0.00,0.07,0,0
vda,1.80,0.00,0.01,0,0
vda,4.00,0.00,0.02,0,0
vda,2.60,0.00,0.01,0,0
vda,2.40,0.00,0.01,0,0
vda,2.20,0.00,0.01,0,0
vda,0.00,0.00,0.00,0,0
vda,2.80,0.00,0.01,0,0
vda,8.80,0.00,0.04,0,0
vda,2.60,0.00,0.01,0,0
vda,2.40,0.00,0.01,0,0
