vda,23.60,0.00,0.09,0,0
vda,6.40,0.00,0.22,0,1
vda,10.00,0.00,0.04,0,0
vda,118.80,0.00,0.47,0,2
vda,1.80,0.00,0.01,0,0
vda,2.00,0.00,0.01,0,0
vda,9.40,0.00,0.04,0,0
vda,17.80,0.00,0.07,0,0
vda,2.00,0.00,0.01,0,0
vda,2.80,0.00,0.01,0,0
vda,5.20,0.00,0.02,0,0
vda,10.80,0.01,0.04,0,0
vda,175.40,0.01,0.68,0,3
vda,26.20,0.00,0.32,0,1
vda,3.40,0.00,0.01,0,0
vda,18.60,0.00,0.08,0,0
vda,4.40,0.00,0.02,0,0
vda,149.20,0.00,0.69,0,3
vda,10.60,0.00,0.04,0,0
vda,4.60,0.00,0.02,0,0
vda,3.79,0.00,0.01,0,0
vda,194.40,0.00,0.83,0,4
vda,3.60,0.00,0.01,0,0
vda,3.80,0.00,0.01,0,0
vda,6.20,0.00,0.02,0,0
vda,15.80,0.00,0.26,0,1
vda,2.60,0.00,0.01,0,0
vda,137.20,0.00,0.59,0,2
vda,2.00,0.00,0.01,0,0
vda,0.20,0.00,0.00,0,0
vda,203.80,0.00,0.81,0,4
vda,5.80,0.00,0.02,0,0
vda,1.40,0.00,0.01,0,0
vda,1.20,0.00,0.00,0,0
vda,144.00,0.03,0.57,0,2
vda,2.40,0.00,0.01,0,0
vda,0.00,0.00,0.00,0,0
vda,11.80,0.00,0.24,0,1
