vda,31.60,0.34,0.01,1,0
vda,23.00,0.00,0.11,0,0
vda,0.00,0.00,0.00,0,0
vda,0.80,0.00,0.00,0,0
vda,0.80,0.00,0.01,0,0
vda,3.40,0.00,0.01,0,0
vda,1.80,0.00,0.01,0,0
vda,357.60,4.41,0.01,22,0
vda,338.80,4.33,0.02,21,0
vda,178.00,2.15,0.02,10,0
vda,24.00,0.10,0.13,0,0
vda,4.80,0.01,0.01,0,0
vda,0.40,0.00,0.00,0,0
vda,1.20,0.00,0.00,0,0
vda,2.40,0.00,0.01,0,0
vda,0.00,0.00,0.00,0,0
vda,140.00,1.32,0.01,6,0
vda,18.00,0.09,0.10,0,0
vda,6.00,0.00,0.02,0,0
vda,0.00,0.00,0.00,0,0
vda,2.40,0.00,0.01,0,0
vda,0.00,0.00,0.00,0,0
vda,1.60,0.00,0.01,0,0
vda,1.00,0.00,0.00,0,0
vda,4.80,0.00,0.02,0,0
vda,0.80,0.00,0.00,0,0
vda,7.20,0.00,0.03,0,0
