vda,19.20,0.00,0.09,0,0
vda,3.40,0.00,0.01,0,0
vda,2.20,0.00,0.01,0,0
vda,24.55,0.21,0.07,1,0
vda,2.80,0.00,0.01,0,0
vda,2.40,0.00,0.01,0,0
vda,13.20,0.00,0.06,0,0
vda,441.20,5.39,0.02,26,0
vda,422.40,5.42,0.02,27,0
vda,36.60,0.18,0.13,0,0
vda,145.60,1.33,0.03,6,0
vda,16.40,0.09,0.07,0,0
vda,6.20,0.00,0.02,0,0
vda,6.00,0.00,0.07,0,0
vda,5.60,0.00,0.02,0,0
vda,0.00,0.00,0.00,0,0
vda,2.20,0.00,0.01,0,0
vda,2.00,0.00,0.01,0,0
vda,1.80,0.00,0.01,0,0
vda,0.80,0.00,0.01,0,0
vda,11.00,0.00,0.05,0,0
vda,2.00,0.00,0.01,0,0
vda,2.00,0.00,0.01,0,0
vda,0.00,0.00,0.00,0,0
vda,1.80,0.00,0.01,0,0
vda,2.60,0.00,0.01,0,0
