vda,32.40,0.34,0.01,1,0
vda,2.00,0.00,0.01,0,0
vda,0.00,0.00,0.00,0,0
vda,2.60,0.00,0.01,0,0
vda,4.20,0.00,0.02,0,0
vda,2.00,0.00,0.01,0,0
vda,18.60,0.00,0.09,0,0
vda,3.00,0.00,0.01,0,0
vda,1.80,0.00,0.01,0,0
vda,2.60,0.00,0.01,0,0
vda,2.80,0.00,0.01,0,0
vda,4.00,0.00,0.02,0,0
vda,367.80,4.49,0.02,22,0
vda,390.40,5.16,0.02,25,0
vda,135.80,2.59,0.02,12,0
vda,139.00,1.33,0.01,6,0
vda,14.80,0.00,0.06,0,0
vda,15.20,0.09,0.07,0,0
vda,5.80,0.00,0.02,0,0
vda,9.20,0.00,0.07,0,0
vda,2.60,0.00,0.01,0,0
vda,2.40,0.00,0.01,0,0
vda,2.20,0.00,0.01,0,0
vda,0.00,0.00,0.00,0,0
vda,2.00,0.00,0.01,0,0
vda,9.00,0.00,0.04,0,0
