vda,0.40,0.00,0.00,0,0
vda,48.20,0.11,0.11,0,0
vda,3.40,0.00,0.01,0,0
vda,2.00,0.00,0.01,0,0
vda,5.00,0.00,0.03,0,0
vda,2.20,0.00,0.01,0,0
vda,2.00,0.00,0.01,0,0
vda,1.80,0.00,0.01,0,0
vda,1.80,0.00,0.01,0,0
vda,11.60,0.00,0.05,0,0
vda,2.60,0.00,0.01,0,0
vda,11.00,0.00,0.05,0,0
vda,378.00,4.62,0.02,23,0
vda,426.20,5.54,0.05,27,0
vda,145.20,23.95,0.01,119,0
vda,44.80,12.39,0.10,61,0
vda,67.00,17.70,0.02,88,0
vda,127.40,1.13,0.00,5,0
vda,9.80,0.02,1.65,0,8
vda,11.20,0.00,0.61,0,3
vda,1.40,0.03,0.00,0,0
vda,5.80,0.00,0.02,0,0
vda,3.80,0.00,0.01,0,0
vda,4.40,0.00,0.02,0,0
vda,42.80,0.09,8.14,0,40
vda,9.40,0.00,3.00,0,14
vda,4.80,0.00,0.02,0,0
vda,12.20,0.00,0.05,0,0
vda,7.20,0.00,0.03,0,0
vda,5.60,0.00,0.02,0,0
vda,24.60,0.00,9.73,0,48
vda,8.40,0.00,3.69,0,18
vda,5.40,0.00,0.02,0,0
vda,10.00,0.00,0.04,0,0
vda,5.00,0.00,0.02,0,0
vda,3.80,0.00,0.01,0,0
vda,19.00,0.00,9.69,0,48
vda,7.80,0.00,3.71,0,18
vda,5.20,0.00,0.02,0,0
vda,9.20,0.00,0.03,0,0
vda,3.60,0.00,0.01,0,0
vda,4.20,0.00,0.02,0,0
vda,13.80,0.00,2.48,0,12
vda,20.20,0.00,10.95,0,54
vda,9.40,0.00,0.04,0,0
vda,3.60,0.00,0.01,0,0
vda,3.60,0.00,0.01,0,0
vda,8.00,0.00,0.03,0,0
vda,3.60,0.00,0.02,0,0
vda,9.60,0.00,0.06,0,0
vda,2.40,0.00,0.01,0,0
vda,8.60,0.08,0.03,0,0
vda,0.00,0.00,0.00,0,0
vda,1.80,0.00,0.01,0,0
vda,10.20,0.00,0.04,0,0
vda,0.00,0.00,0.00,0,0
vda,8.20,0.00,0.04,0,0
vda,3.60,0.00,0.01,0,0
vda,2.00,0.00,0.01,0,0
vda,1.80,0.00,0.01,0,0
