vda,107.60,0.00,0.62,0,3
vda,6.60,0.00,0.05,0,0
vda,3.40,0.00,0.01,0,0
vda,39.60,0.00,0.15,0,0
vda,20.20,0.00,0.08,0,0
vda,5.40,0.00,0.02,0,0
vda,2.00,0.00,0.01,0,0
vda,2.80,0.00,0.01,0,0
vda,3.20,0.00,0.01,0,0
vda,148.00,0.00,0.58,0,2
vda,2.20,0.00,0.01,0,0
vda,23.80,0.00,0.09,0,0
vda,21.00,0.00,0.08,0,0
vda,16.20,0.00,0.26,0,1
vda,7.00,0.00,0.03,0,0
vda,11.80,0.00,0.07,0,0
vda,9.40,0.00,0.05,0,0
vda,147.40,0.00,0.58,0,2
vda,2.40,0.00,0.01,0,0
vda,25.00,0.00,0.20,0,1
vda,36.80,0.00,0.14,0,0
vda,5.00,0.00,0.02,0,0
vda,8.60,0.00,0.07,0,0
vda,1.80,0.00,0.01,0,0
vda,139.40,0.00,0.56,0,2
vda,6.60,0.00,0.22,0,1
