vda,4.40,0.07,0.01,0,0
vda,24.80,0.00,0.12,0,0
vda,2.20,0.00,0.01,0,0
vda,1.80,0.00,0.01,0,0
vda,1.80,0.00,0.01,0,0
vda,1.80,0.00,0.01,0,0
vda,2.20,0.00,0.01,0,0
vda,3.00,0.00,0.01,0,0
vda,2.20,0.00,0.01,0,0
vda,4.60,0.00,0.02,0,0
vda,2.00,0.00,0.01,0,0
vda,0.00,0.00,0.00,0,0
vda,260.40,3.24,0.01,16,0
vda,255.40,2.96,0.02,14,0
vda,286.40,3.96,0.02,19,0
vda,230.20,2.17,0.05,10,0
vda,15.40,0.00,0.06,0,0
vda,8.20,0.09,0.04,0,0
vda,2.80,0.00,0.01,0,0
vda,1.80,0.00,0.01,0,0
vda,2.80,0.00,0.01,0,0
vda,2.40,0.00,0.01,0,0
vda,1.80,0.00,0.01,0,0
vda,16.20,0.00,0.08,0,0
vda,1.80,0.00,0.01,0,0
vda,2.40,0.00,0.01,0,0
