vda,2.60,0.00,0.01,0,0
vda,2.60,0.00,0.01,0,0
vda,1.00,0.00,0.00,0,0
vda,1.00,0.00,0.01,0,0
vda,1.00,0.00,0.00,0,0
vda,0.00,0.00,0.00,0,0
vda,19.20,0.00,0.09,0,0
vda,4.20,0.00,0.02,0,0
vda,26.20,8.80,0.02,44,0
vda,25.80,9.60,0.01,48,0
vda,20.20,6.80,0.01,34,0
vda,26.00,4.40,0.13,22,0
vda,23.20,8.00,0.01,40,0
vda,3.60,0.00,0.01,0,0
vda,9.00,0.00,1.35,0,6
vda,4.60,0.00,0.02,0,0
vda,0.20,0.00,0.00,0,0
vda,3.00,0.00,0.01,0,0
vda,4.40,0.00,0.02,0,0
vda,4.20,0.00,0.02,0,0
vda,26.80,0.00,15.76,0,78
vda,6.20,0.00,0.02,0,0
vda,4.40,0.00,0.02,0,0
vda,4.20,0.00,0.02,0,0
vda,3.80,0.00,0.01,0,0
vda,0.00,0.00,0.00,0,0
vda,5.20,0.00,0.03,0,0
vda,25.20,0.00,16.49,0,82
vda,15.60,0.00,0.06,0,0
vda,6.20,0.00,0.02,0,0
vda,4.80,0.00,0.02,0,0
vda,9.40,0.00,0.04,0,0
vda,4.00,0.00,0.02,0,0
vda,5.20,0.00,0.03,0,0
vda,8.40,0.00,1.95,0,9
vda,12.80,0.00,4.08,0,20
vda,6.20,0.00,1.93,0,9
vda,6.20,0.00,2.69,0,13
vda,10.40,0.00,3.29,0,16
vda,0.60,0.00,0.01,0,0
vda,3.80,0.00,0.01,0,0
vda,0.20,0.00,0.00,0,0
vda,5.60,0.00,0.03,0,0
vda,0.00,0.00,0.00,0,0
vda,6.60,0.00,0.03,0,0
vda,2.80,0.00,0.01,0,0
vda,1.00,0.00,0.00,0,0
vda,2.20,0.00,0.01,0,0
