vda,0.40,0.00,0.00,0,0
vda,1.80,0.00,0.01,0,0
vda,0.00,0.00,0.00,0,0
vda,0.60,0.00,0.00,0,0
vda,0.80,0.00,0.01,0,0
vda,2.60,0.00,0.01,0,0
vda,15.20,0.00,0.07,0,0
vda,429.80,7.67,0.02,38,0
vda,329.00,4.08,0.02,20,0
vda,151.80,22.44,0.00,112,0
vda,76.00,19.10,0.13,95,0
vda,57.60,19.76,0.02,98,0
vda,52.00,19.29,0.01,96,0
vda,72.40,25.43,0.04,127,0
vda,68.00,26.20,0.00,131,0
vda,69.00,24.61,0.03,123,0
vda,68.80,24.20,0.04,120,0
vda,59.00,21.01,0.01,105,0
vda,69.80,23.48,0.03,117,0
vda,65.20,23.03,0.01,115,0
vda,67.60,21.73,0.06,108,0
vda,65.60,23.78,0.01,118,0
vda,26.60,8.44,0.03,42,0
vda,2.20,0.00,0.01,0,0
vda,2.80,0.00,0.02,0,0
vda,13.60,0.16,0.01,0,0
vda,147.80,1.20,0.03,6,0
vda,15.40,0.00,4.76,0,23
vda,28.94,0.05,7.90,0,39
vda,14.20,0.28,0.03,1,0
vda,35.40,0.00,9.98,0,49
vda,7.80,0.02,0.02,0,0
vda,24.60,0.00,4.57,0,22
vda,18.80,0.00,4.58,0,22
vda,0.00,0.00,0.00,0,0
vda,22.00,0.00,9.01,0,45
vda,15.40,0.03,4.49,0,22
vda,7.00,0.00,0.03,0,0
vda,29.00,0.00,12.27,0,61
vda,14.60,0.10,0.05,0,0
vda,39.60,0.00,12.30,0,61
vda,24.00,0.00,5.95,0,29
vda,5.40,0.00,0.02,0,0
vda,36.40,0.00,11.37,0,56
vda,0.20,0.00,0.00,0,0
vda,17.00,0.00,5.67,0,28
vda,24.00,0.00,5.76,0,28
vda,30.20,0.03,5.39,0,26
vda,146.20,1.89,10.74,9,53
vda,6.20,0.00,0.02,0,0
vda,36.20,0.00,11.67,0,58
vda,6.60,0.00,0.03,0,0
vda,2.60,0.01,0.00,0,0
vda,31.20,0.30,0.01,1,0
vda,7.80,0.00,0.03,0,0
vda,0.00,0.00,0.00,0,0
vda,1.20,0.00,0.01,0,0
vda,16.00,0.00,0.08,0,0
vda,0.80,0.00,0.00,0,0
vda,0.40,0.00,0.00,0,0
vda,0.80,0.00,0.00,0,0
vda,0.00,0.00,0.00,0,0
vda,1.20,0.00,0.01,0,0
