vda,1.20,0.00,0.01,0,0
vda,26.75,0.00,0.11,0,0
vda,2.60,0.00,0.01,0,0
vda,29.80,0.27,0.01,1,0
vda,3.80,0.07,0.01,0,0
vda,2.00,0.00,0.01,0,0
vda,3.40,0.00,0.02,0,0
vda,2.00,0.00,0.01,0,0
vda,0.00,0.00,0.00,0,0
vda,4.60,0.00,0.02,0,0
vda,9.00,0.00,0.04,0,0
vda,1.80,0.00,0.01,0,0
vda,326.20,3.98,0.02,19,0
vda,195.20,2.23,0.01,11,0
vda,356.20,4.70,0.02,23,0
vda,13.20,0.10,0.01,0,0
vda,146.00,1.34,0.03,6,0
vda,14.80,0.00,0.07,0,0
vda,14.20,0.00,0.06,0,0
vda,8.60,0.09,0.04,0,0
vda,6.80,0.00,0.03,0,0
vda,2.20,0.00,0.01,0,0
vda,2.40,0.00,0.01,0,0
vda,2.20,0.00,0.01,0,0
vda,9.00,0.00,0.06,0,0
vda,3.40,0.00,0.01,0,0
vda,1.80,0.00,0.01,0,0
vda,2.20,0.00,0.01,0,0
