vda,2.00,0.00,0.01,0,0
vda,30.40,0.33,0.01,1,0
vda,1.00,0.00,0.00,0,0
vda,0.00,0.00,0.00,0,0
vda,0.60,0.00,0.00,0,0
vda,1.60,0.00,0.01,0,0
vda,23.60,0.00,0.11,0,0
vda,352.80,4.39,0.01,21,0
vda,364.80,4.72,0.01,23,0
vda,183.80,12.00,0.02,59,0
vda,19.00,2.80,0.01,14,0
vda,3.80,0.00,0.02,0,0
vda,1.60,0.00,0.01,0,0
vda,6.40,0.00,0.03,0,0
vda,125.20,1.18,0.01,5,0
vda,16.60,0.10,0.07,0,0
vda,3.60,0.01,0.01,0,0
vda,12.80,0.03,0.05,0,0
vda,9.20,0.00,0.04,0,0
vda,7.60,0.00,0.06,0,0
vda,4.00,0.00,0.02,0,0
vda,3.80,0.00,0.01,0,0
vda,4.60,0.00,0.02,0,0
vda,0.20,0.00,0.00,0,0
vda,5.80,0.00,0.02,0,0
vda,4.59,0.00,0.02,0,0
vda,5.00,0.00,0.04,0,0
vda,2.40,0.00,0.01,0,0
vda,19.60,0.00,5.70,0,28
vda,7.00,0.00,0.03,0,0
vda,0.80,0.00,0.00,0,0
vda,6.40,0.00,0.03,0,0
vda,1.20,0.00,0.00,0,0
vda,0.00,0.00,0.00,0,0
vda,5.80,0.00,0.03,0,0
vda,7.20,0.00,0.04,0,0
vda,2.20,0.00,0.01,0,0
vda,17.00,0.00,1.95,0,9
vda,2.80,0.00,0.01,0,0
vda,3.40,0.00,0.01,0,0
vda,0.80,0.00,0.00,0,0
vda,3.40,0.00,0.01,0,0
vda,2.80,0.00,0.01,0,0
vda,1.20,0.00,0.01,0,0
vda,5.40,0.00,0.03,0,0
vda,2.20,0.08,0.01,0,0
vda,6.00,0.00,0.02,0,0
vda,0.00,0.00,0.00,0,0
vda,7.60,0.00,0.03,0,0
vda,1.20,0.00,0.01,0,0
vda,1.00,0.00,0.00,0,0
vda,5.80,0.00,0.03,0,0
vda,1.60,0.00,0.01,0,0
vda,0.00,0.00,0.00,0,0
