vda,0.60,0.00,0.00,0,0
vda,1.60,0.00,0.01,0,0
vda,0.00,0.00,0.00,0,0
vda,30.80,0.34,0.01,1,0
vda,0.80,0.00,0.01,0,0
vda,25.20,0.00,0.12,0,0
vda,2.20,0.00,0.01,0,0
vda,295.00,3.76,0.00,18,0
vda,348.40,3.92,0.01,19,0
vda,251.60,11.85,0.02,59,0
vda,27.40,5.62,0.02,28,0
vda,5.60,0.62,0.01,3,0
vda,1.40,0.60,0.00,2,0
vda,9.40,0.00,0.05,0,0
vda,16.17,5.24,0.00,26,0
vda,24.00,5.20,0.10,26,0
vda,140.40,1.32,0.01,6,0
vda,14.20,0.09,0.06,0,0
vda,6.00,0.00,0.02,0,0
vda,0.00,0.00,0.00,0,0
vda,7.40,0.00,0.06,0,0
vda,1.80,0.00,0.01,0,0
vda,0.00,0.00,0.00,0,0
vda,2.60,0.00,0.01,0,0
vda,1.20,0.00,0.00,0,0
vda,8.40,0.00,0.03,0,0
vda,0.80,0.00,0.01,0,0
