vda,28.20,0.07,0.12,0,0
vda,1.40,0.00,0.01,0,0
vda,0.00,0.00,0.00,0,0
vda,0.60,0.00,0.00,0,0
vda,1.60,0.01,0.01,0,0
vda,1.00,0.00,0.00,0,0
vda,1.40,0.00,0.01,0,0
vda,1.40,0.00,0.01,0,0
vda,29.40,9.17,0.02,45,0
vda,48.40,17.04,0.02,85,0
vda,8.20,1.65,0.01,8,0
vda,24.20,6.06,0.03,30,0
vda,25.20,8.75,0.01,43,0
vda,27.20,10.68,0.00,53,0
vda,24.20,5.01,0.10,25,0
vda,22.40,7.03,0.02,35,0
vda,6.80,1.59,0.01,7,0
vda,4.00,0.00,0.02,0,0
vda,0.00,0.00,0.00,0,0
vda,3.80,0.00,0.01,0,0
vda,11.20,0.00,0.05,0,0
vda,3.00,0.00,0.02,0,0
vda,18.40,0.00,10.52,0,52
vda,10.00,0.00,3.92,0,19
vda,4.20,0.00,0.02,0,0
vda,14.00,0.00,0.05,0,0
vda,6.40,0.00,0.03,0,0
vda,0.20,0.00,0.00,0,0
vda,3.80,0.00,0.02,0,0
vda,9.40,0.00,0.08,0,0
vda,13.00,0.00,0.05,0,0
vda,0.00,0.00,0.00,0,0
vda,6.80,0.00,4.56,0,22
vda,10.60,0.00,6.82,0,34
vda,8.20,0.00,0.04,0,0
vda,8.20,0.00,4.58,0,22
vda,13.20,0.00,6.83,0,34
vda,10.60,0.00,0.05,0,0
vda,0.00,0.00,0.00,0,0
vda,24.40,0.00,16.87,0,84
vda,13.20,0.00,7.05,0,35
vda,4.40,0.00,0.02,0,0
vda,2.40,0.01,0.01,0,0
vda,5.60,0.00,0.02,0,0
vda,3.20,0.00,0.01,0,0
vda,1.80,0.00,0.01,0,0
vda,15.60,0.00,0.06,0,0
vda,10.80,0.00,0.07,0,0
vda,9.60,0.00,0.04,0,0
vda,26.60,0.00,16.85,0,84
vda,12.40,0.00,7.07,0,35
vda,4.20,0.04,0.01,0,0
vda,2.60,0.02,0.01,0,0
vda,8.40,0.00,0.03,0,0
vda,0.00,0.00,0.00,0,0
vda,3.60,0.00,1.13,0,5
vda,9.40,0.00,0.04,0,0
vda,0.00,0.00,0.00,0,0
vda,0.60,0.00,0.00,0,0
vda,0.00,0.00,0.00,0,0
vda,3.20,0.00,0.01,0,0
vda,2.20,0.00,0.01,0,0
vda,1.20,0.00,0.00,0,0
vda,5.20,0.00,0.03,0,0
