vda,15.80,0.00,0.09,0,0
vda,1.20,0.00,0.00,0,0
vda,0.00,0.00,0.00,0,0
vda,0.60,0.00,0.00,0,0
vda,0.00,0.00,0.00,0,0
vda,0.60,0.00,0.00,0,0
vda,0.80,0.00,0.01,0,0
vda,7.00,0.00,0.03,0,0
vda,6.40,0.00,0.03,0,0
vda,2.40,0.00,0.01,0,0
vda,2.80,0.00,0.01,0,0
vda,15.60,0.76,0.01,3,0
vda,9.40,0.38,0.02,1,0
vda,10.00,0.38,0.02,1,0
vda,9.00,0.00,0.11,0,0
vda,3.60,0.00,0.01,0,0
vda,23.60,6.38,0.01,31,0
vda,151.60,14.72,0.04,73,0
vda,173.20,10.96,0.02,54,0
vda,107.40,6.81,0.01,34,0
vda,3.20,0.00,0.02,0,0
vda,7.40,0.00,0.05,0,0
vda,14.60,0.00,0.06,0,0
vda,6.00,0.00,0.02,0,0
vda,4.80,0.00,0.02,0,0
vda,14.40,0.00,11.19,0,55
vda,15.40,0.00,13.99,0,69
vda,0.00,0.00,0.00,0,0
vda,7.20,0.00,0.03,0,0
vda,4.80,0.00,0.02,0,0
vda,17.20,0.00,0.07,0,0
vda,4.40,0.00,0.03,0,0
vda,12.60,0.00,0.09,0,0
vda,5.40,0.00,0.02,0,0
vda,4.00,0.00,0.02,0,0
vda,5.20,0.00,0.02,0,0
vda,36.40,0.00,25.43,0,127
vda,20.80,0.00,21.59,0,107
vda,3.80,0.00,0.01,0,0
vda,6.00,0.00,0.02,0,0
vda,10.40,0.00,0.04,0,0
vda,0.00,0.00,0.00,0,0
vda,2.20,0.00,0.01,0,0
vda,5.60,0.00,3.80,0,19
vda,14.77,0.00,2.36,0,11
vda,10.60,0.00,10.17,0,50
vda,7.60,0.00,9.15,0,45
vda,12.20,0.00,3.82,0,19
vda,7.60,0.00,0.03,0,0
vda,14.40,0.00,6.71,0,33
vda,14.20,0.00,10.32,0,51
vda,19.60,0.00,8.44,0,42
vda,8.00,0.00,0.03,0,0
vda,12.00,0.00,8.95,0,44
vda,18.20,0.00,0.07,0,0
vda,7.80,0.00,0.04,0,0
vda,7.80,0.00,2.30,0,11
vda,16.00,0.00,9.02,0,45
vda,14.60,0.00,10.34,0,51
vda,13.80,0.00,3.86,0,19
vda,15.60,0.00,4.49,0,22
vda,15.20,0.00,11.36,0,56
vda,11.00,0.00,9.54,0,47
vda,2.80,0.00,0.01,0,0
vda,9.20,0.00,0.04,0,0
vda,4.40,0.00,0.03,0,0
vda,5.60,0.00,0.04,0,0
vda,0.40,0.00,0.01,0,0
vda,2.20,0.00,0.01,0,0
vda,1.20,0.00,0.00,0,0
vda,0.20,0.00,0.00,0,0
vda,0.80,0.00,0.00,0,0
vda,0.60,0.00,0.00,0,0
