vda,0.60,0.00,0.00,0,0
vda,2.00,0.00,0.01,0,0
vda,49.40,0.27,0.09,1,0
vda,4.80,0.07,0.01,0,0
vda,1.20,0.00,0.00,0,0
vda,0.00,0.00,0.00,0,0
vda,0.60,0.00,0.00,0,0
vda,0.00,0.00,0.00,0,0
vda,1.40,0.00,0.01,0,0
vda,10.00,0.00,0.04,0,0
vda,0.80,0.00,0.00,0,0
vda,0.00,0.00,0.00,0,0
vda,271.06,3.38,0.01,16,0
vda,253.00,2.84,0.01,14,0
vda,229.80,3.33,0.02,16,0
vda,280.60,2.79,0.02,13,0
vda,24.20,0.03,0.17,0,0
vda,10.20,0.01,0.03,0,0
vda,13.60,0.00,0.05,0,0
vda,20.40,0.09,0.19,0,0
vda,7.60,0.00,0.03,0,0
vda,0.00,0.00,0.00,0,0
vda,1.80,0.00,0.01,0,0
vda,1.00,0.00,0.00,0,0
vda,9.00,0.00,0.04,0,0
vda,0.80,0.00,0.01,0,0
vda,8.80,0.00,0.04,0,0
vda,1.60,0.00,0.01,0,0
vda,0.00,0.00,0.00,0,0
