vda,0.20,0.00,0.00,0,0
vda,1.40,0.00,0.01,0,0
vda,0.60,0.00,0.00,0,0
vda,0.00,0.00,0.00,0,0
vda,0.60,0.00,0.00,0,0
vda,0.80,0.00,0.01,0,0
vda,23.40,0.00,0.11,0,0
vda,4.40,0.00,0.02,0,0
vda,2.40,0.00,0.01,0,0
vda,4.80,0.00,0.02,0,0
vda,3.80,0.00,0.01,0,0
vda,0.40,0.00,0.01,0,0
vda,3.20,0.00,0.01,0,0
vda,3.60,0.00,0.02,0,0
vda,9.40,0.00,0.05,0,0
vda,8.00,0.00,0.08,0,0
vda,9.80,0.00,0.04,0,0
vda,5.80,0.00,1.00,0,4
vda,0.00,0.00,0.00,0,0
vda,4.40,0.00,0.02,0,0
vda,10.20,0.00,0.05,0,0
vda,8.40,0.00,0.06,0,0
vda,0.00,0.00,0.00,0,0
vda,4.80,0.00,0.02,0,0
vda,1.80,0.00,0.01,0,0
vda,7.00,0.00,0.03,0,0
vda,15.20,0.00,0.06,0,0
vda,0.60,0.00,0.01,0,0
vda,5.20,0.00,0.03,0,0
vda,7.20,0.00,0.03,0,0
vda,1.00,0.00,0.00,0,0
vda,14.40,0.00,0.06,0,0
vda,1.60,0.00,0.01,0,0
vda,0.00,0.00,0.00,0,0
vda,0.60,0.00,0.00,0,0
vda,0.00,0.00,0.00,0,0
vda,0.80,0.00,0.00,0,0
