vda,3.00,0.00,0.01,0,0
vda,0.00,0.00,0.00,0,0
vda,21.80,0.00,0.10,0,0
vda,0.80,0.00,0.01,0,0
vda,1.00,0.00,0.00,0,0
vda,0.00,0.00,0.00,0,0
vda,1.00,0.00,0.00,0,0
vda,147.00,1.90,0.03,9,0
vda,200.80,2.23,0.02,11,0
vda,104.20,33.61,0.01,168,0
vda,78.60,29.06,0.00,145,0
vda,70.80,26.20,0.01,131,0
vda,69.20,25.40,0.01,127,0
vda,72.20,26.60,0.02,132,0
vda,84.80,25.80,0.13,129,0
vda,72.80,26.58,0.02,132,0
vda,65.20,23.93,0.01,119,0
vda,68.80,25.70,0.01,128,0
vda,12.40,3.61,0.01,18,0
vda,8.00,0.11,0.02,0,0
vda,53.40,0.58,0.01,2,0
vda,8.60,0.02,0.04,0,0
vda,14.60,0.00,1.66,0,8
vda,13.00,0.00,7.25,0,36
vda,6.80,0.00,7.66,0,38
vda,3.20,0.00,0.01,0,0
vda,5.20,0.00,3.22,0,16
vda,8.80,0.00,7.97,0,39
vda,9.80,0.05,3.24,0,16
vda,14.80,0.00,7.82,0,39
vda,20.20,0.00,3.27,0,16
vda,7.40,0.00,7.88,0,39
vda,1.40,0.00,0.01,0,0
vda,0.80,0.00,0.00,0,0
vda,0.00,0.00,0.00,0,0
vda,0.60,0.00,0.00,0,0
vda,4.60,0.00,0.02,0,0
vda,16.20,0.02,0.06,0,0
vda,1.20,0.00,0.00,0,0
vda,22.40,0.00,3.30,0,16
vda,9.80,0.00,4.42,0,22
vda,8.00,0.00,3.51,0,17
vda,9.40,0.00,3.24,0,16
vda,4.20,0.00,7.84,0,39
vda,8.80,0.00,3.24,0,16
vda,6.60,0.00,7.78,0,38
vda,13.20,0.00,3.26,0,16
vda,2.60,0.00,7.94,0,39
vda,4.00,0.00,0.02,0,0
vda,0.00,0.00,0.00,0,0
vda,0.60,0.00,0.00,0,0
vda,0.00,0.00,0.00,0,0
vda,14.80,0.00,1.66,0,8
vda,4.20,0.00,3.87,0,19
vda,2.80,0.00,0.01,0,0
vda,0.00,0.00,0.00,0,0
vda,15.80,0.01,3.26,0,16
vda,4.60,0.00,7.90,0,39
vda,18.80,0.00,3.27,0,16
vda,10.00,0.00,7.86,0,39
vda,10.60,0.00,3.24,0,16
vda,9.20,0.00,7.78,0,38
vda,15.20,0.00,3.24,0,16
vda,15.40,0.00,7.96,0,39
vda,3.80,0.00,0.01,0,0
vda,3.60,0.04,0.01,0,0
vda,1.00,0.00,0.00,0,0
vda,8.60,0.00,0.03,0,0
vda,0.00,0.00,0.00,0,0
vda,17.20,0.00,2.74,0,13
vda,11.20,0.00,2.83,0,14
vda,1.80,0.00,0.01,0,0
vda,10.80,0.00,3.23,0,16
vda,15.00,0.00,7.92,0,39
vda,8.60,0.00,3.23,0,16
vda,10.40,0.00,7.87,0,39
vda,14.80,0.00,3.26,0,16
vda,7.39,0.00,7.77,0,38
vda,13.20,0.00,3.24,0,16
vda,14.60,0.00,7.96,0,39
vda,3.20,0.00,0.01,0,0
vda,0.00,0.00,0.00,0,0
vda,0.60,0.00,0.00,0,0
vda,0.00,0.00,0.00,0,0
vda,11.20,0.00,3.23,0,16
vda,5.00,0.00,2.27,0,11
vda,3.60,0.00,0.01,0,0
vda,3.80,0.00,0.01,0,0
vda,17.00,0.00,3.26,0,16
vda,16.40,0.00,7.92,0,39
vda,13.00,0.00,3.24,0,16
vda,17.60,0.00,7.86,0,39
vda,13.60,0.00,3.24,0,16
vda,14.40,0.00,7.78,0,38
vda,11.60,0.00,3.24,0,16
vda,21.40,0.04,7.98,0,39
vda,13.80,0.00,0.05,0,0
vda,0.00,0.00,0.00,0,0
vda,0.60,0.00,0.00,0,0
vda,0.40,0.02,0.00,0,0
vda,17.80,0.00,1.71,0,8
vda,9.80,0.00,3.87,0,19
vda,1.60,0.00,0.01,0,0
vda,12.80,0.15,0.01,0,0
vda,30.40,0.02,3.31,0,16
vda,21.20,0.00,7.92,0,39
vda,20.40,0.00,3.27,0,16
vda,11.00,0.00,7.86,0,39
vda,11.00,0.00,3.24,0,16
vda,7.20,0.00,7.78,0,38
vda,14.20,0.00,3.24,0,16
vda,8.60,0.00,4.01,0,20
vda,14.80,0.00,6.65,0,33
vda,42.60,0.81,0.01,4,0
vda,1.20,0.04,0.00,0,0
vda,1.00,0.00,0.00,0,0
vda,1.60,0.00,0.01,0,0
vda,12.00,0.00,0.06,0,0
vda,12.40,0.00,2.82,0,14
vda,32.60,0.00,3.32,0,16
vda,22.00,0.00,7.92,0,39
vda,13.40,0.00,3.24,0,16
vda,11.20,0.00,4.03,0,20
vda,11.40,0.00,6.62,0,33
vda,19.20,0.00,7.25,0,36
vda,14.20,0.00,6.54,0,32
vda,20.80,0.00,3.27,0,16
vda,17.20,0.00,7.91,0,39
vda,1.40,0.00,0.01,0,0
vda,0.80,0.00,0.00,0,0
vda,0.00,0.00,0.00,0,0
vda,0.60,0.00,0.00,0,0
vda,2.80,0.00,0.02,0,0
vda,5.40,0.00,0.03,0,0
vda,5.80,0.03,0.01,0,0
vda,21.80,0.00,3.27,0,16
vda,11.20,0.00,7.90,0,39
vda,16.20,0.00,3.25,0,16
vda,21.20,0.00,7.87,0,39
vda,17.20,0.00,3.25,0,16
vda,19.40,0.00,7.79,0,38
vda,13.60,0.00,3.23,0,16
vda,15.00,0.00,7.97,0,39
vda,3.20,0.00,0.01,0,0
vda,3.00,0.01,0.01,0,0
vda,1.60,0.01,0.01,0,0
vda,1.00,0.00,0.00,0,0
vda,1.60,0.00,0.01,0,0
vda,18.20,0.00,5.49,0,27
vda,3.40,0.00,0.01,0,0
vda,12.00,0.00,0.05,0,0
vda,7.40,0.00,0.03,0,0
vda,18.60,0.00,3.28,0,16
vda,22.60,0.00,7.92,0,39
vda,12.60,0.00,3.24,0,16
vda,17.00,0.00,7.87,0,39
vda,18.40,0.00,3.27,0,16
vda,12.80,0.00,7.78,0,38
vda,14.40,0.00,3.24,0,16
vda,16.80,0.00,7.97,0,39
vda,3.40,0.00,0.01,0,0
vda,0.00,0.00,0.00,0,0
vda,0.80,0.00,0.00,0,0
vda,0.40,0.02,0.00,0,0
vda,3.00,0.01,0.01,0,0
vda,13.40,0.00,2.73,0,13
vda,9.00,0.00,2.78,0,13
vda,1.80,0.00,0.01,0,0
vda,18.80,0.00,3.26,0,16
vda,19.80,0.00,7.91,0,39
vda,15.00,0.00,3.25,0,16
vda,19.60,0.00,7.87,0,39
vda,14.00,0.00,3.23,0,16
vda,34.20,0.19,4.61,0,23
vda,17.00,0.00,6.54,0,32
vda,16.00,0.00,4.04,0,20
vda,12.20,0.00,4.66,0,23
vda,8.80,0.00,4.69,0,23
vda,1.60,0.00,0.01,0,0
vda,0.00,0.00,0.00,0,0
vda,0.60,0.00,0.00,0,0
vda,1.40,0.00,0.01,0,0
vda,1.60,0.00,0.00,0,0
vda,18.00,0.11,0.05,0,0
vda,15.00,0.02,0.06,0,0
vda,1.00,0.00,0.00,0,0
vda,0.00,0.00,0.00,0,0
vda,0.60,0.00,0.00,0,0
vda,2.00,0.00,0.01,0,0
vda,2.00,0.00,0.01,0,0
vda,8.40,0.00,0.03,0,0
vda,4.60,0.00,0.03,0,0
vda,0.60,0.00,0.00,0,0
vda,12.20,0.02,0.04,0,0
vda,1.20,0.00,0.00,0,0
vda,0.80,0.00,0.00,0,0
vda,0.00,0.00,0.00,0,0
vda,0.80,0.00,0.00,0,0
vda,0.00,0.00,0.00,0,0
vda,36.40,0.53,0.01,2,0
vda,14.40,0.00,0.06,0,0
vda,0.00,0.00,0.00,0,0
vda,0.60,0.00,0.00,0,0
vda,2.20,0.05,0.01,0,0
vda,9.40,0.00,0.04,0,0
vda,0.60,0.00,0.01,0,0
vda,1.40,0.00,0.01,0,0
vda,5.80,0.00,0.03,0,0
