vda,0.60,0.00,0.00,0,0
vda,0.80,0.00,0.01,0,0
vda,1.20,0.00,0.01,0,0
vda,0.60,0.00,0.02,0,0
vda,1.00,0.00,0.01,0,0
vda,0.40,0.00,0.01,0,0
vda,5.19,0.00,0.02,0,0
vda,30.60,0.51,0.01,2,0
vda,69.40,1.01,0.01,5,0
vda,42.80,0.50,0.01,2,0
vda,44.20,0.47,0.02,2,0
vda,56.60,0.67,0.02,3,0
vda,54.40,0.88,0.00,4,0
vda,38.60,3.69,0.04,18,0
vda,38.00,4.14,0.02,20,0
vda,55.00,7.37,0.01,36,0
vda,46.80,6.33,0.01,31,0
vda,40.60,5.22,0.06,26,0
vda,25.00,2.98,0.01,14,0
vda,36.00,4.50,0.01,22,0
vda,0.40,0.00,0.00,0,0
vda,4.60,0.00,0.03,0,0
vda,1.20,0.00,0.01,0,0
vda,0.80,0.00,0.01,0,0
vda,3.80,0.00,0.03,0,0
vda,0.00,0.00,0.00,0,0
vda,0.40,0.00,0.01,0,0
vda,0.40,0.00,0.01,0,0
vda,0.40,0.00,0.01,0,0
vda,0.00,0.00,0.00,0,0
vda,1.40,0.00,0.01,0,0
vda,3.20,0.00,0.02,0,0
vda,0.60,0.00,0.00,0,0
vda,0.60,0.00,0.00,0,0
vda,0.40,0.00,0.00,0,0
vda,0.00,0.00,0.00,0,0
vda,1.40,0.00,0.01,0,0
vda,0.40,0.00,0.01,0,0
vda,2.80,0.00,0.03,0,0
vda,0.40,0.00,0.00,0,0
vda,0.00,0.00,0.00,0,0
vda,0.40,0.00,0.00,0,0
vda,1.20,0.00,0.01,0,0
vda,0.80,0.00,0.01,0,0
vda,1.00,0.00,0.01,0,0
vda,4.40,0.00,0.02,0,0
vda,0.00,0.00,0.00,0,0
vda,0.40,0.00,0.00,0,0
vda,1.40,0.00,0.01,0,0
vda,0.40,0.00,0.01,0,0
vda,0.20,0.00,0.00,0,0
vda,0.40,0.00,0.00,0,0
vda,2.20,0.00,0.01,0,0
vda,2.20,0.00,0.02,0,0
vda,0.40,0.00,0.00,0,0
vda,2.00,0.00,0.02,0,0
vda,3.60,0.00,0.02,0,0
vda,2.20,0.00,0.01,0,0
vda,3.00,0.00,0.02,0,0
vda,0.40,0.00,0.00,0,0
vda,0.40,0.00,0.00,0,0
vda,0.00,0.00,0.00,0,0
vda,0.40,0.00,0.00,0,0
vda,0.40,0.00,0.00,0,0
vda,1.00,0.00,0.01,0,0
vda,0.60,0.00,0.01,0,0
vda,1.00,0.00,0.01,0,0
vda,0.20,0.00,0.00,0,0
vda,1.40,0.00,0.01,0,0
vda,0.40,0.00,0.01,0,0
vda,1.00,0.00,0.01,0,0
vda,0.60,0.00,0.01,0,0
vda,0.60,0.00,0.00,0,0
vda,2.00,0.00,0.01,0,0
vda,0.40,0.00,0.00,0,0
vda,0.40,0.00,0.00,0,0
vda,1.40,0.00,0.01,0,0
vda,0.40,0.00,0.00,0,0
vda,0.00,0.00,0.00,0,0
vda,0.80,0.00,0.01,0,0
vda,1.40,0.00,0.01,0,0
vda,0.00,0.00,0.00,0,0
vda,1.40,0.00,0.01,0,0
vda,0.40,0.00,0.00,0,0
vda,0.00,0.00,0.00,0,0
vda,0.60,0.00,0.01,0,0
vda,1.20,0.00,0.01,0,0
vda,2.20,0.00,0.01,0,0
vda,1.00,0.00,0.01,0,0
vda,0.40,0.00,0.00,0,0
vda,0.60,0.00,0.00,0,0
vda,0.60,0.00,0.00,0,0
vda,0.00,0.00,0.00,0,0
vda,0.60,0.00,0.00,0,0
vda,2.40,0.00,0.02,0,0
vda,0.40,0.00,0.01,0,0
vda,0.00,0.00,0.00,0,0
vda,0.40,0.00,0.00,0,0
vda,0.00,0.00,0.00,0,0
vda,0.40,0.00,0.00,0,0
vda,1.20,0.00,0.01,0,0
vda,1.60,0.00,0.01,0,0
vda,0.60,0.00,0.00,0,0
vda,0.00,0.00,0.00,0,0
vda,0.40,0.00,0.00,0,0
vda,0.40,0.00,0.00,0,0
vda,0.60,0.00,0.01,0,0
vda,1.00,0.00,0.01,0,0
vda,0.40,0.00,0.00,0,0
vda,0.60,0.00,0.00,0,0
vda,0.80,0.00,0.00,0,0
vda,0.40,0.00,0.00,0,0
vda,1.20,0.00,0.01,0,0
vda,0.80,0.00,0.01,0,0
vda,0.40,0.00,0.00,0,0
vda,0.40,0.00,0.01,0,0
vda,1.60,0.00,0.01,0,0
vda,0.00,0.00,0.00,0,0
vda,1.20,0.00,0.01,0,0
vda,0.80,0.00,0.01,0,0
vda,0.80,0.00,0.01,0,0
vda,0.40,0.00,0.00,0,0
vda,0.60,0.00,0.01,0,0
vda,2.80,0.00,0.01,0,0
vda,1.00,0.00,0.01,0,0
vda,0.40,0.00,0.00,0,0
vda,0.40,0.00,0.00,0,0
vda,0.80,0.00,0.00,0,0
vda,0.60,0.00,0.01,0,0
vda,0.20,0.00,0.00,0,0
vda,3.40,0.00,0.02,0,0
vda,0.80,0.00,0.01,0,0
vda,0.40,0.00,0.00,0,0
vda,0.40,0.00,0.00,0,0
vda,0.00,0.00,0.00,0,0
vda,0.60,0.00,0.00,0,0
vda,0.80,0.00,0.00,0,0
vda,1.00,0.00,0.01,0,0
vda,1.40,0.00,0.01,0,0
vda,0.80,0.00,0.01,0,0
vda,0.00,0.00,0.00,0,0
vda,0.40,0.00,0.00,0,0
vda,1.40,0.00,0.01,0,0
vda,1.00,0.00,0.01,0,0
vda,0.40,0.00,0.00,0,0
vda,1.20,0.00,0.01,0,0
vda,0.40,0.00,0.00,0,0
vda,0.60,0.00,0.00,0,0
vda,0.60,0.00,0.00,0,0
vda,1.20,0.00,0.01,0,0
vda,0.40,0.00,0.00,0,0
vda,0.00,0.00,0.00,0,0
vda,1.20,0.00,0.01,0,0
vda,0.00,0.00,0.00,0,0
vda,0.80,0.00,0.00,0,0
vda,1.00,0.00,0.01,0,0
vda,0.60,0.00,0.00,0,0
vda,0.80,0.00,0.00,0,0
vda,0.00,0.00,0.00,0,0
vda,0.40,0.00,0.00,0,0
vda,0.80,0.00,0.01,0,0
vda,1.20,0.00,0.01,0,0
vda,0.40,0.00,0.01,0,0
vda,0.60,0.00,0.01,0,0
vda,0.00,0.00,0.00,0,0
vda,0.40,0.00,0.00,0,0
vda,0.40,0.00,0.00,0,0
vda,2.60,0.00,0.02,0,0
vda,0.40,0.00,0.00,0,0
vda,0.40,0.00,0.00,0,0
vda,0.60,0.00,0.00,0,0
vda,0.40,0.00,0.00,0,0
vda,0.80,0.00,0.01,0,0
vda,0.60,0.00,0.01,0,0
vda,0.40,0.00,0.00,0,0
vda,1.60,0.00,0.01,0,0
vda,0.00,0.00,0.00,0,0
vda,0.80,0.00,0.00,0,0
vda,1.60,0.00,0.01,0,0
vda,1.00,0.00,0.01,0,0
vda,0.20,0.00,0.00,0,0
vda,0.40,0.00,0.00,0,0
vda,0.00,0.00,0.00,0,0
vda,2.20,0.00,0.01,0,0
vda,0.60,0.00,0.00,0,0
vda,1.40,0.00,0.01,0,0
vda,0.60,0.00,0.01,0,0
vda,0.20,0.00,0.00,0,0
vda,1.00,0.00,0.00,0,0
vda,0.40,0.00,0.00,0,0
vda,0.60,0.00,0.01,0,0
vda,1.60,0.00,0.01,0,0
vda,0.00,0.00,0.00,0,0
vda,0.40,0.00,0.01,0,0
vda,0.00,0.00,0.00,0,0
vda,0.40,0.00,0.00,0,0
vda,0.40,0.00,0.00,0,0
vda,2.80,0.00,0.02,0,0
vda,1.00,0.00,0.01,0,0
vda,0.40,0.00,0.00,0,0
vda,0.00,0.00,0.00,0,0
vda,0.40,0.00,0.00,0,0
vda,0.40,0.00,0.00,0,0
vda,1.00,0.00,0.01,0,0
vda,0.40,0.00,0.00,0,0
vda,4.20,0.00,0.02,0,0
vda,0.40,0.00,0.01,0,0
vda,0.00,0.00,0.00,0,0
vda,0.40,0.00,0.01,0,0
vda,1.40,0.00,0.01,0,0
vda,0.40,0.00,0.00,0,0
vda,0.40,0.00,0.00,0,0
vda,0.60,0.00,0.00,0,0
vda,1.40,0.00,0.01,0,0
vda,0.60,0.00,0.00,0,0
vda,1.40,0.00,0.01,0,0
vda,0.40,0.00,0.01,0,0
vda,0.40,0.00,0.00,0,0
vda,0.00,0.00,0.00,0,0
vda,0.60,0.00,0.00,0,0
vda,1.40,0.00,0.01,0,0
vda,1.00,0.00,0.01,0,0
vda,0.60,0.00,0.01,0,0
vda,0.60,0.00,0.01,0,0
vda,0.40,0.00,0.00,0,0
vda,0.00,0.00,0.00,0,0
vda,0.60,0.00,0.00,0,0
vda,2.00,0.00,0.01,0,0
vda,0.40,0.00,0.01,0,0
vda,0.00,0.00,0.00,0,0
vda,0.40,0.00,0.00,0,0
vda,0.80,0.00,0.00,0,0
vda,0.40,0.00,0.01,0,0
vda,17.80,0.30,0.00,1,0
vda,7.00,0.01,0.04,0,0
vda,0.40,0.00,0.00,0,0
vda,0.00,0.00,0.00,0,0
vda,1.40,0.00,0.01,0,0
vda,0.40,0.00,0.01,0,0
vda,0.00,0.00,0.00,0,0
vda,2.00,0.00,0.01,0,0
vda,0.40,0.00,0.01,0,0
vda,3.60,0.00,0.01,0,0
vda,0.40,0.00,0.00,0,0
vda,0.40,0.00,0.00,0,0
vda,0.00,0.00,0.00,0,0
vda,2.00,0.00,0.01,0,0
vda,0.60,0.00,0.01,0,0
vda,0.40,0.00,0.00,0,0
vda,1.80,0.00,0.01,0,0
vda,0.00,0.00,0.00,0,0
vda,0.40,0.00,0.00,0,0
vda,1.60,0.00,0.01,0,0
vda,0.60,0.00,0.01,0,0
vda,0.60,0.00,0.00,0,0
vda,0.00,0.00,0.00,0,0
vda,1.20,0.00,0.01,0,0
vda,0.00,0.00,0.00,0,0
vda,1.40,0.00,0.01,0,0
vda,0.40,0.00,0.00,0,0
vda,0.00,0.00,0.00,0,0
vda,1.20,0.00,0.01,0,0
vda,0.40,0.00,0.01,0,0
vda,0.20,0.00,0.00,0,0
vda,4.00,0.00,0.03,0,0
vda,0.40,0.00,0.01,0,0
vda,0.00,0.00,0.00,0,0
vda,0.40,0.00,0.00,0,0
vda,0.60,0.00,0.00,0,0
vda,0.40,0.00,0.00,0,0
vda,2.20,0.00,0.01,0,0
vda,2.00,0.00,0.01,0,0
vda,0.40,0.00,0.00,0,0
vda,0.00,0.00,0.00,0,0
vda,0.60,0.00,0.01,0,0
vda,0.60,0.00,0.00,0,0
vda,1.40,0.00,0.01,0,0
vda,0.40,0.00,0.00,0,0
vda,1.20,0.00,0.01,0,0
vda,0.40,0.00,0.00,0,0
vda,0.40,0.00,0.00,0,0
vda,0.40,0.00,0.00,0,0
vda,1.60,0.00,0.01,0,0
vda,0.40,0.00,0.01,0,0
vda,0.40,0.00,0.00,0,0
vda,0.00,0.00,0.00,0,0
vda,1.20,0.00,0.01,0,0
vda,0.40,0.00,0.00,0,0
vda,1.40,0.00,0.01,0,0
vda,0.80,0.00,0.01,0,0
vda,0.40,0.00,0.01,0,0
vda,0.00,0.00,0.00,0,0
vda,0.40,0.00,0.00,0,0
vda,3.20,0.00,0.02,0,0
vda,1.60,0.00,0.01,0,0
vda,0.40,0.00,0.00,0,0
vda,0.20,0.00,0.00,0,0
vda,0.40,0.00,0.00,0,0
vda,0.60,0.00,0.01,0,0
vda,1.20,0.00,0.01,0,0
vda,2.00,0.00,0.01,0,0
vda,0.40,0.00,0.00,0,0
vda,0.40,0.00,0.01,0,0
vda,1.00,0.00,0.01,0,0
vda,0.40,0.00,0.01,0,0
vda,0.00,0.00,0.00,0,0
vda,1.40,0.00,0.01,0,0
vda,2.00,0.00,0.01,0,0
vda,1.20,0.00,0.00,0,0
vda,0.40,0.00,0.01,0,0
vda,0.60,0.00,0.00,0,0
vda,0.40,0.00,0.00,0,0
vda,1.00,0.00,0.01,0,0
vda,0.40,0.00,0.00,0,0
vda,2.00,0.00,0.01,0,0
vda,0.00,0.00,0.00,0,0
vda,0.60,0.00,0.00,0,0
vda,1.00,0.00,0.01,0,0
vda,1.40,0.00,0.01,0,0
vda,0.40,0.00,0.00,0,0
vda,0.40,0.00,0.00,0,0
vda,0.40,0.00,0.00,0,0
vda,1.60,0.00,0.01,0,0
vda,1.00,0.00,0.00,0,0
vda,1.80,0.00,0.01,0,0
vda,0.40,0.00,0.00,0,0
vda,0.20,0.00,0.00,0,0
vda,0.60,0.00,0.00,0,0
vda,0.40,0.00,0.00,0,0
vda,1.60,0.00,0.01,0,0
vda,1.60,0.00,0.01,0,0
vda,0.60,0.00,0.01,0,0
vda,0.00,0.00,0.00,0,0
vda,0.40,0.00,0.00,0,0
vda,0.40,0.00,0.00,0,0
vda,0.60,0.00,0.00,0,0
vda,1.40,0.00,0.01,0,0
vda,1.20,0.00,0.01,0,0
vda,0.60,0.00,0.00,0,0
vda,0.00,0.00,0.00,0,0
vda,0.40,0.00,0.00,0,0
vda,0.00,0.00,0.00,0,0
vda,1.40,0.00,0.01,0,0
vda,0.40,0.00,0.00,0,0
vda,1.00,0.00,0.00,0,0
vda,0.80,0.00,0.00,0,0
vda,0.40,0.00,0.01,0,0
vda,0.00,0.00,0.00,0,0
vda,1.60,0.00,0.01,0,0
vda,0.40,0.00,0.01,0,0
vda,0.00,0.00,0.00,0,0
vda,2.00,0.00,0.01,0,0
vda,0.60,0.00,0.00,0,0
vda,0.40,0.00,0.00,0,0
vda,2.00,0.00,0.01,0,0
vda,0.40,0.00,0.01,0,0
vda,0.00,0.00,0.00,0,0
vda,0.40,0.00,0.00,0,0
vda,3.00,0.00,0.01,0,0
vda,0.20,0.00,0.00,0,0
vda,1.60,0.00,0.01,0,0
vda,0.80,0.00,0.01,0,0
vda,0.40,0.00,0.00,0,0
vda,0.60,0.00,0.02,0,0
vda,0.40,0.00,0.01,0,0
vda,0.60,0.00,0.00,0,0
vda,6.40,0.00,0.04,0,0
vda,0.40,0.00,0.00,0,0
vda,0.60,0.00,0.00,0,0
vda,0.60,0.00,0.01,0,0
vda,0.40,0.00,0.00,0,0
vda,0.00,0.00,0.00,0,0
vda,1.80,0.00,0.01,0,0
vda,0.80,0.00,0.01,0,0
vda,1.40,0.00,0.01,0,0
vda,0.80,0.00,0.00,0,0
vda,0.40,0.00,0.00,0,0
vda,0.00,0.00,0.00,0,0
vda,1.40,0.00,0.01,0,0
vda,0.40,0.00,0.01,0,0
vda,0.20,0.00,0.00,0,0
vda,1.40,0.00,0.01,0,0
vda,0.40,0.00,0.00,0,0
vda,0.40,0.00,0.00,0,0
vda,1.20,0.00,0.01,0,0
vda,0.60,0.00,0.01,0,0
vda,0.80,0.00,0.00,0,0
vda,0.60,0.00,0.00,0,0
vda,0.80,0.00,0.00,0,0
vda,0.40,0.00,0.00,0,0
vda,1.40,0.00,0.01,0,0
vda,0.40,0.00,0.01,0,0
vda,0.00,0.00,0.00,0,0
vda,0.40,0.00,0.00,0,0
vda,0.80,0.00,0.01,0,0
vda,1.40,0.00,0.01,0,0
vda,1.40,0.00,0.01,0,0
vda,0.40,0.00,0.01,0,0
vda,1.60,0.00,0.03,0,0
vda,0.40,0.00,0.00,0,0
vda,0.40,0.00,0.00,0,0
vda,0.40,0.00,0.00,0,0
vda,6.60,0.00,0.04,0,0
vda,0.60,0.00,0.01,0,0
vda,0.80,0.00,0.00,0,0
vda,0.40,0.00,0.00,0,0
vda,0.40,0.00,0.00,0,0
vda,0.40,0.00,0.00,0,0
vda,1.40,0.00,0.01,0,0
vda,0.40,0.00,0.00,0,0
vda,2.00,0.00,0.01,0,0
vda,0.00,0.00,0.00,0,0
vda,0.60,0.00,0.00,0,0
vda,0.80,0.00,0.00,0,0
vda,1.80,0.00,0.01,0,0
vda,0.40,0.00,0.00,0,0
vda,0.40,0.00,0.00,0,0
vda,0.40,0.00,0.01,0,0
vda,1.60,0.00,0.01,0,0
vda,0.00,0.00,0.00,0,0
vda,1.60,0.00,0.01,0,0
vda,0.00,0.00,0.00,0,0
vda,0.60,0.00,0.01,0,0
vda,0.80,0.00,0.01,0,0
vda,0.00,0.00,0.00,0,0
vda,0.40,0.00,0.00,0,0
vda,3.40,0.00,0.02,0,0
vda,0.00,0.00,0.00,0,0
vda,1.20,0.00,0.01,0,0
vda,0.80,0.00,0.01,0,0
vda,0.00,0.00,0.00,0,0
vda,0.40,0.00,0.00,0,0
vda,1.40,0.00,0.01,0,0
vda,0.80,0.00,0.01,0,0
vda,4.00,0.00,0.02,0,0
vda,0.40,0.00,0.01,0,0
vda,0.20,0.00,0.00,0,0
vda,0.40,0.00,0.00,0,0
vda,1.60,0.00,0.02,0,0
vda,0.40,0.00,0.01,0,0
vda,0.80,0.00,0.00,0,0
vda,0.40,0.00,0.01,0,0
vda,3.40,0.00,0.02,0,0
vda,0.60,0.00,0.01,0,0
vda,1.60,0.00,0.04,0,0
vda,0.80,0.00,0.04,0,0
vda,0.40,0.00,0.03,0,0
vda,0.00,0.00,0.00,0,0
vda,4.00,0.00,0.06,0,0
vda,0.40,0.00,0.00,0,0
vda,3.80,0.00,0.92,0,4
vda,9.60,0.00,2.45,0,12
vda,9.60,0.00,2.29,0,11
vda,3.00,0.00,0.77,0,3
vda,0.40,0.00,0.01,0,0
vda,0.40,0.00,0.00,0,0
vda,3.00,0.00,0.02,0,0
vda,1.20,0.00,0.01,0,0
vda,0.80,0.00,0.01,0,0
vda,0.40,0.00,0.00,0,0
vda,0.40,0.00,0.00,0,0
vda,0.40,0.00,0.03,0,0
vda,7.60,0.00,1.48,0,7
vda,10.80,0.00,1.14,0,5
vda,0.40,0.00,0.03,0,0
vda,0.40,0.00,0.01,0,0
vda,0.40,0.00,0.00,0,0
vda,0.40,0.00,0.00,0,0
vda,3.20,0.00,0.48,0,2
vda,9.80,0.00,2.34,0,11
vda,10.60,0.00,1.29,0,6
vda,0.40,0.00,0.01,0,0
vda,0.00,0.00,0.00,0,0
vda,0.80,0.00,0.01,0,0
vda,1.40,0.00,0.01,0,0
vda,0.40,0.00,0.01,0,0
vda,0.60,0.00,0.03,0,0
vda,3.40,0.00,0.05,0,0
vda,18.00,0.00,3.52,0,17
vda,12.60,0.00,3.01,0,15
vda,0.00,0.00,0.00,0,0
vda,0.40,0.00,0.00,0,0
vda,0.00,0.00,0.00,0,0
vda,0.40,0.00,0.00,0,0
vda,1.20,0.00,0.09,0,0
vda,7.80,0.00,0.05,0,0
vda,0.40,0.00,0.01,0,0
vda,0.00,0.00,0.00,0,0
vda,0.40,0.00,0.00,0,0
vda,0.40,0.00,0.00,0,0
vda,0.80,0.00,0.01,0,0
vda,0.80,0.00,0.01,0,0
vda,21.60,0.00,3.81,0,19
vda,0.40,0.00,0.05,0,0
vda,0.60,0.00,0.03,0,0
vda,0.00,0.00,0.00,0,0
vda,0.40,0.00,0.00,0,0
vda,0.00,0.00,0.00,0,0
vda,4.00,0.00,0.64,0,3
vda,15.40,0.00,2.24,0,11
vda,0.00,0.00,0.00,0,0
vda,0.40,0.00,0.00,0,0
vda,0.40,0.00,0.00,0,0
vda,0.40,0.00,0.00,0,0
vda,0.00,0.00,0.00,0,0
vda,4.80,0.00,0.03,0,0
vda,0.40,0.00,0.01,0,0
vda,11.40,0.00,1.61,0,8
vda,0.40,0.00,0.04,0,0
vda,0.40,0.00,0.04,0,0
vda,0.40,0.00,0.01,0,0
vda,0.00,0.00,0.00,0,0
vda,0.40,0.00,0.00,0,0
vda,5.20,0.00,0.95,0,4
vda,3.80,0.00,0.94,0,4
vda,14.40,0.00,3.17,0,15
vda,0.40,0.00,0.01,0,0
vda,0.40,0.00,0.00,0,0
vda,0.00,0.00,0.00,0,0
vda,0.40,0.00,0.00,0,0
vda,2.00,0.00,0.02,0,0
vda,0.60,0.00,0.02,0,0
vda,4.20,0.00,0.05,0,0
vda,0.40,0.00,0.04,0,0
vda,0.40,0.00,0.01,0,0
vda,0.80,0.00,0.02,0,0
vda,1.00,0.00,0.01,0,0
vda,0.60,0.00,0.01,0,0
vda,10.00,0.00,2.50,0,12
vda,15.60,0.00,2.86,0,14
vda,4.40,0.00,1.25,0,6
vda,0.80,0.00,0.01,0,0
vda,1.60,0.00,0.01,0,0
vda,0.40,0.00,0.01,0,0
vda,0.60,0.00,0.01,0,0
vda,2.00,0.00,0.01,0,0
vda,0.40,0.00,0.00,0,0
vda,0.40,0.00,0.00,0,0
vda,1.60,0.00,0.05,0,0
vda,1.00,0.00,0.04,0,0
vda,0.60,0.00,0.03,0,0
vda,0.20,0.00,0.00,0,0
vda,5.20,0.00,0.06,0,0
vda,0.40,0.00,0.00,0,0
vda,10.60,0.00,2.50,0,12
vda,11.40,0.00,2.81,0,14
vda,5.20,0.00,1.25,0,6
vda,0.40,0.00,0.01,0,0
vda,1.40,0.00,0.01,0,0
vda,3.80,0.00,0.03,0,0
vda,1.80,0.00,0.02,0,0
vda,0.40,0.00,0.00,0,0
vda,0.00,0.00,0.00,0,0
vda,0.40,0.00,0.01,0,0
vda,0.40,0.00,0.04,0,0
vda,0.80,0.00,0.05,0,0
vda,1.00,0.00,0.03,0,0
vda,5.80,0.00,0.06,0,0
vda,0.40,0.00,0.00,0,0
vda,4.80,0.00,1.24,0,6
vda,11.20,0.00,2.80,0,14
vda,8.20,0.00,2.50,0,12
vda,1.60,0.00,0.01,0,0
vda,0.80,0.00,0.01,0,0
vda,1.40,0.00,0.01,0,0
vda,0.00,0.00,0.00,0,0
vda,0.40,0.00,0.00,0,0
vda,0.40,0.00,0.00,0,0
vda,1.00,0.00,0.04,0,0
vda,1.20,0.00,0.04,0,0
vda,0.80,0.00,0.03,0,0
vda,5.20,0.00,0.05,0,0
vda,0.80,0.00,0.00,0,0
vda,1.60,0.00,0.32,0,1
vda,11.40,0.00,3.12,0,15
vda,11.20,0.00,2.81,0,14
vda,2.40,0.00,0.33,0,1
vda,0.40,0.00,0.00,0,0
vda,1.80,0.00,0.01,0,0
vda,0.40,0.00,0.00,0,0
vda,0.60,0.00,0.01,0,0
vda,1.00,0.00,0.01,0,0
vda,0.60,0.00,0.01,0,0
vda,0.60,0.00,0.01,0,0
vda,0.40,0.00,0.03,0,0
vda,4.80,0.00,0.09,0,0
vda,1.00,0.00,0.02,0,0
vda,0.40,0.00,0.00,0,0
vda,0.60,0.00,0.00,0,0
vda,3.20,0.00,0.78,0,3
vda,9.20,0.00,2.18,0,10
vda,12.00,0.00,3.59,0,17
vda,4.40,0.00,0.03,0,0
vda,0.40,0.00,0.01,0,0
vda,0.80,0.00,0.01,0,0
vda,0.00,0.00,0.00,0,0
vda,0.40,0.00,0.00,0,0
vda,0.20,0.00,0.00,0,0
vda,1.00,0.00,0.01,0,0
vda,2.40,0.00,0.02,0,0
vda,1.20,0.00,0.07,0,0
vda,0.40,0.00,0.00,0,0
vda,0.40,0.00,0.00,0,0
vda,0.00,0.00,0.00,0,0
vda,1.20,0.00,0.01,0,0
vda,0.40,0.00,0.01,0,0
vda,5.40,0.00,0.07,0,0
vda,0.40,0.00,0.00,0,0
vda,0.80,0.00,0.00,0,0
vda,0.40,0.00,0.00,0,0
vda,0.40,0.00,0.00,0,0
vda,0.60,0.00,0.00,0,0
