3328538.6667,55675.466667,3854.6666667
3101396.0,87816.0,4368.0
3101396.0,87816.0,4368.0
2547431.2,273741.6,4541.6
331572.0,1017444.0,5236.0
331572.0,1017444.0,5236.0
306228.0,951760.26667,5294.6666667
141492.0,524816.0,5676.0
139667.2,498555.2,5752.8
132368.0,393512.0,6060.0
132368.0,393512.0,6060.0
188444.0,350822.4,6076.8
412748.0,180064.0,6144.0
412748.0,180064.0,6144.0
385416.8,209520.8,6156.8
276092.0,327348.0,6208.0
257146.93333,342043.46667,6215.4666667
134004.0,437564.0,6264.0
134004.0,437564.0,6264.0
132440.26667,439383.73333,6268.2666667
110548.0,464860.0,6328.0
110548.0,464860.0,6328.0
111839.46667,463592.8,6331.2
129920.0,445852.0,6376.0
145262.4,430196.0,6383.4666667
244988.0,328432.0,6432.0
244988.0,328432.0,6432.0
216954.93333,352723.2,6450.1333333
139864.0,419524.0,6500.0
139864.0,419524.0,6500.0
138086.93333,417076.0,6519.2
133200.0,410344.0,6572.0
131387.73333,407934.4,6592.2666667
126404.0,401308.0,6648.0
126404.0,401308.0,6648.0
228893.6,312177.33333,6665.0666667
510740.0,67068.0,6712.0
510740.0,67068.0,6712.0
