vda,0.20,0.00,0.00,0,0
vda,21.80,0.00,0.10,0,0
vda,1.60,0.00,0.01,0,0
vda,0.80,0.00,0.00,0,0
vda,2.00,0.00,0.01,0,0
vda,1.00,0.00,0.00,0,0
vda,0.00,0.00,0.00,0,0
vda,1.60,0.01,0.00,0,0
vda,107.40,6.38,0.10,31,0
vda,114.20,7.21,0.01,36,0
vda,167.20,10.61,0.01,53,0
vda,254.00,16.27,0.01,81,0
vda,123.40,7.92,0.00,39,0
vda,8.80,0.38,0.01,1,0
vda,10.00,0.38,0.02,1,0
vda,13.20,0.00,0.07,0,0
vda,1.40,0.00,0.01,0,0
vda,0.40,0.00,0.00,0,0
vda,3.60,0.00,0.01,0,0
vda,5.20,0.00,0.02,0,0
vda,5.80,0.00,0.03,0,0
vda,6.00,0.00,0.02,0,0
vda,17.00,0.00,0.10,0,0
vda,6.00,0.00,0.02,0,0
vda,13.80,0.00,0.06,0,0
vda,5.40,0.00,0.02,0,0
vda,8.60,0.00,0.04,0,0
vda,5.20,0.00,0.02,0,0
vda,10.40,0.00,1.38,0,6
vda,13.60,0.00,4.00,0,19
vda,40.40,0.00,8.77,0,43
vda,36.00,0.00,18.07,0,90
vda,5.00,0.00,0.02,0,0
vda,3.20,0.00,0.01,0,0
vda,1.20,0.04,0.01,0,0
vda,9.00,0.00,0.04,0,0
vda,0.80,0.00,0.00,0,0
vda,6.20,0.01,0.04,0,0
vda,3.60,0.03,0.01,0,0
vda,1.00,0.00,0.00,0,0
vda,0.00,0.00,0.00,0,0
vda,0.80,0.00,0.00,0,0
vda,9.60,0.00,0.04,0,0
vda,1.20,0.00,0.00,0,0
