vda,1.20,0.00,0.01,0,0
vda,59.60,0.34,0.14,1,0
vda,2.80,0.00,0.01,0,0
vda,0.00,0.00,0.00,0,0
vda,3.80,0.00,0.02,0,0
vda,2.60,0.00,0.01,0,0
vda,2.00,0.00,0.01,0,0
vda,441.00,5.41,0.03,27,0
vda,436.80,5.58,0.02,27,0
vda,17.40,0.16,0.03,0,0
vda,140.00,1.17,0.04,5,0
vda,9.20,0.09,0.04,0,0
vda,16.00,0.00,0.08,0,0
vda,3.00,0.00,0.01,0,0
vda,2.20,0.00,0.01,0,0
vda,4.00,0.00,0.02,0,0
vda,4.80,0.00,0.02,0,0
vda,2.40,0.00,0.01,0,0
vda,1.60,0.00,0.01,0,0
vda,2.40,0.00,0.01,0,0
vda,13.40,0.00,0.06,0,0
vda,2.20,0.00,0.01,0,0
vda,0.00,0.00,0.00,0,0
vda,10.78,0.00,0.05,0,0
vda,2.40,0.00,0.01,0,0
vda,4.80,0.00,0.02,0,0
