vda,4.80,0.07,0.01,0,0
vda,25.20,0.00,0.11,0,0
vda,0.80,0.00,0.00,0,0
vda,0.00,0.00,0.00,0,0
vda,2.40,0.00,0.01,0,0
vda,1.40,0.00,0.01,0,0
vda,0.00,0.00,0.00,0,0
vda,341.40,4.18,0.02,20,0
vda,374.40,4.91,0.02,24,0
vda,198.00,5.76,0.10,28,0
vda,139.80,1.29,0.02,6,0
vda,9.60,0.04,0.03,0,0
vda,9.00,0.00,0.03,0,0
vda,14.60,0.09,0.06,0,0
vda,5.99,0.00,0.02,0,0
vda,0.60,0.00,0.01,0,0
vda,8.60,0.00,0.06,0,0
vda,7.80,0.00,0.03,0,0
vda,0.00,0.00,0.00,0,0
vda,0.80,0.00,0.00,0,0
vda,2.00,0.00,0.01,0,0
vda,2.80,0.00,0.01,0,0
vda,1.00,0.00,0.00,0,0
vda,2.00,0.00,0.01,0,0
vda,3.40,0.00,0.01,0,0
vda,0.80,0.00,0.00,0,0
vda,17.80,0.00,0.07,0,0
vda,0.60,0.00,0.01,0,0
