vda,0.20,0.00,0.00,0,0
vda,3.00,0.00,0.01,0,0
vda,2.00,0.00,0.01,0,0
vda,1.80,0.00,0.01,0,0
vda,1.80,0.00,0.01,0,0
vda,4.40,0.05,0.02,0,0
vda,26.80,0.00,0.11,0,0
vda,5.20,0.19,0.01,0,0
vda,61.40,16.03,0.03,80,0
vda,61.60,19.35,0.11,96,0
vda,58.20,20.13,0.02,100,0
vda,61.80,22.55,0.01,112,0
vda,36.20,13.71,0.00,68,0
vda,22.60,5.47,0.05,27,0
vda,61.00,19.07,0.04,95,0
vda,3.60,0.00,0.01,0,0
vda,0.00,0.00,0.00,0,0
vda,3.80,0.00,0.01,0,0
vda,5.40,0.00,0.02,0,0
vda,5.00,0.00,0.03,0,0
vda,15.80,0.00,0.09,0,0
vda,4.20,0.00,0.02,0,0
vda,3.00,0.00,0.01,0,0
vda,12.60,0.01,0.05,0,0
vda,6.80,0.07,0.02,0,0
vda,5.60,0.00,0.03,0,0
vda,5.40,0.00,0.02,0,0
vda,23.60,0.03,9.71,0,48
vda,9.40,0.02,7.44,0,37
vda,5.20,0.00,0.02,0,0
vda,5.40,0.00,0.02,0,0
vda,4.40,0.00,0.02,0,0
vda,5.80,0.02,0.02,0,0
vda,6.20,0.00,0.03,0,0
vda,24.40,0.00,10.65,0,53
vda,11.40,0.00,8.12,0,40
vda,5.60,0.00,0.02,0,0
vda,5.80,0.00,0.02,0,0
vda,3.80,0.00,0.01,0,0
vda,24.20,0.00,10.47,0,52
vda,11.00,0.00,7.95,0,39
vda,11.40,0.03,0.02,0,0
vda,7.20,0.01,0.02,0,0
vda,4.40,0.00,0.02,0,0
vda,3.20,0.00,0.01,0,0
vda,7.40,0.00,0.04,0,0
vda,31.40,0.00,10.29,0,51
vda,12.80,0.00,7.51,0,37
vda,5.00,0.00,0.02,0,0
vda,4.00,0.00,0.02,0,0
vda,17.40,0.00,0.07,0,0
vda,9.40,0.10,0.02,0,0
vda,9.40,0.08,2.28,0,11
vda,37.00,0.00,10.55,0,52
vda,11.40,0.00,8.12,0,40
vda,3.80,0.00,0.01,0,0
vda,4.40,0.00,0.02,0,0
vda,0.00,0.00,0.00,0,0
vda,3.80,0.00,0.01,0,0
vda,21.40,0.00,10.47,0,52
vda,12.40,0.00,8.15,0,40
vda,5.00,0.00,0.02,0,0
vda,11.00,0.18,0.03,0,0
vda,6.00,0.00,0.02,0,0
vda,17.00,0.00,8.07,0,40
vda,11.40,0.00,9.15,0,45
vda,6.20,0.00,0.02,0,0
vda,3.00,0.00,0.01,0,0
vda,4.20,0.00,0.02,0,0
vda,5.40,0.00,0.02,0,0
vda,20.80,0.00,10.46,0,52
vda,9.60,0.00,7.54,0,37
vda,5.40,0.03,0.02,0,0
vda,17.40,0.04,0.06,0,0
vda,2.20,0.00,0.01,0,0
vda,2.20,0.00,0.01,0,0
vda,3.80,0.00,0.03,0,0
vda,35.00,0.45,0.07,2,0
vda,7.20,0.00,0.03,0,0
vda,9.20,0.00,0.04,0,0
vda,1.80,0.00,0.01,0,0
vda,8.40,0.02,0.04,0,0
vda,16.40,0.16,0.05,0,0
vda,2.40,0.00,0.01,0,0
vda,2.00,0.00,0.01,0,0
vda,1.80,0.00,0.01,0,0
vda,1.80,0.00,0.01,0,0
