vda,3.20,0.00,0.02,0,0
vda,23.60,0.00,0.11,0,0
vda,1.80,0.00,0.01,0,0
vda,1.80,0.00,0.01,0,0
vda,0.00,0.00,0.00,0,0
vda,1.80,0.00,0.01,0,0
vda,3.00,0.00,0.01,0,0
vda,3.20,0.00,0.01,0,0
vda,4.40,0.00,0.02,0,0
vda,2.00,0.00,0.01,0,0
vda,0.00,0.00,0.00,0,0
vda,1.80,0.00,0.01,0,0
vda,367.80,4.46,0.02,22,0
vda,382.80,5.06,0.05,25,0
vda,151.20,3.26,0.01,16,0
vda,144.80,1.33,0.09,6,0
vda,12.20,0.09,0.05,0,0
vda,6.40,0.00,0.03,0,0
vda,2.40,0.00,0.01,0,0
vda,2.00,0.00,0.01,0,0
vda,1.80,0.00,0.01,0,0
vda,2.20,0.00,0.01,0,0
vda,7.60,0.00,0.04,0,0
vda,2.00,0.00,0.01,0,0
vda,17.60,0.05,0.04,0,0
vda,1.80,0.00,0.01,0,0
