vda,1.00,0.00,0.01,0,0
vda,33.20,0.00,0.14,0,0
vda,3.00,0.00,0.01,0,0
vda,0.00,0.00,0.00,0,0
vda,4.20,0.00,0.02,0,0
vda,2.60,0.00,0.01,0,0
vda,14.00,0.00,0.06,0,0
vda,422.80,5.15,0.02,25,0
vda,417.20,5.35,0.02,26,0
vda,31.40,0.40,0.00,1,0
vda,11.60,0.10,0.01,0,0
vda,141.32,1.30,0.02,6,0
vda,7.00,0.03,0.02,0,0
vda,25.00,0.00,0.15,0,0
vda,6.80,0.00,0.07,0,0
vda,6.80,0.00,0.03,0,0
vda,5.20,0.00,0.02,0,0
vda,8.40,0.00,0.03,0,0
vda,9.60,0.09,0.04,0,0
vda,2.20,0.00,0.01,0,0
vda,6.40,0.00,0.04,0,0
vda,1.80,0.00,0.01,0,0
vda,2.00,0.00,0.01,0,0
vda,8.80,0.00,0.04,0,0
vda,3.00,0.00,0.01,0,0
vda,2.20,0.00,0.01,0,0
vda,2.00,0.00,0.01,0,0
vda,3.40,0.00,0.01,0,0
vda,2.00,0.00,0.01,0,0
vda,1.80,0.00,0.01,0,0
vda,2.60,0.00,0.01,0,0
vda,2.20,0.00,0.01,0,0
