vda,0.60,0.00,0.00,0,0
vda,1.80,0.00,0.01,0,0
vda,28.20,0.27,0.00,1,0
vda,4.20,0.08,0.01,0,0
vda,1.00,0.00,0.00,0,0
vda,0.80,0.00,0.01,0,0
vda,27.00,0.00,0.13,0,0
vda,330.00,4.11,0.02,20,0
vda,181.20,2.06,0.01,10,0
vda,347.20,4.53,0.02,22,0
vda,165.00,1.61,0.02,8,0
vda,12.20,0.01,0.05,0,0
vda,2.20,0.00,0.01,0,0
vda,9.00,0.09,0.04,0,0
vda,13.80,0.00,0.07,0,0
vda,1.80,0.00,0.01,0,0
vda,0.00,0.00,0.00,0,0
vda,1.00,0.00,0.01,0,0
vda,8.40,0.00,0.04,0,0
vda,0.80,0.00,0.00,0,0
vda,0.40,0.00,0.00,0,0
vda,1.80,0.00,0.01,0,0
vda,2.40,0.00,0.01,0,0
