vda,0.40,0.00,0.00,0,0
vda,28.60,0.00,0.12,0,0
vda,3.60,0.00,0.01,0,0
vda,2.00,0.00,0.01,0,0
vda,0.00,0.00,0.00,0,0
vda,2.00,0.00,0.01,0,0
vda,1.80,0.00,0.01,0,0
vda,437.00,5.35,0.02,26,0
vda,453.60,5.60,0.04,28,0
vda,62.20,13.55,0.02,67,0
vda,141.40,1.30,0.02,6,0
vda,8.80,0.03,0.02,0,0
vda,14.40,0.00,0.05,0,0
vda,14.00,0.09,0.08,0,0
vda,7.60,0.00,0.03,0,0
vda,17.20,0.00,0.09,0,0
vda,0.00,0.00,0.00,0,0
vda,1.80,0.00,0.01,0,0
vda,4.00,0.00,0.02,0,0
vda,3.00,0.00,0.01,0,0
vda,2.40,0.00,0.01,0,0
vda,0.00,0.00,0.00,0,0
vda,3.80,0.00,0.02,0,0
vda,1.80,0.00,0.01,0,0
vda,9.00,0.00,0.04,0,0
vda,2.80,0.00,0.01,0,0
vda,2.20,0.00,0.01,0,0
vda,2.80,0.00,0.01,0,0
