vda,2.40,0.00,0.01,0,0
vda,50.60,0.27,0.11,1,0
vda,4.60,0.07,0.01,0,0
vda,17.40,0.08,0.01,0,0
vda,2.00,0.00,0.01,0,0
vda,1.80,0.00,0.01,0,0
vda,1.80,0.00,0.01,0,0
vda,440.00,5.41,0.02,27,0
vda,439.60,8.29,0.07,41,0
vda,46.00,9.38,0.02,46,0
vda,141.00,2.12,0.00,10,0
vda,16.00,0.00,0.06,0,0
vda,8.00,0.00,0.03,0,0
vda,11.00,0.00,0.07,0,0
vda,7.80,0.09,0.02,0,0
vda,0.20,0.00,0.00,0,0
vda,5.80,0.00,0.08,0,0
vda,8.80,0.00,0.04,0,0
vda,1.80,0.00,0.01,0,0
vda,0.80,0.00,0.01,0,0
vda,3.60,0.00,0.01,0,0
vda,2.60,0.00,0.01,0,0
vda,2.20,0.00,0.01,0,0
vda,3.20,0.00,0.01,0,0
vda,1.80,0.00,0.01,0,0
vda,2.80,0.00,0.01,0,0
vda,9.40,0.00,0.04,0,0
vda,2.20,0.00,0.01,0,0
vda,18.00,0.09,0.01,0,0
