vda,3.20,0.00,0.01,0,0
vda,14.60,0.00,0.07,0,0
vda,1.00,0.00,0.00,0,0
vda,0.00,0.00,0.00,0,0
vda,0.60,0.00,0.00,0,0
vda,0.00,0.00,0.00,0,0
vda,2.80,0.00,0.01,0,0
vda,370.00,4.48,0.02,22,0
vda,185.20,2.09,0.01,10,0
vda,337.80,4.60,0.03,22,0
vda,143.40,1.33,0.02,6,0
vda,18.40,0.09,0.08,0,0
vda,13.00,0.00,0.06,0,0
vda,1.00,0.00,0.01,0,0
vda,1.80,0.00,0.01,0,0
vda,16.40,0.00,0.12,0,0
vda,24.20,0.16,0.01,0,0
vda,0.00,0.00,0.00,0,0
vda,1.40,0.00,0.01,0,0
vda,8.80,0.05,0.00,0,0
vda,1.00,0.00,0.00,0,0
vda,2.80,0.00,0.01,0,0
vda,3.80,0.00,0.02,0,0
vda,14.80,0.00,0.07,0,0
vda,0.00,0.00,0.00,0,0
vda,2.60,0.00,0.01,0,0
