2688100.0,785408.0,9916.0
2051915.7333,854478.4,10016.8
1324848.0,933416.0,10132.0
1324848.0,933416.0,10132.0
809276.53333,1071179.7333,10154.4
220052.0,1228624.0,10180.0
189322.4,1065774.4,10205.6
143228.0,821500.0,10244.0
143228.0,821500.0,10244.0
143098.4,823957.6,10266.4
142904.0,827644.0,10300.0
142904.0,827644.0,10300.0
135914.66667,826194.66667,10314.666667
121936.0,823296.0,10344.0
283512.0,666670.4,10372.8
525876.0,431732.0,10416.0
525876.0,431732.0,10416.0
444178.66667,510866.66667,10437.333333
280784.0,669136.0,10480.0
280784.0,669136.0,10480.0
230992.0,709912.0,10512.0
131408.0,791464.0,10576.0
229095.46667,691963.2,10625.066667
497736.0,418336.0,10760.0
497736.0,418336.0,10760.0
1246996.8,350568.53333,10771.733333
3307464.0,164208.0,10804.0
