vda,3.00,0.00,0.02,0,0
vda,3.20,0.00,0.01,0,0
vda,19.00,0.00,0.09,0,0
vda,0.80,0.00,0.00,0,0
vda,0.00,0.00,0.00,0,0
vda,2.00,0.00,0.01,0,0
vda,11.00,0.00,0.05,0,0
vda,0.00,0.00,0.00,0,0
vda,4.40,0.00,0.02,0,0
vda,4.60,0.00,0.02,0,0
vda,9.80,0.00,0.04,0,0
vda,6.60,0.00,0.03,0,0
vda,10.60,0.00,0.05,0,0
vda,11.00,0.00,0.10,0,0
vda,1.40,0.00,0.01,0,0
vda,6.40,0.00,0.03,0,0
vda,1.20,0.00,0.00,0,0
vda,0.00,0.00,0.00,0,0
vda,1.00,0.00,0.01,0,0
vda,1.00,0.00,0.00,0,0
vda,11.60,0.00,0.05,0,0
vda,0.80,0.00,0.00,0,0
vda,1.20,0.00,0.00,0,0
vda,1.40,0.00,0.01,0,0
