vda,1.20,0.00,0.01,0,0
vda,27.60,0.00,0.12,0,0
vda,0.80,0.00,0.00,0,0
vda,0.00,0.00,0.00,0,0
vda,0.60,0.00,0.00,0,0
vda,0.00,0.00,0.00,0,0
vda,1.60,0.00,0.01,0,0
vda,1.40,0.00,0.01,0,0
vda,0.00,0.00,0.00,0,0
vda,3.60,0.00,0.01,0,0
vda,1.00,0.00,0.00,0,0
vda,0.00,0.00,0.00,0,0
vda,264.60,3.28,0.01,16,0
vda,260.20,2.96,0.01,14,0
vda,226.60,3.32,0.01,16,0
vda,148.20,1.48,0.05,7,0
vda,146.20,1.30,0.04,6,0
vda,2.80,0.04,0.00,0,0
vda,9.80,0.00,0.04,0,0
vda,14.40,0.00,3.33,0,16
vda,6.60,0.00,0.02,0,0
vda,14.60,0.00,0.06,0,0
vda,0.00,0.00,0.00,0,0
vda,6.00,0.00,0.02,0,0
vda,2.80,0.00,0.01,0,0
vda,3.80,0.00,0.02,0,0
vda,9.80,0.00,2.03,0,10
vda,6.60,0.00,0.03,0,0
vda,6.00,0.00,0.02,0,0
vda,3.80,0.00,0.01,0,0
vda,1.40,0.00,0.01,0,0
vda,2.00,0.00,0.01,0,0
vda,7.80,0.08,0.03,0,0
vda,7.80,0.00,0.04,0,0
vda,1.00,0.00,0.00,0,0
vda,0.00,0.00,0.00,0,0
vda,7.80,0.00,0.03,0,0
vda,1.00,0.00,0.01,0,0
vda,1.40,0.00,0.01,0,0
vda,1.00,0.00,0.00,0,0
vda,2.20,0.00,0.01,0,0
