3364660.0,145340.0,5892.0
3282512.5333,157396.26667,6027.7333333
2132448.0,326184.0,7928.0
2099094.9333,341063.73333,7932.8
1632152.0,549380.0,8000.0
1632152.0,549380.0,8000.0
1499234.1333,606250.4,8009.0666667
635268.0,975908.0,8068.0
635268.0,975908.0,8068.0
602069.6,966221.86667,8031.7333333
120785.68889,806867.73333,7578.0444444
120785.68889,806867.73333,7578.0444444
120785.68889,806867.73333,7578.0444444
114080.0,797220.0,7600.0
113185.06667,807977.86667,7626.1333333
107368.0,877904.0,7796.0
107368.0,877904.0,7796.0
124276.0,857405.06667,7800.5333333
360988.0,570420.0,7864.0
353228.26667,578012.8,7868.2666667
244592.0,684312.0,7928.0
244592.0,684312.0,7928.0
244592.0,684312.0,7928.0
129128.0,797568.0,7984.0
129128.0,797568.0,7984.0
129128.0,797568.0,7984.0
123934.93333,790123.73333,8051.2
123564.0,789592.0,8056.0
112948.0,795844.0,8128.0
112948.0,795844.0,8128.0
112948.0,795844.0,8128.0
383028.0,493168.0,8192.0
383028.0,493168.0,8192.0
383028.0,493168.0,8192.0
294616.0,578592.0,8272.0
294616.0,578592.0,8272.0
178392.0,692236.0,8340.0
178392.0,692236.0,8340.0
178392.0,692236.0,8340.0
160673.6,719172.0,8399.7333333
159408.0,721096.0,8404.0
111564.53333,767341.33333,8452.5333333
104204.0,774456.0,8460.0
104204.0,774456.0,8460.0
395029.33333,490905.33333,8506.9333333
500784.0,387796.0,8524.0
500784.0,387796.0,8524.0
475211.2,408781.06667,8576.8
465912.0,416412.0,8596.0
379507.73333,500129.33333,8736.8
348088.0,530572.0,8788.0
348088.0,530572.0,8788.0
281659.73333,593553.6,8834.9333333
257504.0,616456.0,8852.0
257504.0,616456.0,8852.0
387222.4,480952.0,8909.6
419652.0,447076.0,8924.0
259412.26667,544655.73333,8972.5333333
234760.0,559668.0,8980.0
234760.0,559668.0,8980.0
139638.13333,565706.93333,9038.9333333
125004.0,566636.0,9048.0
125004.0,566636.0,9048.0
135310.4,555691.73333,9103.4666667
136896.0,554008.0,9112.0
133311.46667,556067.2,9167.4666667
132760.0,556384.0,9176.0
132760.0,556384.0,9176.0
247173.86667,434346.93333,9248.8
264776.0,415572.0,9260.0
264776.0,415572.0,9260.0
159748.8,455440.8,9330.4
133492.0,465408.0,9348.0
127402.4,472278.4,8890.4
125880.0,473996.0,8776.0
125880.0,473996.0,8776.0
348605.06667,274711.2,8822.9333333
429596.0,202244.0,8840.0
429596.0,202244.0,8840.0
336962.4,292436.0,8891.2
313804.0,314984.0,8904.0
264786.4,360961.6,8955.2
252532.0,372456.0,8968.0
252532.0,372456.0,8968.0
432672.8,190724.8,9019.2
477708.0,145292.0,9032.0
477708.0,145292.0,9032.0
2547336.0,145664.53333,9087.7333333
3299928.0,145800.0,9108.0
