vda,1.80,0.00,0.01,0,0
vda,30.00,0.33,0.01,1,0
vda,1.00,0.00,0.00,0,0
vda,0.00,0.00,0.00,0,0
vda,1.60,0.00,0.01,0,0
vda,1.00,0.00,0.00,0,0
vda,18.20,0.00,0.08,0,0
vda,330.94,4.09,0.01,20,0
vda,191.20,2.14,0.01,10,0
vda,318.80,4.34,0.02,21,0
vda,54.80,0.60,0.02,2,0
vda,143.60,1.33,0.02,6,0
vda,9.20,0.00,0.03,0,0
vda,23.80,0.09,0.15,0,0
vda,5.60,0.00,0.02,0,0
vda,0.20,0.00,0.00,0,0
vda,1.80,0.00,0.01,0,0
vda,8.00,0.00,0.03,0,0
vda,0.00,0.00,0.00,0,0
vda,0.60,0.00,0.00,0,0
vda,1.20,0.00,0.00,0,0
vda,5.20,0.00,0.03,0,0
vda,10.00,0.00,0.04,0,0
vda,3.00,0.00,0.01,0,0
vda,1.20,0.00,0.00,0,0
vda,0.00,0.00,0.00,0,0
vda,0.80,0.00,0.00,0,0
vda,13.40,0.00,0.06,0,0
