vda,28.80,0.27,0.01,1,0
vda,31.60,0.07,0.14,0,0
vda,2.00,0.00,0.01,0,0
vda,1.80,0.00,0.01,0,0
vda,2.00,0.00,0.01,0,0
vda,1.80,0.00,0.01,0,0
vda,1.00,0.00,0.01,0,0
vda,2.40,0.00,0.01,0,0
vda,9.80,0.00,0.04,0,0
vda,2.40,0.00,0.01,0,0
vda,2.00,0.00,0.01,0,0
vda,1.80,0.00,0.01,0,0
vda,281.00,3.46,0.02,17,0
vda,334.40,3.93,0.03,19,0
vda,272.80,3.63,0.01,18,0
vda,147.60,1.21,0.07,6,0
vda,30.40,0.20,0.03,1,0
vda,6.80,0.09,0.03,0,0
vda,4.20,0.00,0.02,0,0
vda,20.60,0.00,0.10,0,0
vda,2.40,0.00,0.01,0,0
vda,1.80,0.00,0.01,0,0
vda,2.00,0.00,0.01,0,0
vda,3.20,0.00,0.02,0,0
vda,2.40,0.00,0.01,0,0
vda,2.00,0.00,0.01,0,0
vda,2.00,0.00,0.01,0,0
