vda,28.40,0.00,0.14,0,0
vda,4.80,0.00,0.02,0,0
vda,2.00,0.00,0.01,0,0
vda,1.80,0.00,0.01,0,0
vda,1.80,0.00,0.01,0,0
vda,1.80,0.00,0.01,0,0
vda,3.20,0.00,0.02,0,0
vda,2.40,0.00,0.01,0,0
vda,5.00,0.00,0.02,0,0
vda,2.40,0.00,0.01,0,0
vda,1.80,0.00,0.01,0,0
vda,1.80,0.00,0.01,0,0
vda,291.80,3.61,0.02,18,0
vda,386.40,4.64,0.02,23,0
vda,209.40,2.70,0.05,13,0
vda,146.20,1.32,0.04,6,0
vda,14.40,0.00,0.06,0,0
vda,5.80,0.09,0.02,0,0
vda,6.40,0.00,0.04,0,0
vda,3.20,0.00,0.01,0,0
vda,3.00,0.00,0.01,0,0
vda,2.00,0.00,0.01,0,0
vda,7.40,0.00,0.06,0,0
vda,9.00,0.00,0.04,0,0
vda,2.80,0.00,0.02,0,0
vda,4.20,0.00,0.02,0,0
vda,0.00,0.00,0.00,0,0
