5393634.1333,2043816.2667,24540.533333
5394048.0,2043300.0,24548.0
5394048.0,2043300.0,24548.0
2778252.8,2468148.0,24612.0
2124304.0,2574360.0,24628.0
1007677.3333,2947816.0,24665.333333
449364.0,3134544.0,24684.0
449364.0,3134544.0,24684.0
224119.2,2883878.9333,24730.933333
142212.0,2792728.0,24748.0
142212.0,2792728.0,24748.0
135257.86667,2689535.7333,24803.466667
134188.0,2673660.0,24812.0
343048.8,2517810.4,24901.6
395264.0,2478848.0,24924.0
395264.0,2478848.0,24924.0
191952.0,2660115.2,25000.8
141124.0,2705432.0,25020.0
141124.0,2705432.0,25020.0
140733.86667,2685326.9333,25374.933333
140592.0,2678016.0,25504.0
795159.46667,2041890.4,25562.666667
1033184.0,1810572.0,25584.0
1033184.0,1810572.0,25584.0
789690.93333,2021886.4,25619.2
701148.0,2098728.0,25632.0
701148.0,2098728.0,25632.0
4395062.4,1805435.7333,25673.066667
5738304.0,1698784.0,25688.0
