vda,1.00,0.00,0.01,0,0
vda,28.80,0.00,0.13,0,0
vda,2.80,0.00,0.01,0,0
vda,2.00,0.00,0.01,0,0
vda,0.00,0.00,0.00,0,0
vda,1.80,0.00,0.01,0,0
vda,2.80,0.00,0.01,0,0
vda,2.40,0.00,0.01,0,0
vda,1.80,0.00,0.01,0,0
vda,4.80,0.00,0.02,0,0
vda,2.00,0.00,0.01,0,0
vda,1.80,0.00,0.01,0,0
vda,376.20,4.60,0.02,23,0
vda,439.60,5.70,0.02,28,0
vda,91.80,6.79,0.01,33,0
vda,144.20,1.30,0.03,6,0
vda,10.60,0.03,0.05,0,0
vda,22.00,0.00,0.09,0,0
vda,9.60,0.09,0.05,0,0
vda,6.20,0.00,0.02,0,0
vda,2.60,0.00,0.01,0,0
vda,1.80,0.00,0.01,0,0
vda,1.80,0.00,0.01,0,0
vda,6.00,0.00,0.07,0,0
vda,10.20,0.00,0.05,0,0
vda,2.20,0.00,0.01,0,0
vda,0.00,0.00,0.00,0,0
vda,2.00,0.00,0.01,0,0
