vda,2.80,0.00,0.01,0,0
vda,26.60,0.00,0.12,0,0
vda,2.00,0.00,0.01,0,0
vda,4.20,0.00,0.02,0,0
vda,0.00,0.00,0.00,0,0
vda,1.80,0.00,0.01,0,0
vda,2.80,0.00,0.01,0,0
vda,4.20,0.00,0.02,0,0
vda,1.80,0.00,0.01,0,0
vda,3.80,0.00,0.01,0,0
vda,9.60,0.00,0.04,0,0
vda,2.00,0.00,0.01,0,0
vda,346.40,4.30,0.01,21,0
vda,366.80,4.79,0.02,23,0
vda,168.60,1.91,0.04,9,0
vda,142.00,1.32,0.01,6,0
vda,17.20,0.00,0.48,0,2
vda,14.00,0.00,0.05,0,0
vda,13.80,0.09,0.06,0,0
vda,6.20,0.00,0.02,0,0
vda,0.00,0.00,0.00,0,0
vda,1.80,0.00,0.01,0,0
vda,2.40,0.00,0.01,0,0
vda,6.20,0.00,0.07,0,0
vda,7.00,0.00,0.03,0,0
vda,2.00,0.00,0.01,0,0
vda,2.00,0.00,0.01,0,0
vda,3.60,0.00,0.02,0,0
