2258572.0,1191480.0,27376.0
2258572.0,1191480.0,27376.0
928834.93333,1293660.0,27410.666667
724260.0,1309380.0,27416.0
724260.0,1309380.0,27416.0
160056.0,1218076.0,27472.0
160056.0,1218076.0,27472.0
132784.0,1198800.8,27516.8
130836.0,1197424.0,27520.0
130836.0,1197424.0,27520.0
111474.66667,1281757.6,27565.066667
108496.0,1294732.0,27572.0
108496.0,1294732.0,27572.0
115475.2,1281301.6,27613.6
117220.0,1277944.0,27624.0
319767.2,1070648.0,27659.2
370404.0,1018824.0,27668.0
370404.0,1018824.0,27668.0
2296380.0,878368.53333,27702.666667
