vda,28.00,0.27,0.00,1,0
vda,4.60,0.07,0.01,0,0
vda,2.00,0.00,0.01,0,0
vda,1.80,0.00,0.01,0,0
vda,3.00,0.00,0.01,0,0
vda,3.60,0.00,0.01,0,0
vda,25.00,0.00,0.10,0,0
vda,1.80,0.00,0.01,0,0
vda,1.80,0.00,0.01,0,0
vda,1.80,0.00,0.01,0,0
vda,3.00,0.00,0.01,0,0
vda,1.40,0.00,0.01,0,0
vda,369.60,4.50,0.02,22,0
vda,406.40,5.39,0.02,26,0
vda,151.20,14.01,0.01,70,0
vda,4.60,0.01,0.01,0,0
vda,145.00,1.32,0.03,6,0
vda,15.60,0.00,0.06,0,0
vda,11.80,0.00,0.05,0,0
vda,7.60,0.09,0.07,0,0
vda,10.20,0.00,0.04,0,0
vda,1.40,0.00,0.01,0,0
vda,3.00,0.00,0.01,0,0
vda,2.00,0.00,0.01,0,0
vda,2.00,0.00,0.01,0,0
vda,1.80,0.00,0.01,0,0
vda,6.40,0.00,0.03,0,0
vda,7.20,0.00,0.03,0,0
vda,3.00,0.00,0.01,0,0
