3532624.0,41836.0,4612.0
3532624.0,41836.0,4612.0
2401629.3333,163815.2,6314.4
2320844.0,172528.0,6436.0
879254.66667,690498.13333,6484.5333333
776284.0,727496.0,6488.0
776284.0,727496.0,6488.0
152996.53333,592543.46667,6547.7333333
108476.0,582904.0,6552.0
108476.0,582904.0,6552.0
118690.4,298987.73333,791.46666667
119420.0,278708.0,380.0
138202.4,152372.0,2672.2666667
139544.0,143348.0,2836.0
139544.0,143348.0,2836.0
180228.8,167365.06667,2953.8666667
186488.0,171060.0,2972.0
186488.0,171060.0,2972.0
134008.53333,222494.13333,3054.1333333
130260.0,226168.0,3060.0
123099.46667,228269.86667,3130.9333333
122588.0,228420.0,3136.0
122588.0,228420.0,3136.0
112239.2,238402.93333,3591.4666667
111500.0,239116.0,3624.0
111500.0,239116.0,3624.0
109644.53333,198400.26667,1630.4
109512.0,195492.0,1488.0
111628.8,165808.26667,1618.6666667
111780.0,163688.0,1628.0
111780.0,163688.0,1628.0
110633.86667,165677.86667,1355.4666667
110552.0,165820.0,1336.0
124120.53333,150365.6,1533.6
126208.0,147988.0,1564.0
126208.0,147988.0,1564.0
114508.0,159850.93333,2090.9333333
112708.0,161676.0,2172.0
112708.0,161676.0,2172.0
128138.13333,180853.6,1374.6666667
130512.0,183804.0,1252.0
130512.0,183804.0,1252.0
118856.53333,178450.4,1741.0666667
118024.0,178068.0,1776.0
114959.46667,189757.6,1592.2666667
114488.0,191556.0,1564.0
114488.0,191556.0,1564.0
134639.73333,171210.13333,1501.6
137740.0,168080.0,1492.0
111343.2,194854.4,1360.8
104744.0,201548.0,1328.0
104744.0,201548.0,1328.0
128027.2,132194.4,1363.2
133848.0,114856.0,1372.0
133848.0,114856.0,1372.0
125268.0,173513.86667,1501.0666667
122148.0,194844.0,1548.0
126476.0,190284.0,1529.3333333
128640.0,188004.0,1520.0
128640.0,188004.0,1520.0
118640.26667,198458.4,1432.0
115004.0,202260.0,1400.0
115004.0,202260.0,1400.0
121395.73333,194906.13333,1250.4
123720.0,192232.0,1196.0
136040.0,145049.33333,1498.1333333
140520.0,127892.0,1608.0
140520.0,127892.0,1608.0
127252.8,167639.2,1611.2
123936.0,177576.0,1612.0
123936.0,177576.0,1612.0
125280.0,174945.6,1532.0
125616.0,174288.0,1512.0
115571.2,185430.4,1419.2
113060.0,188216.0,1396.0
113060.0,188216.0,1396.0
110436.0,190443.2,1284.0
109780.0,191000.0,1256.0
109780.0,191000.0,1256.0
144820.0,138747.2,1297.6
153580.0,125684.0,1308.0
128824.8,153104.8,1615.2
122636.0,159960.0,1692.0
122636.0,159960.0,1692.0
108908.53333,172044.8,1774.1333333
107928.0,172908.0,1780.0
107928.0,172908.0,1780.0
129808.0,151944.0,780.0
129808.0,151944.0,780.0
129808.0,151944.0,780.0
106060.26667,172167.46667,1433.3333333
104364.0,173612.0,1480.0
125382.66667,169897.33333,1733.8666667
126884.0,169632.0,1752.0
126884.0,169632.0,1752.0
112488.0,182404.0,1844.0
112488.0,182404.0,1844.0
112488.0,182404.0,1844.0
114552.0,179304.0,1852.0
115561.33333,178301.86667,1802.6666667
129692.0,164272.0,1112.0
129692.0,164272.0,1112.0
128020.26667,163744.0,1098.4
104616.0,156352.0,908.0
104616.0,156352.0,908.0
104867.73333,159391.73333,982.13333333
108392.0,201948.0,2020.0
108392.0,201948.0,2020.0
121560.0,189108.0,2036.0
121560.0,189108.0,2036.0
121560.0,189108.0,2036.0
135900.0,174696.0,1424.0
135900.0,174696.0,1424.0
135900.0,174696.0,1424.0
131276.0,177000.0,1104.0
131276.0,177000.0,1104.0
133034.4,117953.6,1503.4666667
133160.0,113736.0,1532.0
133160.0,113736.0,1532.0
128313.6,131540.8,2551.2
127568.0,134280.0,2708.0
127568.0,134280.0,2708.0
122990.93333,137539.2,2360.8
122664.0,137772.0,2336.0
107028.8,154863.2,1208.5333333
105912.0,156084.0,1128.0
105912.0,156084.0,1128.0
125993.6,135001.86667,691.2
127428.0,133496.0,660.0
127428.0,133496.0,660.0
141544.0,139548.0,868.0
132001.6,149980.0,857.33333333
132001.6,149980.0,857.33333333
123652.0,159108.0,848.0
123415.2,159272.8,842.66666667
120100.0,161580.0,768.0
120100.0,161580.0,768.0
119753.86667,161860.53333,789.06666667
114908.0,165788.0,1084.0
115588.0,164977.06667,1091.7333333
125108.0,153624.0,1200.0
125108.0,153624.0,1200.0
207130.4,82300.266667,1835.7333333
207130.4,82300.266667,1835.7333333
278900.0,19892.0,2392.0
278900.0,19892.0,2392.0
278900.0,19892.0,2392.0
278900.0,19892.0,2392.0
278900.0,19892.0,2392.0
278900.0,19892.0,2392.0
278900.0,19892.0,2392.0
278900.0,19892.0,2392.0
278900.0,19892.0,2392.0
278900.0,19892.0,2392.0
273792.8,23968.8,3336.5333333
273428.0,24260.0,3404.0
266888.0,29664.0,3972.0
266888.0,29664.0,3972.0
266888.0,29664.0,3972.0
266888.0,29664.0,3972.0
266888.0,29664.0,3972.0
266888.0,29664.0,3972.0
266888.0,29664.0,3972.0
266888.0,29664.0,3972.0
266888.0,29664.0,3972.0
266888.0,29664.0,3972.0
266888.0,29664.0,3972.0
266888.0,29664.0,3972.0
265918.4,29785.6,4144.8
265676.0,29816.0,4188.0
265676.0,29816.0,4188.0
265676.0,29816.0,4188.0
265676.0,29816.0,4188.0
265676.0,29816.0,4188.0
265676.0,29816.0,4188.0
265676.0,29816.0,4188.0
265676.0,29816.0,4188.0
265676.0,29816.0,4188.0
265676.0,29816.0,4188.0
265676.0,29816.0,4188.0
265204.53333,30027.466667,4420.2666667
265132.0,30060.0,4456.0
265132.0,30060.0,4456.0
265132.0,30060.0,4456.0
265132.0,30060.0,4456.0
265132.0,30060.0,4456.0
265132.0,30060.0,4456.0
265132.0,30060.0,4456.0
265132.0,30060.0,4456.0
265132.0,30060.0,4456.0
265132.0,30060.0,4456.0
265132.0,30060.0,4456.0
264157.86667,30271.466667,4643.2
264008.0,30304.0,4672.0
264008.0,30304.0,4672.0
264008.0,30304.0,4672.0
264008.0,30304.0,4672.0
264008.0,30304.0,4672.0
264008.0,30304.0,4672.0
264008.0,30304.0,4672.0
264008.0,30304.0,4672.0
264008.0,30304.0,4672.0
264008.0,30304.0,4672.0
264008.0,30304.0,4672.0
262440.0,30389.866667,4896.0
262328.0,30396.0,4912.0
262328.0,30396.0,4912.0
262328.0,30396.0,4912.0
262328.0,30396.0,4912.0
262328.0,30396.0,4912.0
262328.0,30396.0,4912.0
262328.0,30396.0,4912.0
261084.0,30416.0,5056.0
261084.0,30416.0,5056.0
261084.0,30416.0,5056.0
262404.0,30404.0,5128.0
262404.0,30404.0,5128.0
262404.0,30404.0,5128.0
262404.0,30404.0,5128.0
262404.0,30404.0,5128.0
262404.0,30404.0,5128.0
262404.0,30404.0,5128.0
262404.0,30404.0,5128.0
262404.0,30404.0,5128.0
262404.0,30404.0,5128.0
262404.0,30404.0,5128.0
262404.0,30404.0,5128.0
261440.8,30407.733333,5307.2
260326.66667,30411.733333,5364.8
260252.0,30412.0,5368.0
260252.0,30412.0,5368.0
260252.0,30412.0,5368.0
260252.0,30412.0,5368.0
477857.86667,30989.066667,5388.2666667
3524340.0,39068.0,5672.0
