vda,32.40,0.34,0.02,1,0
vda,26.20,0.00,0.12,0,0
vda,16.40,0.08,0.00,0,0
vda,1.00,0.00,0.00,0,0
vda,2.40,0.00,0.01,0,0
vda,1.40,0.00,0.01,0,0
vda,1.60,0.00,0.01,0,0
vda,1.00,0.00,0.00,0,0
vda,0.00,0.00,0.00,0,0
vda,10.40,0.00,0.05,0,0
vda,1.20,0.00,0.00,0,0
vda,8.40,0.00,0.04,0,0
vda,234.60,3.04,0.00,15,0
vda,283.00,3.18,0.01,15,0
vda,216.80,3.19,0.04,15,0
vda,202.80,2.21,0.02,11,0
vda,91.20,0.70,0.02,3,0
vda,12.20,0.00,0.05,0,0
vda,8.20,0.00,0.03,0,0
vda,7.60,0.00,0.03,0,0
vda,11.00,0.09,0.04,0,0
vda,7.00,0.00,0.04,0,0
vda,7.40,0.00,0.07,0,0
vda,0.60,0.00,0.00,0,0
vda,0.00,0.00,0.00,0,0
vda,0.60,0.00,0.00,0,0
vda,7.80,0.00,0.04,0,0
vda,1.40,0.00,0.01,0,0
vda,17.60,0.09,0.01,0,0
vda,3.60,0.00,0.01,0,0
