vda,8.00,0.00,0.23,0,1
vda,6.80,0.00,0.03,0,0
vda,0.00,0.00,0.00,0,0
vda,1.20,0.00,0.00,0,0
vda,143.00,0.00,0.58,0,2
vda,2.00,0.00,0.01,0,0
vda,2.00,0.00,0.01,0,0
vda,5.00,0.00,0.02,0,0
vda,0.00,0.00,0.00,0,0
vda,7.80,0.01,0.03,0,0
vda,3.60,0.00,0.01,0,0
vda,19.20,0.00,0.09,0,0
vda,179.60,0.00,0.90,0,4
vda,13.00,0.00,0.05,0,0
vda,39.20,2.31,0.00,11,0
vda,73.80,3.77,0.04,18,0
vda,13.20,0.00,0.06,0,0
vda,8.40,0.00,0.03,0,0
vda,30.40,0.00,0.26,0,1
vda,7.20,0.00,0.03,0,0
vda,0.00,0.00,0.00,0,0
vda,171.20,0.00,0.67,0,3
vda,6.40,0.00,0.03,0,0
vda,1.60,0.00,0.01,0,0
vda,15.80,0.00,0.26,0,1
vda,23.60,0.00,0.11,0,0
