vda,28.40,0.27,0.00,1,0
vda,6.00,0.07,0.02,0,0
vda,24.60,0.00,0.11,0,0
vda,0.80,0.00,0.01,0,0
vda,4.20,0.00,0.02,0,0
vda,2.00,0.00,0.01,0,0
vda,2.60,0.00,0.01,0,0
vda,434.40,5.30,0.02,26,0
vda,418.00,5.31,0.02,26,0
vda,78.20,8.38,0.03,41,0
vda,136.60,1.21,0.04,6,0
vda,23.60,0.12,0.05,0,0
vda,14.20,0.00,0.05,0,0
vda,2.80,0.09,0.02,0,0
vda,7.20,0.00,0.03,0,0
vda,3.20,0.00,0.02,0,0
vda,9.20,0.00,0.04,0,0
vda,0.00,0.00,0.00,0,0
vda,8.80,0.00,0.06,0,0
vda,4.00,0.00,0.02,0,0
vda,0.60,0.00,0.00,0,0
vda,2.80,0.00,0.01,0,0
vda,2.20,0.00,0.01,0,0
vda,1.80,0.00,0.01,0,0
vda,2.00,0.00,0.01,0,0
vda,9.60,0.00,0.04,0,0
vda,1.80,0.00,0.01,0,0
vda,2.80,0.00,0.01,0,0
