5432756.0,1163400.0,22808.0
4827486.4,1215334.1333,22856.533333
4734368.0,1223324.0,22864.0
4734368.0,1223324.0,22864.0
4659574.6667,1231730.6667,22929.866667
4648068.0,1233024.0,22940.0
4047802.4,1236083.2,22981.6
3897736.0,1236848.0,22992.0
3897736.0,1236848.0,22992.0
3858600.8,1234227.2,23033.6
3852580.0,1233824.0,23040.0
3852580.0,1233824.0,23040.0
3311191.2,1232348.8,23097.6
3175844.0,1231980.0,23112.0
3171792.8,1228124.0,23163.2
3170780.0,1227160.0,23176.0
3170780.0,1227160.0,23176.0
3156679.4667,1224989.3333,23208.266667
3151552.0,1224200.0,23220.0
3151552.0,1224200.0,23220.0
2964227.2,1224536.0,23255.2
2917396.0,1224620.0,23264.0
2920797.6,1225647.2,23321.6
2921648.0,1225904.0,23336.0
2921648.0,1225904.0,23336.0
2920386.1333,1226281.8667,23388.0
2920192.0,1226340.0,23396.0
2920192.0,1226340.0,23396.0
2922144.5333,1224365.0667,23474.4
2922284.0,1224224.0,23480.0
2890072.8,1219691.7333,23539.733333
2887772.0,1219368.0,23544.0
2887772.0,1219368.0,23544.0
2888992.0,1217224.0,23592.0
2888992.0,1217224.0,23592.0
2888992.0,1217224.0,23592.0
2888902.4,1214494.9333,23640.533333
2888896.0,1214300.0,23644.0
2856315.2,1210701.0667,23696.266667
2853988.0,1210444.0,23700.0
2853988.0,1210444.0,23700.0
2854126.1333,1208554.9333,23756.0
2854136.0,1208420.0,23760.0
2854136.0,1208420.0,23760.0
2854136.0,1208420.0,23760.0
2854136.0,1208420.0,23760.0
2856124.0,1205608.0,23880.0
2856124.0,1205608.0,23880.0
2856124.0,1205608.0,23880.0
2853284.0,1203600.0,23936.0
2853284.0,1203600.0,23936.0
2853284.0,1203600.0,23936.0
2855420.0,1201772.0,23996.0
2855420.0,1201772.0,23996.0
1808336.0,1200708.0,24040.0
1808336.0,1200708.0,24040.0
1808336.0,1200708.0,24040.0
2153676.8,1198632.2667,24092.266667
2178344.0,1198484.0,24096.0
2178344.0,1198484.0,24096.0
