2816560.0,513556.0,4076.0
2816560.0,513556.0,4076.0
1973737.6,624592.8,4277.6
1913536.0,632524.0,4292.0
325234.13333,1061077.0667,4351.7333333
211784.0,1091688.0,4356.0
211784.0,1091688.0,4356.0
136876.26667,981739.2,3655.7333333
125352.0,964824.0,3548.0
125352.0,964824.0,3548.0
121532.8,1031385.6,3607.7333333
121260.0,1036140.0,3612.0
109984.0,1039196.0,3684.0
109984.0,1039196.0,3684.0
109984.0,1039196.0,3684.0
107296.0,1029612.0,3752.0
107296.0,1029612.0,3752.0
107296.0,1029612.0,3752.0
321611.73333,803330.93333,3826.6666667
336920.0,787168.0,3832.0
229626.66667,900853.86667,3887.4666667
213120.0,918344.0,3896.0
213120.0,918344.0,3896.0
489815.46667,640785.33333,3968.8
532384.0,598084.0,3980.0
532384.0,598084.0,3980.0
