vda,0.40,0.00,0.00,0,0
vda,2.40,0.00,0.01,0,0
vda,2.00,0.00,0.01,0,0
vda,1.80,0.00,0.01,0,0
vda,3.00,0.00,0.01,0,0
vda,3.60,0.00,0.01,0,0
vda,23.80,0.00,0.10,0,0
vda,2.00,0.00,0.01,0,0
vda,0.00,0.00,0.00,0,0
vda,3.00,0.00,0.01,0,0
vda,3.20,0.00,0.01,0,0
vda,1.80,0.00,0.01,0,0
vda,301.60,3.69,0.02,18,0
vda,443.60,5.81,0.02,29,0
vda,162.60,5.62,0.02,28,0
vda,83.20,1.98,0.03,9,0
vda,70.20,0.56,0.02,2,0
vda,8.60,0.00,0.03,0,0
vda,12.80,0.00,0.05,0,0
vda,17.40,0.11,0.11,0,0
vda,7.40,0.00,0.03,0,0
vda,2.00,0.00,0.01,0,0
vda,3.00,0.00,0.01,0,0
vda,1.80,0.00,0.01,0,0
vda,1.80,0.00,0.01,0,0
vda,2.00,0.00,0.01,0,0
vda,13.40,0.00,0.07,0,0
vda,2.80,0.00,0.01,0,0
vda,2.60,0.00,0.01,0,0
