vda,6.60,0.00,0.03,0,0
vda,1.40,0.00,0.01,0,0
vda,8.60,0.00,0.24,0,1
vda,23.80,0.00,0.09,0,0
vda,4.60,0.00,0.02,0,0
vda,2.00,0.00,0.01,0,0
vda,0.60,0.00,0.00,0,0
vda,201.00,0.00,0.80,0,4
vda,1.60,0.00,0.01,0,0
vda,5.00,0.00,0.02,0,0
vda,1.20,0.00,0.00,0,0
vda,2.00,0.00,0.01,0,0
vda,8.40,0.00,0.03,0,0
vda,9.80,0.00,0.04,0,0
vda,6.00,0.83,0.01,4,0
vda,189.40,0.00,0.94,0,4
vda,22.80,0.00,0.09,0,0
vda,13.20,0.00,0.05,0,0
vda,10.40,0.00,0.05,0,0
vda,6.20,0.00,0.18,0,0
vda,10.80,0.00,0.05,0,0
vda,5.20,0.00,0.02,0,0
vda,145.60,0.00,0.62,0,3
vda,1.20,0.00,0.00,0,0
vda,0.00,0.00,0.00,0,0
vda,5.20,0.00,0.02,0,0
vda,134.60,0.00,0.54,0,2
vda,11.80,0.00,0.24,0,1
vda,2.40,0.00,0.01,0,0
