vda,5.20,0.07,0.01,0,0
vda,1.00,0.00,0.00,0,0
vda,0.80,0.00,0.00,0,0
vda,0.00,0.00,0.00,0,0
vda,0.60,0.00,0.00,0,0
vda,0.80,0.00,0.01,0,0
vda,24.40,0.00,0.11,0,0
vda,283.60,3.55,0.01,17,0
vda,301.40,3.67,0.01,18,0
vda,285.60,3.69,0.02,18,0
vda,32.40,7.01,0.01,35,0
vda,3.20,0.00,0.02,0,0
vda,1.00,0.00,0.00,0,0
vda,1.00,0.00,0.00,0,0
vda,6.40,0.00,0.04,0,0
vda,1.20,0.00,0.05,0,0
vda,10.20,0.00,0.04,0,0
vda,10.00,0.16,0.01,0,0
vda,130.60,1.13,0.01,5,0
vda,6.00,0.03,0.87,0,4
vda,6.00,0.00,0.02,0,0
vda,5.40,0.00,0.02,0,0
vda,4.80,0.00,0.02,0,0
vda,4.60,0.00,0.02,0,0
vda,3.40,0.00,0.01,0,0
vda,4.80,0.00,0.03,0,0
vda,11.00,0.00,0.07,0,0
vda,8.80,0.00,0.89,0,4
vda,4.60,0.00,0.88,0,4
vda,4.60,0.00,0.88,0,4
vda,13.00,0.00,0.05,0,0
vda,3.40,0.08,0.02,0,0
vda,6.20,0.00,0.02,0,0
vda,7.00,0.00,0.06,0,0
vda,1.20,0.00,0.00,0,0
vda,0.00,0.00,0.00,0,0
vda,0.60,0.00,0.00,0,0
vda,8.00,0.00,0.04,0,0
vda,1.00,0.00,0.00,0,0
vda,0.00,0.00,0.00,0,0
