vda,0.80,0.00,0.01,0,0
vda,1.60,0.00,0.01,0,0
vda,19.40,0.00,0.09,0,0
vda,3.20,0.00,0.01,0,0
vda,8.80,0.00,0.04,0,0
vda,0.00,0.00,0.00,0,0
vda,0.80,0.00,0.00,0,0
vda,0.00,0.00,0.00,0,0
vda,22.40,7.00,0.02,35,0
vda,27.20,7.30,0.04,36,0
vda,30.00,10.90,0.01,54,0
vda,2.80,0.00,0.01,0,0
vda,64.80,24.80,0.01,124,0
vda,4.40,0.00,0.03,0,0
vda,5.00,0.00,0.07,0,0
vda,4.80,0.00,0.02,0,0
vda,3.60,0.00,0.01,0,0
vda,7.60,0.00,0.05,0,0
vda,0.00,0.00,0.00,0,0
vda,11.00,0.00,0.05,0,0
vda,8.40,0.00,2.68,0,13
vda,6.60,0.00,2.67,0,13
vda,6.60,0.00,1.37,0,6
vda,5.60,0.00,2.67,0,13
vda,11.40,0.00,1.41,0,7
vda,6.20,0.00,2.71,0,13
vda,7.80,0.00,2.71,0,13
vda,7.80,0.00,2.72,0,13
vda,12.60,0.00,0.05,0,0
vda,5.00,0.00,0.02,0,0
vda,7.60,0.00,0.03,0,0
vda,8.40,0.00,0.06,0,0
vda,9.60,0.00,2.72,0,13
vda,10.40,0.00,2.72,0,13
vda,7.00,0.00,1.38,0,6
vda,7.00,0.00,3.37,0,16
vda,7.40,0.00,2.05,0,10
vda,5.00,0.00,2.69,0,13
vda,7.20,0.00,0.04,0,0
vda,10.80,0.00,0.05,0,0
vda,0.20,0.00,0.00,0,0
vda,0.60,0.00,0.00,0,0
vda,2.60,0.01,0.00,0,0
vda,0.80,0.00,0.00,0,0
vda,1.40,0.00,0.01,0,0
vda,6.40,0.00,0.04,0,0
vda,0.80,0.00,0.00,0,0
vda,0.00,0.00,0.00,0,0
