vda,0.60,0.00,0.00,0,0
vda,1.60,0.00,0.01,0,0
vda,0.80,0.00,0.00,0,0
vda,18.80,0.00,0.09,0,0
vda,2.20,0.00,0.01,0,0
vda,0.80,0.00,0.00,0,0
vda,30.80,0.34,0.01,1,0
vda,420.20,5.12,0.01,25,0
vda,441.00,5.54,0.08,27,0
vda,30.80,0.34,0.01,1,0
vda,138.00,1.32,0.00,6,0
vda,5.20,0.00,0.02,0,0
vda,14.80,0.09,0.06,0,0
vda,5.80,0.00,0.02,0,0
vda,0.40,0.00,0.01,0,0
vda,8.20,0.00,0.05,0,0
vda,0.80,0.00,0.00,0,0
vda,1.80,0.00,0.01,0,0
vda,1.00,0.00,0.00,0,0
vda,0.40,0.00,0.00,0,0
vda,2.00,0.00,0.01,0,0
vda,1.00,0.00,0.00,0,0
