1463873.8667,1051808.2667,5769.0666667
991540.0,1053548.0,6176.0
991540.0,1053548.0,6176.0
970956.53333,1066001.3333,6187.7333333
837164.0,1146948.0,6264.0
837164.0,1146948.0,6264.0
794178.4,1158469.6,6276.8
622236.0,1204556.0,6328.0
611125.6,1204573.6,6337.6
538908.0,1204688.0,6400.0
538908.0,1204688.0,6400.0
534122.4,1204721.6,6414.4
514980.0,1204856.0,6472.0
514980.0,1204856.0,6472.0
507419.2,1204978.4,6484.8
477176.0,1205468.0,6536.0
477473.06667,1205502.1333,6545.6
479404.0,1205724.0,6608.0
479404.0,1205724.0,6608.0
479404.0,1205724.0,6608.0
479404.0,1205724.0,6608.0
479404.0,1205724.0,6608.0
478620.26667,1205757.8667,6617.8666667
467648.0,1206232.0,6756.0
617940.26667,1172528.5333,6761.3333333
1594840.0,953456.0,6796.0
1594840.0,953456.0,6796.0
