vda,3.00,0.00,0.01,0,0
vda,1.80,0.00,0.01,0,0
vda,0.80,0.00,0.00,0,0
vda,19.40,0.00,0.09,0,0
vda,12.00,0.00,0.05,0,0
vda,1.00,0.00,0.00,0,0
vda,0.00,0.00,0.00,0,0
vda,9.60,0.25,0.00,1,0
vda,63.80,11.98,0.15,59,0
vda,85.40,14.74,0.01,73,0
vda,63.20,23.00,0.01,115,0
vda,49.40,18.99,0.00,94,0
vda,72.60,20.56,0.10,102,0
vda,58.20,20.53,0.02,102,0
vda,59.20,21.30,0.01,106,0
vda,63.40,23.42,0.01,117,0
vda,3.00,1.20,0.00,6,0
vda,2.80,0.00,0.01,0,0
vda,3.60,0.00,0.02,0,0
vda,12.60,0.00,0.07,0,0
vda,2.60,0.00,0.01,0,0
vda,3.00,0.00,0.01,0,0
vda,7.60,0.00,3.23,0,16
vda,9.20,0.00,6.90,0,34
vda,4.80,0.02,0.02,0,0
vda,2.80,0.00,0.01,0,0
vda,2.80,0.00,0.01,0,0
vda,0.00,0.00,0.00,0,0
vda,18.80,0.00,5.68,0,28
vda,10.20,0.00,11.89,0,59
vda,4.20,0.00,0.02,0,0
vda,0.20,0.00,0.00,0,0
vda,14.00,0.07,0.05,0,0
vda,1.00,0.00,0.00,0,0
vda,1.00,0.00,0.01,0,0
vda,3.40,0.00,0.02,0,0
vda,21.60,0.00,3.31,0,16
vda,9.00,0.00,6.93,0,34
vda,3.20,0.00,0.01,0,0
vda,0.00,0.00,0.00,0,0
vda,3.40,0.00,0.01,0,0
vda,2.80,0.00,0.01,0,0
vda,8.40,0.00,5.92,0,29
vda,13.20,0.06,11.91,0,59
vda,2.40,0.00,0.01,0,0
vda,2.40,0.00,0.01,0,0
vda,0.00,0.00,0.00,0,0
vda,3.00,0.00,0.01,0,0
vda,6.60,0.00,2.29,0,11
vda,12.20,0.00,0.06,0,0
vda,3.40,0.00,0.01,0,0
vda,5.60,0.00,5.62,0,28
vda,10.60,0.00,12.00,0,60
vda,3.60,0.00,0.01,0,0
vda,0.00,0.00,0.00,0,0
vda,3.40,0.00,0.01,0,0
vda,0.00,0.00,0.00,0,0
vda,4.20,0.00,0.02,0,0
vda,24.40,0.00,0.12,0,0
vda,3.00,0.00,0.01,0,0
vda,2.00,0.00,0.01,0,0
vda,3.80,0.00,0.01,0,0
vda,2.00,0.00,0.01,0,0
vda,4.20,0.00,0.02,0,0
vda,24.20,0.00,5.68,0,28
vda,9.40,0.00,11.99,0,59
vda,3.40,0.00,0.01,0,0
vda,1.80,0.00,0.01,0,0
vda,11.40,0.00,5.64,0,28
vda,11.40,0.00,11.95,0,59
vda,3.00,0.02,0.01,0,0
vda,1.00,0.00,0.00,0,0
vda,3.20,0.00,0.01,0,0
vda,0.00,0.00,0.00,0,0
vda,4.60,0.00,0.03,0,0
vda,11.40,0.00,0.05,0,0
vda,14.40,0.00,6.42,0,32
vda,4.60,0.00,12.08,0,60
vda,3.60,0.00,0.01,0,0
vda,3.00,0.00,0.01,0,0
vda,3.60,0.00,0.01,0,0
vda,21.00,0.00,5.68,0,28
vda,11.60,0.00,0.05,0,0
vda,0.00,0.00,0.00,0,0
vda,0.60,0.00,0.00,0,0
vda,2.80,0.00,0.01,0,0
vda,15.00,0.00,3.27,0,16
vda,11.00,0.02,6.93,0,34
vda,1.00,0.00,0.00,0,0
vda,0.40,0.02,0.00,0,0
vda,3.40,0.00,0.01,0,0
vda,20.20,0.00,4.88,0,24
vda,4.60,0.00,10.17,0,50
vda,3.60,0.00,0.01,0,0
vda,3.80,0.00,0.01,0,0
vda,0.80,0.00,0.00,0,0
vda,7.40,0.00,4.83,0,24
vda,8.20,0.00,10.31,0,51
vda,7.00,0.05,0.02,0,0
vda,1.20,0.00,0.00,0,0
vda,3.00,0.00,0.01,0,0
vda,15.40,0.00,4.86,0,24
vda,8.60,0.00,10.32,0,51
vda,3.00,0.00,0.01,0,0
vda,2.00,0.00,0.01,0,0
vda,3.20,0.00,0.01,0,0
vda,2.00,0.00,0.01,0,0
vda,1.40,0.00,0.01,0,0
vda,10.80,0.00,4.85,0,24
vda,10.40,0.00,10.29,0,51
vda,0.80,0.01,0.00,0,0
vda,3.60,0.00,0.01,0,0
vda,3.60,0.00,0.01,0,0
vda,16.00,0.00,4.87,0,24
vda,11.80,0.00,10.32,0,51
vda,1.80,0.00,0.01,0,0
vda,12.60,0.00,0.05,0,0
vda,0.00,0.00,0.00,0,0
vda,8.40,0.13,0.01,0,0
vda,6.00,0.04,0.02,0,0
vda,8.20,0.00,0.06,0,0
vda,10.80,0.00,4.93,0,24
vda,4.00,0.00,0.02,0,0
vda,20.60,0.00,4.88,0,24
vda,12.40,0.00,10.41,0,52
vda,3.60,0.00,0.01,0,0
vda,0.00,0.00,0.00,0,0
vda,3.00,0.00,0.01,0,0
vda,22.00,0.01,4.89,0,24
vda,12.40,0.00,10.21,0,51
vda,4.00,0.00,0.02,0,0
vda,0.00,0.00,0.00,0,0
vda,1.80,0.00,0.01,0,0
vda,0.80,0.00,0.00,0,0
vda,1.60,0.00,0.01,0,0
vda,8.40,0.00,0.04,0,0
vda,10.00,0.00,4.83,0,24
vda,8.00,0.00,10.40,0,51
vda,2.80,0.00,0.01,0,0
vda,5.20,0.02,0.02,0,0
vda,2.60,0.00,0.01,0,0
vda,21.00,0.00,4.88,0,24
vda,10.60,0.00,10.19,0,50
vda,2.80,0.00,0.01,0,0
vda,0.00,0.00,0.00,0,0
vda,11.80,0.00,0.05,0,0
vda,0.80,0.00,0.00,0,0
vda,1.40,0.00,0.02,0,0
vda,15.40,0.04,2.59,0,12
vda,2.40,0.00,2.56,0,12
vda,9.00,0.00,4.96,0,24
vda,1.80,0.00,0.01,0,0
vda,0.00,0.00,0.00,0,0
vda,1.60,0.00,0.01,0,0
vda,1.00,0.00,0.00,0,0
vda,9.40,0.00,0.04,0,0
vda,0.80,0.00,0.00,0,0
vda,12.80,0.03,0.04,0,0
vda,1.00,0.00,0.00,0,0
vda,0.60,0.00,0.01,0,0
vda,1.00,0.00,0.00,0,0
vda,0.00,0.00,0.00,0,0
vda,6.40,0.00,0.04,0,0
vda,0.60,0.00,0.00,0,0
vda,8.60,0.00,0.04,0,0
vda,2.00,0.00,0.01,0,0
vda,0.80,0.00,0.00,0,0
