vda,1.00,0.00,0.01,0,0
vda,30.60,0.00,0.13,0,0
vda,2.20,0.00,0.01,0,0
vda,2.80,0.00,0.01,0,0
vda,0.00,0.00,0.00,0,0
vda,12.20,0.00,0.05,0,0
vda,2.60,0.00,0.01,0,0
vda,1.80,0.00,0.01,0,0
vda,0.00,0.00,0.00,0,0
vda,4.20,0.00,0.02,0,0
vda,0.00,0.00,0.00,0,0
vda,2.60,0.00,0.01,0,0
vda,352.60,4.32,0.02,21,0
vda,173.80,1.89,0.05,9,0
vda,322.60,4.32,0.02,21,0
vda,81.20,0.86,0.13,4,0
vda,121.80,0.96,0.02,4,0
vda,10.00,0.00,0.04,0,0
vda,15.60,0.09,0.07,0,0
vda,6.20,0.00,0.02,0,0
vda,0.00,0.00,0.00,0,0
vda,2.40,0.00,0.01,0,0
vda,7.60,0.00,0.06,0,0
vda,2.00,0.00,0.01,0,0
vda,1.80,0.00,0.01,0,0
vda,2.60,0.00,0.01,0,0
vda,11.60,0.00,0.05,0,0
vda,2.00,0.00,0.01,0,0
