vda,2.00,0.00,0.01,0,0
vda,0.00,0.00,0.00,0,0
vda,0.60,0.00,0.00,0,0
vda,0.80,0.00,0.00,0,0
vda,0.80,0.00,0.01,0,0
vda,18.60,0.00,0.08,0,0
vda,1.80,0.00,0.01,0,0
vda,359.60,4.38,0.02,21,0
vda,219.40,2.37,0.02,11,0
vda,326.60,4.50,0.01,22,0
vda,154.00,1.43,0.02,7,0
vda,16.00,0.06,0.03,0,0
vda,22.80,0.00,0.12,0,0
vda,8.00,0.09,0.04,0,0
vda,1.40,0.00,0.01,0,0
vda,11.80,0.00,0.05,0,0
vda,1.80,0.00,0.01,0,0
vda,1.00,0.00,0.00,0,0
vda,14.20,0.00,0.07,0,0
vda,1.60,0.00,0.01,0,0
vda,0.00,0.00,0.00,0,0
vda,0.80,0.00,0.00,0,0
vda,0.00,0.00,0.00,0,0
vda,1.20,0.00,0.00,0,0
vda,1.60,0.00,0.01,0,0
vda,1.20,0.00,0.00,0,0
vda,2.00,0.00,0.01,0,0
