vda,2.80,0.00,0.02,0,0
vda,1.00,0.00,0.00,0,0
vda,19.00,0.00,0.09,0,0
vda,2.00,0.00,0.01,0,0
vda,0.80,0.00,0.00,0,0
vda,0.00,0.00,0.00,0,0
vda,0.80,0.00,0.00,0,0
vda,0.20,0.00,0.00,0,0
vda,278.20,17.77,0.03,88,0
vda,122.60,7.18,0.06,35,0
vda,4.00,0.40,0.01,2,0
vda,20.40,1.13,0.01,5,0
vda,4.40,0.40,0.01,2,0
vda,3.60,0.00,0.02,0,0
vda,3.60,0.00,0.07,0,0
vda,0.00,0.00,0.00,0,0
vda,6.60,0.00,0.04,0,0
vda,4.00,0.00,0.02,0,0
vda,9.40,0.00,0.04,0,0
vda,3.00,0.00,0.01,0,0
vda,6.00,0.00,0.03,0,0
vda,6.60,0.00,2.19,0,10
vda,5.40,0.00,4.33,0,21
vda,15.80,0.00,4.35,0,21
vda,5.80,0.00,0.02,0,0
vda,6.40,0.00,2.21,0,11
vda,4.80,0.00,2.22,0,11
vda,9.00,0.00,3.25,0,16
vda,1.80,0.00,3.22,0,16
vda,5.60,0.00,0.02,0,0
vda,15.20,0.00,0.10,0,0
vda,5.20,0.00,0.02,0,0
vda,7.00,0.00,1.13,0,5
vda,6.00,0.00,2.20,0,10
vda,3.80,0.00,4.33,0,21
vda,8.20,0.00,3.26,0,16
vda,4.00,0.00,0.02,0,0
vda,8.80,0.00,4.40,0,22
vda,13.60,0.00,4.31,0,21
vda,12.80,0.00,2.25,0,11
vda,2.40,0.00,2.19,0,10
vda,6.00,0.00,4.37,0,21
vda,12.20,0.00,4.34,0,21
vda,0.20,0.00,0.00,0,0
vda,6.00,0.00,4.41,0,22
vda,6.80,0.00,4.27,0,21
vda,10.60,0.00,2.25,0,11
vda,3.60,0.00,0.01,0,0
vda,7.00,0.00,4.42,0,22
vda,16.20,0.00,4.31,0,21
vda,6.00,0.00,2.22,0,11
vda,3.20,0.00,2.19,0,10
vda,23.40,0.00,4.43,0,22
vda,6.40,0.00,0.07,0,0
vda,0.80,0.00,0.00,0,0
vda,0.20,0.00,0.01,0,0
vda,7.40,0.00,0.03,0,0
vda,0.00,0.00,0.00,0,0
vda,7.20,0.00,0.03,0,0
vda,1.60,0.00,0.01,0,0
vda,4.80,0.00,0.03,0,0
vda,0.80,0.00,0.00,0,0
vda,8.20,0.00,0.04,0,0
vda,1.00,0.00,0.00,0,0
