3649855.2,3848272.8,24097.6
3646620.0,3848284.0,24120.0
3646620.0,3848284.0,24120.0
1518791.7333,3949463.4667,24161.066667
745036.0,3986256.0,24176.0
745036.0,3986256.0,24176.0
383164.0,3998294.4,24219.2
141916.0,4006320.0,24248.0
231206.66667,3958544.0,24275.733333
309336.0,3916740.0,24300.0
309336.0,3916740.0,24300.0
228553.06667,3993584.8,24334.133333
157868.0,4060824.0,24364.0
157868.0,4060824.0,24364.0
148479.2,4064826.1333,24393.866667
140264.0,4068328.0,24420.0
484641.6,3859291.2,24456.266667
785972.0,3676384.0,24488.0
785972.0,3676384.0,24488.0
