vda,80.20,0.38,0.30,1,1
vda,28.60,1.13,0.05,5,0
vda,134.80,0.76,0.48,3,2
vda,36.60,1.13,0.07,5,0
vda,27.20,0.76,0.09,3,0
vda,23.00,1.13,0.02,5,0
vda,15.80,0.76,0.02,3,0
vda,19.60,1.13,0.01,5,0
vda,55.40,0.76,0.17,3,0
vda,40.20,5.11,0.03,25,0
vda,55.40,11.11,0.22,55,1
vda,167.60,1.54,0.59,7,2
vda,21.00,1.53,0.02,7,0
vda,22.40,1.06,0.04,5,0
vda,32.00,1.58,0.08,7,0
vda,29.60,1.14,0.05,5,0
vda,166.40,0.76,0.67,3,3
vda,23.00,1.14,0.02,5,0
vda,14.80,0.76,0.01,3,0
vda,11.80,0.76,0.00,3,0
vda,19.80,1.13,0.01,5,0
vda,154.60,0.76,0.61,3,3
vda,30.40,1.13,0.25,5,1
vda,19.00,0.76,0.03,3,0
vda,19.00,1.13,0.01,5,0
vda,210.00,0.76,0.81,3,4
vda,26.00,1.13,0.03,5,0
vda,14.00,0.76,0.01,3,0
vda,19.00,1.13,0.01,5,0
vda,11.40,0.76,0.00,3,0
vda,159.60,1.13,0.62,5,3
vda,18.00,0.76,0.02,3,0
vda,23.40,1.13,0.02,5,0
vda,12.60,0.76,0.00,3,0
vda,148.00,1.13,0.57,5,2
vda,27.00,0.76,0.25,3,1
vda,22.00,1.13,0.02,5,0
vda,15.40,0.76,0.02,3,0
vda,226.40,1.13,0.87,5,4
vda,15.60,0.76,0.01,3,0
vda,16.00,0.80,0.01,4,0
vda,22.00,1.09,0.02,5,0
vda,145.20,0.76,0.58,3,2
vda,19.60,1.13,0.01,5,0
vda,19.00,0.76,0.03,3,0
vda,20.80,1.13,0.01,5,0
vda,14.20,0.76,0.01,3,0
vda,29.00,1.13,0.24,5,1
vda,16.60,0.76,0.03,3,0
vda,43.60,1.13,0.12,5,0
vda,187.60,0.76,0.69,3,3
vda,19.20,1.13,0.07,5,0
vda,15.40,0.38,0.04,1,0
vda,23.20,1.13,0.02,5,0
vda,15.60,0.76,0.02,3,0
vda,21.40,1.13,0.02,5,0
vda,31.54,0.75,0.08,3,0
vda,21.20,1.13,0.03,5,0
vda,14.20,0.76,0.01,3,0
vda,195.80,0.96,0.90,4,4
vda,21.00,0.93,0.03,4,0
vda,15.00,0.76,0.07,3,0
vda,25.40,1.14,0.03,5,0
vda,20.40,0.76,0.04,3,0
vda,163.60,1.13,0.61,5,3
vda,2.60,0.00,0.01,0,0
vda,1.80,0.00,0.01,0,0
vda,143.00,0.00,0.58,0,2
vda,2.40,0.00,0.01,0,0
vda,0.00,0.00,0.00,0,0
vda,2.60,0.00,0.01,0,0
vda,19.40,0.00,0.27,0,1
vda,2.80,0.00,0.01,0,0
vda,7.60,0.00,0.04,0,0
vda,198.00,0.00,0.80,0,3
vda,2.80,0.00,0.01,0,0
vda,1.80,0.00,0.01,0,0
vda,6.40,0.00,0.03,0,0
vda,19.20,1.13,0.01,5,0
