vda,26.20,0.00,0.13,0,0
vda,2.40,0.00,0.01,0,0
vda,0.00,0.00,0.00,0,0
vda,1.40,0.00,0.01,0,0
vda,1.00,0.00,0.00,0,0
vda,0.00,0.00,0.00,0,0
vda,2.20,0.01,0.00,0,0
vda,13.60,0.22,0.03,1,0
vda,17.20,0.23,0.02,1,0
vda,1.40,0.00,0.01,0,0
vda,12.80,4.00,0.01,20,0
vda,57.80,22.00,0.01,110,0
vda,65.80,25.42,0.01,127,0
vda,72.20,25.60,0.04,128,0
vda,67.40,24.00,0.09,120,0
vda,39.00,14.80,0.01,74,0
vda,2.60,0.00,0.01,0,0
vda,4.40,0.00,0.02,0,0
vda,3.20,0.00,0.01,0,0
vda,0.20,0.00,0.00,0,0
vda,3.20,0.00,0.02,0,0
vda,6.60,0.00,0.04,0,0
vda,3.40,0.00,0.01,0,0
vda,24.40,0.00,14.70,0,73
vda,0.20,0.00,0.00,0,0
vda,3.20,0.00,0.01,0,0
vda,3.60,0.00,0.01,0,0
vda,5.00,0.00,0.02,0,0
vda,3.00,0.00,0.01,0,0
vda,20.60,0.00,10.38,0,51
vda,4.20,0.00,0.02,0,0
vda,2.60,0.00,0.01,0,0
vda,2.80,0.00,0.01,0,0
vda,0.00,0.00,0.00,0,0
vda,17.60,0.00,13.53,0,67
vda,13.40,0.00,0.05,0,0
vda,2.80,0.00,0.01,0,0
vda,3.40,0.00,0.01,0,0
vda,0.00,0.00,0.00,0,0
vda,2.80,0.00,0.01,0,0
vda,25.60,0.00,12.13,0,60
vda,5.00,0.00,0.02,0,0
vda,3.60,0.00,0.01,0,0
vda,2.20,0.00,0.01,0,0
vda,0.00,0.00,0.00,0,0
vda,2.80,0.00,0.01,0,0
vda,15.00,0.00,16.62,0,83
vda,5.60,0.00,0.02,0,0
vda,4.60,0.00,0.02,0,0
vda,3.40,0.00,0.01,0,0
vda,2.80,0.00,0.01,0,0
vda,2.00,0.00,0.01,0,0
vda,17.60,0.00,10.60,0,53
vda,4.60,0.00,0.02,0,0
vda,3.00,0.00,0.01,0,0
vda,2.20,0.00,0.01,0,0
vda,0.00,0.00,0.00,0,0
vda,6.80,0.00,0.03,0,0
vda,30.40,0.00,18.18,0,90
vda,0.20,0.00,0.00,0,0
vda,1.60,0.00,0.01,0,0
vda,0.00,0.00,0.00,0,0
vda,2.80,0.00,0.01,0,0
vda,3.60,0.00,0.01,0,0
vda,11.20,0.00,10.64,0,53
vda,4.40,0.00,0.02,0,0
vda,3.00,0.00,0.01,0,0
vda,3.40,0.00,0.01,0,0
vda,3.40,0.00,0.01,0,0
vda,2.80,0.00,0.01,0,0
vda,20.40,0.00,13.65,0,68
vda,4.80,0.00,0.02,0,0
vda,3.00,0.00,0.01,0,0
vda,3.40,0.00,0.01,0,0
vda,2.40,0.00,0.01,0,0
vda,3.00,0.00,0.01,0,0
vda,18.00,0.00,15.13,0,75
vda,16.60,0.00,0.06,0,0
vda,2.20,0.00,0.01,0,0
vda,3.40,0.00,0.01,0,0
vda,3.40,0.00,0.01,0,0
vda,2.40,0.00,0.01,0,0
vda,28.00,0.00,13.73,0,68
vda,5.20,0.00,0.02,0,0
vda,3.40,0.00,0.01,0,0
vda,3.40,0.00,0.01,0,0
vda,2.00,0.00,0.01,0,0
vda,3.00,0.00,0.01,0,0
vda,28.20,0.00,13.66,0,68
vda,3.00,0.00,0.01,0,0
vda,0.00,0.00,0.00,0,0
vda,2.80,0.00,0.01,0,0
vda,3.00,0.00,0.01,0,0
vda,3.20,0.00,0.01,0,0
vda,12.80,0.00,13.68,0,68
vda,5.80,0.00,0.02,0,0
vda,1.00,0.00,0.00,0,0
vda,3.40,0.00,0.01,0,0
vda,2.60,0.00,0.01,0,0
vda,3.00,0.00,0.01,0,0
vda,23.00,0.00,15.18,0,75
vda,4.20,0.00,0.02,0,0
vda,13.20,0.00,0.05,0,0
vda,0.00,0.00,0.00,0,0
vda,0.60,0.00,0.00,0,0
vda,0.00,0.00,0.00,0,0
vda,2.20,0.00,0.01,0,0
vda,15.00,0.00,0.10,0,0
vda,8.40,0.00,0.03,0,0
vda,0.00,0.00,0.00,0,0
vda,0.60,0.00,0.00,0,0
vda,1.40,0.00,0.01,0,0
vda,2.40,0.00,0.01,0,0
vda,2.20,0.00,0.01,0,0
vda,1.00,0.00,0.00,0,0
vda,0.00,0.00,0.00,0,0
vda,2.40,0.01,0.01,0,0
