vda,22.20,0.00,0.09,0,0
vda,3.60,0.00,0.01,0,0
vda,2.00,0.00,0.01,0,0
vda,6.20,0.00,0.03,0,0
vda,2.20,0.00,0.01,0,0
vda,2.00,0.00,0.01,0,0
vda,2.00,0.00,0.01,0,0
vda,0.00,0.00,0.00,0,0
vda,1.80,0.00,0.01,0,0
vda,11.00,0.00,0.05,0,0
vda,3.40,0.00,0.01,0,0
vda,3.60,0.00,0.01,0,0
vda,380.00,4.65,0.02,23,0
vda,398.20,5.26,0.02,26,0
vda,150.80,13.52,0.00,67,0
vda,13.40,0.06,0.02,0,0
vda,140.60,1.80,0.01,8,0
vda,12.60,0.04,0.05,0,0
vda,14.20,0.00,0.06,0,0
vda,12.20,0.00,0.06,0,0
vda,17.40,0.00,0.12,0,0
vda,7.40,0.00,0.03,0,0
vda,6.60,0.00,0.03,0,0
vda,30.80,0.00,6.90,0,34
vda,1.60,0.09,0.00,0,0
vda,7.00,0.00,0.03,0,0
vda,1.80,0.00,0.01,0,0
vda,2.00,0.00,0.01,0,0
vda,0.00,0.00,0.00,0,0
vda,4.20,0.00,0.02,0,0
vda,6.20,0.00,0.03,0,0
vda,2.80,0.00,0.01,0,0
vda,1.80,0.00,0.01,0,0
vda,1.80,0.00,0.01,0,0
