vda,35.80,0.00,0.15,0,0
vda,2.80,0.00,0.01,0,0
vda,2.20,0.00,0.01,0,0
vda,0.00,0.00,0.00,0,0
vda,1.60,0.03,0.00,0,0
vda,11.00,0.00,0.04,0,0
vda,0.00,0.00,0.00,0,0
vda,119.20,1.61,0.01,8,0
vda,152.60,1.82,0.01,9,0
vda,45.60,10.78,0.04,53,0
vda,52.80,19.14,0.00,95,0
vda,26.20,9.07,0.01,45,0
vda,19.60,3.96,0.02,19,0
vda,20.40,6.53,0.02,32,0
vda,13.80,3.35,0.02,16,0
vda,3.80,0.00,0.06,0,0
vda,4.20,1.23,0.00,6,0
vda,8.00,0.40,0.04,2,0
vda,4.40,0.80,0.01,4,0
vda,40.40,10.88,0.06,54,0
vda,13.60,3.48,0.01,17,0
vda,4.40,0.02,0.02,0,0
vda,3.00,0.00,0.01,0,0
vda,7.40,0.03,0.01,0,0
vda,0.00,0.00,0.00,0,0
vda,3.60,0.00,0.02,0,0
vda,7.80,0.00,0.05,0,0
vda,4.20,0.00,0.02,0,0
vda,12.00,0.00,0.05,0,0
vda,14.00,0.00,6.12,0,30
vda,9.40,0.06,0.02,0,0
vda,8.60,0.15,0.02,0,0
vda,10.60,0.20,0.01,1,0
vda,5.00,0.00,0.02,0,0
vda,4.40,0.00,0.02,0,0
vda,5.60,0.00,0.06,0,0
vda,13.80,0.00,1.15,0,5
vda,17.80,0.00,0.44,0,2
vda,15.00,0.00,0.06,0,0
vda,2.20,0.04,0.00,0,0
vda,5.60,0.00,0.02,0,0
vda,4.20,0.00,0.02,0,0
vda,27.80,0.00,4.79,0,23
vda,4.80,0.00,0.02,0,0
vda,4.20,0.00,0.02,0,0
vda,0.00,0.00,0.00,0,0
vda,3.00,0.00,0.01,0,0
vda,19.60,0.00,4.74,0,23
vda,5.20,0.00,0.02,0,0
vda,5.20,0.00,0.02,0,0
vda,8.60,0.10,0.02,0,0
vda,4.60,0.00,0.02,0,0
vda,0.00,0.00,0.00,0,0
vda,3.60,0.00,0.02,0,0
vda,12.00,0.00,1.61,0,8
vda,7.80,0.00,1.58,0,7
vda,14.20,0.00,0.83,0,4
vda,8.60,0.00,2.36,0,11
vda,5.20,0.01,0.02,0,0
vda,4.20,0.01,0.41,0,2
vda,31.60,0.00,8.72,0,43
vda,4.40,0.00,0.02,0,0
vda,4.00,0.00,0.02,0,0
vda,3.60,0.00,0.01,0,0
vda,4.20,0.00,0.02,0,0
vda,3.00,0.00,0.01,0,0
vda,21.60,0.00,9.18,0,45
vda,6.80,0.02,0.02,0,0
vda,11.20,0.09,0.03,0,0
vda,4.60,0.00,0.02,0,0
vda,4.20,0.00,0.02,0,0
vda,26.20,0.00,5.72,0,28
vda,7.20,0.00,0.03,0,0
vda,0.00,0.00,0.00,0,0
vda,4.40,0.00,0.02,0,0
vda,4.20,0.00,0.02,0,0
vda,21.60,0.00,7.84,0,39
vda,12.20,0.10,0.04,0,0
vda,4.60,0.00,0.02,0,0
vda,0.00,0.00,0.00,0,0
vda,3.80,0.00,0.01,0,0
vda,3.80,0.00,0.01,0,0
vda,33.00,0.00,7.89,0,39
vda,4.40,0.00,0.02,0,0
vda,19.40,0.00,0.08,0,0
vda,4.40,0.00,0.02,0,0
vda,3.80,0.00,0.01,0,0
vda,4.20,0.00,0.02,0,0
vda,27.40,0.04,7.12,0,35
vda,14.00,0.00,0.83,0,4
vda,8.40,0.11,0.03,0,0
vda,3.80,0.00,0.01,0,0
vda,0.00,0.00,0.00,0,0
vda,0.60,0.00,0.00,0,0
vda,0.60,0.00,0.01,0,0
vda,5.40,0.00,0.03,0,0
vda,2.00,0.00,0.01,0,0
vda,2.80,0.03,0.01,0,0
vda,1.20,0.00,0.00,0,0
vda,0.00,0.00,0.00,0,0
