vda,0.40,0.00,0.00,0,0
vda,29.20,0.27,0.01,1,0
vda,3.19,0.07,0.01,0,0
vda,1.00,0.00,0.00,0,0
vda,0.00,0.00,0.00,0,0
vda,1.40,0.00,0.01,0,0
vda,23.60,0.00,0.11,0,0
vda,229.40,2.64,0.02,13,0
vda,297.40,3.62,0.01,18,0
vda,224.60,3.26,0.02,16,0
vda,158.40,1.56,0.14,7,0
vda,148.80,1.34,0.03,6,0
vda,11.60,0.00,0.05,0,0
vda,8.40,0.09,0.04,0,0
vda,0.00,0.00,0.00,0,0
vda,0.80,0.00,0.00,0,0
vda,2.80,0.03,0.01,0,0
vda,9.20,0.00,0.05,0,0
vda,8.00,0.00,0.03,0,0
vda,2.00,0.00,0.01,0,0
vda,0.00,0.00,0.00,0,0
vda,2.80,0.00,0.01,0,0
