vda,1.00,0.00,0.01,0,0
vda,28.40,0.00,0.12,0,0
vda,2.80,0.00,0.01,0,0
vda,2.00,0.00,0.01,0,0
vda,5.20,0.00,0.02,0,0
vda,2.40,0.00,0.01,0,0
vda,0.00,0.00,0.00,0,0
vda,12.80,0.00,0.06,0,0
vda,2.60,0.00,0.01,0,0
vda,0.00,0.00,0.00,0,0
vda,1.80,0.00,0.01,0,0
vda,1.80,0.00,0.01,0,0
vda,286.00,3.53,0.01,17,0
vda,233.20,2.68,0.02,13,0
vda,367.80,4.69,0.07,23,0
vda,153.60,1.43,0.02,7,0
vda,12.80,0.00,0.05,0,0
vda,17.00,0.01,0.06,0,0
vda,8.80,0.09,0.04,0,0
vda,0.60,0.00,0.01,0,0
vda,2.40,0.00,0.01,0,0
vda,10.80,0.00,0.07,0,0
vda,1.80,0.00,0.01,0,0
vda,8.80,0.00,0.04,0,0
vda,0.00,0.00,0.00,0,0
vda,2.80,0.00,0.01,0,0
vda,4.80,0.00,0.02,0,0
vda,2.00,0.00,0.01,0,0
