vda,0.60,0.00,0.00,0,0
vda,2.00,0.00,0.01,0,0
vda,0.60,0.00,0.01,0,0
vda,1.00,0.00,0.00,0,0
vda,3.00,0.00,0.01,0,0
vda,0.00,0.00,0.00,0,0
vda,15.40,0.00,0.07,0,0
vda,271.80,5.66,0.02,28,0
vda,367.60,4.22,0.01,21,0
vda,304.40,17.27,0.02,86,0
vda,65.80,20.26,0.00,101,0
vda,75.40,18.11,0.02,90,0
vda,75.00,25.50,0.04,127,0
vda,69.20,25.40,0.02,127,0
vda,79.00,25.80,0.05,129,0
vda,73.60,26.22,0.06,131,0
vda,69.40,24.62,0.01,123,0
vda,69.40,24.44,0.01,122,0
vda,73.20,25.60,0.01,128,0
vda,83.00,24.72,0.07,123,0
vda,62.80,23.69,0.01,118,0
vda,71.80,24.94,0.01,124,0
vda,68.60,25.50,0.00,127,0
vda,45.80,17.28,0.00,86,0
vda,20.60,7.63,0.00,38,0
vda,46.40,0.22,17.37,1,86
vda,200.40,1.10,34.77,5,173
vda,44.40,1.24,6.75,6,33
vda,17.20,0.08,4.42,0,22
vda,15.60,0.00,3.45,0,17
vda,8.40,0.00,4.24,0,21
vda,12.60,0.00,3.75,0,18
vda,6.40,0.00,4.25,0,21
vda,15.80,0.00,4.22,0,21
vda,20.40,0.00,7.52,0,37
vda,24.40,0.00,7.32,0,36
vda,11.20,0.00,3.49,0,17
vda,10.40,0.19,0.54,0,2
vda,23.00,0.10,4.45,0,22
vda,14.60,0.00,5.95,0,29
vda,222.80,4.74,0.59,23,2
vda,748.20,17.27,0.01,86,0
vda,521.80,12.12,0.01,60,0
vda,2.20,0.00,0.01,0,0
vda,25.80,0.00,8.17,0,40
vda,7.80,0.02,1.15,0,5
vda,14.00,0.46,0.02,2,0
vda,27.40,0.15,3.78,0,18
vda,23.00,0.00,5.66,0,28
vda,18.40,0.00,4.67,0,23
vda,19.80,0.00,7.34,0,36
vda,26.40,0.00,7.41,0,37
vda,18.20,0.00,4.77,0,23
vda,16.20,0.00,4.34,0,21
vda,7.60,0.01,1.13,0,5
vda,16.00,0.00,3.80,0,19
vda,17.40,0.00,5.87,0,29
vda,40.80,0.76,1.09,3,5
vda,875.00,19.66,0.02,98,0
vda,1112.60,25.79,0.00,128,0
vda,26.20,0.07,0.07,0,0
vda,2.80,0.00,0.01,0,0
vda,34.40,0.00,8.15,0,40
vda,25.80,0.00,8.80,0,44
vda,5.40,0.00,0.59,0,2
vda,20.60,0.00,8.09,0,40
vda,5.00,0.00,0.65,0,3
vda,16.40,0.00,8.06,0,40
vda,15.40,0.29,0.65,1,3
vda,23.00,0.00,8.70,0,43
vda,19.00,0.00,7.98,0,39
vda,6.80,0.00,0.78,0,3
vda,14.40,0.00,3.79,0,18
vda,5.60,0.00,1.02,0,5
vda,485.63,11.10,0.01,55,0
vda,786.77,19.19,0.00,95,0
vda,14.60,0.00,4.22,0,21
vda,14.97,0.00,4.44,0,22
vda,99.00,2.34,4.22,11,21
vda,14.40,0.00,4.14,0,20
vda,19.00,0.00,4.27,0,21
vda,17.40,0.02,4.08,0,20
vda,15.40,0.00,4.14,0,20
vda,16.00,0.00,4.14,0,20
vda,24.00,0.00,6.67,0,33
vda,27.00,0.00,8.73,0,43
vda,12.40,0.00,3.77,0,18
vda,38.80,0.32,3.69,1,18
vda,1.40,0.00,0.44,0,2
vda,423.20,9.50,0.01,47,0
vda,1060.80,24.25,0.01,121,0
vda,399.00,9.24,0.00,46,0
vda,14.60,0.00,3.89,0,19
vda,13.40,0.00,4.36,0,21
vda,26.20,0.01,7.81,0,39
vda,11.40,0.00,3.81,0,19
vda,53.60,0.45,8.65,2,43
vda,14.20,0.00,3.84,0,19
vda,13.80,0.00,4.21,0,21
vda,17.00,0.01,4.08,0,20
vda,45.20,0.05,4.40,0,22
vda,15.40,0.00,3.78,0,18
vda,21.20,0.00,5.51,0,27
vda,22.40,0.00,7.53,0,37
vda,3.40,0.00,0.52,0,2
vda,271.40,6.01,0.01,30,0
vda,948.80,21.68,0.00,108,0
vda,104.40,2.98,0.01,14,0
vda,23.00,0.00,3.28,0,16
vda,16.00,0.00,4.42,0,22
vda,24.80,0.00,7.97,0,39
vda,13.00,0.01,3.65,0,18
vda,17.20,0.00,3.78,0,18
vda,13.60,0.00,3.61,0,18
vda,19.20,0.00,4.93,0,24
vda,25.00,0.00,7.14,0,35
vda,21.00,0.00,7.47,0,37
vda,80.60,1.66,4.17,8,20
vda,15.20,0.00,3.71,0,18
vda,11.40,0.00,3.66,0,18
vda,234.00,5.23,1.07,26,5
vda,1168.20,26.81,0.01,134,0
vda,579.60,13.32,0.00,66,0
vda,13.20,0.02,3.23,0,16
vda,15.40,0.00,4.41,0,22
vda,11.60,0.00,3.51,0,17
vda,18.80,0.01,4.54,0,22
vda,92.20,1.37,7.70,6,38
vda,65.60,0.23,3.73,1,18
vda,27.20,0.00,7.29,0,36
vda,14.20,0.01,3.84,0,19
vda,107.40,1.75,4.35,8,21
vda,25.20,0.00,3.93,0,19
vda,28.80,0.00,7.98,0,39
vda,19.60,0.01,3.89,0,19
vda,17.00,0.34,0.52,1,2
vda,735.00,16.42,0.02,82,0
vda,1306.80,30.49,0.05,152,0
vda,32.80,0.19,0.05,0,0
vda,30.00,0.01,5.98,0,29
vda,20.40,0.00,5.49,0,27
vda,13.80,0.00,3.25,0,16
vda,21.00,0.00,5.39,0,26
vda,26.00,0.02,5.71,0,28
vda,16.00,0.00,4.28,0,21
vda,107.20,1.51,5.07,7,25
vda,27.60,0.00,8.10,0,40
vda,12.20,0.00,2.95,0,14
vda,22.00,0.00,5.81,0,29
vda,15.60,0.00,3.59,0,17
vda,9.00,0.00,2.78,0,13
vda,124.60,2.66,0.01,13,0
vda,1056.20,24.13,0.01,120,0
vda,712.60,16.32,0.00,81,0
vda,11.40,0.00,3.82,0,19
vda,35.00,0.49,4.45,2,22
vda,29.00,0.19,2.84,0,14
vda,9.80,0.00,2.74,0,13
vda,23.20,0.00,7.55,0,37
vda,27.40,0.00,8.34,0,41
vda,23.20,0.02,4.43,0,22
vda,16.40,0.00,3.90,0,19
vda,17.00,0.00,4.72,0,23
vda,16.40,0.00,3.89,0,19
vda,44.40,0.83,4.42,4,22
vda,57.00,0.36,4.11,1,20
vda,4.00,0.00,0.46,0,2
vda,668.80,15.17,0.01,75,0
vda,1244.00,28.78,0.00,143,0
vda,6.00,0.04,0.00,0,0
vda,30.80,0.00,7.66,0,38
vda,28.40,0.00,7.75,0,38
vda,15.40,0.01,3.65,0,18
vda,17.60,0.01,3.88,0,19
vda,14.60,0.00,3.75,0,18
vda,39.80,0.54,4.06,2,20
vda,33.60,0.00,7.59,0,37
vda,29.60,0.06,4.98,0,24
vda,27.40,0.05,6.58,0,32
vda,35.60,0.01,3.87,0,19
vda,14.40,0.00,3.80,0,19
vda,15.60,0.00,3.71,0,18
vda,207.00,4.54,0.57,22,2
vda,1075.60,24.53,0.01,122,0
vda,417.00,9.52,0.00,47,0
vda,46.00,0.99,0.00,4,0
vda,2.40,0.12,0.00,0,0
vda,4.00,0.00,1.09,0,5
vda,3.20,0.00,0.02,0,0
vda,3.20,0.00,0.02,0,0
vda,1.00,0.00,0.00,0,0
vda,0.40,0.00,0.00,0,0
vda,7.19,0.00,0.03,0,0
vda,21.00,0.35,0.01,1,0
vda,57.60,1.66,0.04,8,0
vda,0.20,0.00,0.00,0,0
vda,9.80,0.19,0.04,0,0
vda,1.00,0.00,0.00,0,0
vda,0.00,0.00,0.00,0,0
vda,1.20,0.00,0.01,0,0
vda,2.40,0.00,0.01,0,0
vda,0.00,0.00,0.00,0,0
vda,7.60,0.00,0.03,0,0
