3462396.0,47816.0,3668.0
3357922.4,61229.333333,4056.2666667
3070620.0,98116.0,5124.0
2154738.6667,415032.0,5685.3333333
322976.0,1048864.0,6808.0
322976.0,1048864.0,6808.0
264657.33333,790225.33333,6848.0
148020.0,272948.0,6928.0
148020.0,272948.0,6928.0
152233.33333,230592.0,6964.0
160660.0,145880.0,7036.0
145673.33333,186290.66667,5702.6666667
115700.0,267112.0,3036.0
115700.0,267112.0,3036.0
121330.66667,257569.33333,2188.0
132592.0,238484.0,492.0
127057.6,243892.0,480.8
104920.0,265524.0,436.0
104920.0,265524.0,436.0
140604.26667,228604.53333,721.86666667
238736.0,127076.0,1508.0
238736.0,127076.0,1508.0
216769.6,148199.2,1502.4
128904.0,232692.0,1480.0
128904.0,232692.0,1480.0
130088.0,219680.0,1349.3333333
132456.0,193656.0,1088.0
129086.4,197261.33333,1146.6666667
119820.0,207176.0,1308.0
119820.0,207176.0,1308.0
118056.8,211441.6,1324.8
111004.0,228504.0,1392.0
111996.0,227408.0,1326.9333333
118444.0,220284.0,904.0
118444.0,220284.0,904.0
117021.06667,220771.46667,826.66666667
107772.0,223940.0,324.0
107772.0,223940.0,324.0
109827.2,223949.6,452.8
118048.0,223988.0,968.0
118048.0,223988.0,968.0
124645.33333,209392.8,1295.4666667
142788.0,169256.0,2196.0
140972.53333,167181.33333,2418.9333333
135980.0,161476.0,3032.0
135980.0,161476.0,3032.0
132095.2,159725.6,2660.8
116556.0,152724.0,1176.0
116148.8,168049.6,1194.4
114520.0,229352.0,1268.0
114520.0,229352.0,1268.0
112838.93333,231172.8,1228.5333333
108216.0,236180.0,1120.0
108216.0,236180.0,1120.0
108224.53333,232119.2,1148.8
108248.0,220952.0,1228.0
108248.0,220952.0,1228.0
108248.0,220952.0,1228.0
108248.0,220952.0,1228.0
110313.6,214404.8,1259.2
118576.0,188216.0,1384.0
118576.0,188216.0,1384.0
116877.86667,189641.06667,1502.4
112208.0,193560.0,1828.0
112208.0,193560.0,1828.0
