vda,0.60,0.00,0.00,0,0
vda,1.80,0.00,0.01,0,0
vda,0.00,0.00,0.00,0,0
vda,23.00,0.00,0.11,0,0
vda,0.00,0.00,0.00,0,0
vda,1.40,0.00,0.01,0,0
vda,4.80,0.00,0.02,0,0
vda,304.20,3.80,0.03,18,0
vda,350.60,3.90,0.01,19,0
vda,279.40,9.94,0.15,49,0
vda,27.00,5.71,0.01,28,0
vda,1.00,0.00,0.00,0,0
vda,10.80,0.00,0.05,0,0
vda,1.60,0.00,0.01,0,0
vda,15.80,0.09,0.00,0,0
vda,3.40,0.00,0.01,0,0
vda,0.00,0.00,0.00,0,0
vda,0.60,0.00,0.00,0,0
vda,138.20,1.30,0.01,6,0
vda,14.00,0.03,0.06,0,0
vda,26.00,0.00,1.04,0,5
vda,6.00,0.00,0.02,0,0
vda,12.80,0.00,0.05,0,0
vda,3.60,0.00,0.01,0,0
vda,1.80,0.09,0.01,0,0
vda,6.40,0.00,0.03,0,0
vda,8.40,0.00,0.06,0,0
vda,1.00,0.00,0.00,0,0
vda,1.40,0.00,0.01,0,0
vda,0.00,0.00,0.00,0,0
vda,1.00,0.00,0.00,0,0
vda,0.00,0.00,0.00,0,0
vda,1.40,0.00,0.01,0,0
