vda,2.20,0.00,0.01,0,0
vda,1.00,0.00,0.00,0,0
vda,21.00,0.00,0.10,0,0
vda,0.80,0.00,0.00,0,0
vda,0.80,0.00,0.01,0,0
vda,2.40,0.00,0.01,0,0
vda,1.60,0.00,0.01,0,0
vda,4.60,0.00,0.02,0,0
vda,4.60,0.00,0.02,0,0
vda,17.20,4.34,0.03,21,0
vda,0.40,0.00,0.01,0,0
vda,10.00,0.00,0.04,0,0
vda,0.80,0.00,0.00,0,0
vda,2.80,0.00,0.02,0,0
vda,3.60,0.00,0.06,0,0
vda,1.60,0.00,0.01,0,0
vda,2.40,0.00,0.02,0,0
vda,4.00,0.00,0.02,0,0
vda,5.20,0.00,0.02,0,0
vda,5.00,0.00,0.02,0,0
vda,12.60,0.00,0.05,0,0
vda,10.40,0.00,0.04,0,0
vda,4.40,0.00,0.02,0,0
vda,7.00,0.00,0.06,0,0
vda,1.40,0.00,0.01,0,0
vda,8.58,0.00,0.04,0,0
vda,3.60,0.00,0.02,0,0
vda,5.40,0.00,0.02,0,0
vda,7.20,0.00,0.03,0,0
vda,17.00,0.00,0.07,0,0
vda,8.60,0.00,0.05,0,0
vda,0.00,0.00,0.00,0,0
vda,1.80,0.00,0.01,0,0
vda,9.60,0.00,0.04,0,0
vda,3.00,0.00,0.01,0,0
vda,4.20,0.00,0.02,0,0
vda,1.00,0.00,0.00,0,0
