vda,3.20,0.00,0.02,0,0
vda,17.40,0.00,0.08,0,0
vda,1.00,0.00,0.00,0,0
vda,0.00,0.00,0.00,0,0
vda,2.00,0.00,0.01,0,0
vda,1.00,0.00,0.00,0,0
vda,1.40,0.00,0.01,0,0
vda,2.20,0.00,0.01,0,0
vda,33.20,8.13,0.02,40,0
vda,59.00,18.56,0.03,92,0
vda,16.80,1.92,0.04,9,0
vda,16.60,6.09,0.00,30,0
vda,21.60,6.50,0.02,32,0
vda,3.60,0.00,0.01,0,0
vda,0.80,0.00,0.06,0,0
vda,4.00,0.00,0.02,0,0
vda,5.40,0.00,0.02,0,0
vda,15.40,0.00,0.08,0,0
vda,13.80,0.00,0.05,0,0
vda,8.20,0.00,0.05,0,0
vda,1.00,0.00,0.00,0,0
vda,1.60,0.00,0.01,0,0
vda,1.00,0.00,0.00,0,0
vda,0.00,0.00,0.00,0,0
vda,0.60,0.00,0.00,0,0
vda,2.00,0.00,0.01,0,0
vda,0.00,0.00,0.00,0,0
