vda,17.80,1.60,140.80,8,704
vda,27.15,0.00,141.32,0,708
vda,8.00,0.00,39.20,0,196
vda,0.00,0.00,0.00,0,0
vda,13.20,0.00,82.40,0,412
vda,63.80,0.80,266.40,4,1332
vda,33.60,0.80,181.60,4,908
vda,20.80,0.00,86.40,0,432
vda,41.00,0.00,219.20,0,1096
vda,29.20,0.00,144.80,0,724
vda,26.80,3.20,114.40,16,572
vda,25.80,313.60,124.80,1568,624
vda,8.40,985.60,21.60,4928,108
vda,10.60,1049.60,21.60,5248,108
vda,11.40,1049.60,48.00,5248,240
vda,35.60,998.40,124.00,4992,620
vda,7.00,615.20,40.00,3076,200
vda,36.60,947.20,169.60,4736,848
vda,8.40,870.40,28.80,4352,144
vda,8.80,821.60,38.40,4108,192
vda,37.00,768.00,237.60,3840,1188
vda,21.00,691.20,306.40,3456,1532
vda,20.00,874.40,110.40,4372,552
vda,10.20,998.40,18.40,4992,92
vda,17.80,1049.60,51.20,5248,256
vda,14.00,922.40,36.80,4612,184
vda,26.80,259.20,131.20,1296,656
vda,44.60,0.00,204.80,0,1024
vda,19.80,0.00,109.60,0,548
vda,40.60,0.80,177.60,4,888
vda,49.60,0.00,211.20,0,1056
vda,48.60,2.40,524.00,12,2620
vda,36.40,0.80,164.80,4,824
vda,1.00,0.00,20.80,0,104
vda,1.00,1.60,42.40,8,212
vda,22.40,0.00,90.40,0,452
vda,41.40,0.00,188.00,0,940
vda,11.80,0.00,321.60,0,1608
vda,27.60,0.00,147.20,0,736
vda,32.60,0.00,140.80,0,704
vda,45.60,0.00,256.80,0,1284
vda,17.20,12.00,75.20,60,376
vda,24.40,0.00,99.20,0,496
vda,7.60,0.00,44.80,0,224
vda,11.80,0.00,269.60,0,1348
vda,41.20,0.80,208.80,4,1044
vda,34.00,0.80,160.00,4,800
vda,35.40,0.00,183.20,0,916
vda,27.60,0.00,144.80,0,724
vda,30.80,0.00,142.40,0,712
vda,29.00,0.00,121.60,0,608
vda,22.80,0.80,129.60,4,648
vda,39.00,0.00,157.60,0,788
vda,19.00,0.00,113.60,0,568
vda,11.60,0.80,45.60,4,228
vda,24.60,0.80,530.40,4,2652
vda,28.20,0.00,156.00,0,780
vda,32.00,0.00,132.00,0,660
vda,34.80,1.60,162.40,8,812
vda,45.00,0.00,206.40,0,1032
vda,47.00,1.60,232.00,8,1160
vda,33.60,0.00,140.00,0,700
vda,41.20,0.00,364.80,0,1824
vda,32.20,0.80,168.80,4,844
vda,44.40,0.00,192.80,0,964
vda,0.00,0.00,0.00,0,0
vda,3.80,0.00,60.80,0,304
vda,39.60,0.00,160.00,0,800
vda,37.80,0.80,159.20,4,796
