vda,0.40,0.00,0.00,0,0
vda,32.00,0.34,0.01,1,0
vda,26.40,0.00,0.11,0,0
vda,0.00,0.00,0.00,0,0
vda,1.00,0.00,0.00,0,0
vda,2.20,0.00,0.01,0,0
vda,1.00,0.00,0.00,0,0
vda,0.80,0.00,0.00,0,0
vda,0.00,0.00,0.00,0,0
vda,0.60,0.00,0.00,0,0
vda,0.00,0.00,0.00,0,0
vda,11.00,0.00,0.05,0,0
vda,253.40,3.15,0.02,15,0
vda,281.20,3.09,0.05,15,0
vda,316.00,4.25,0.02,21,0
vda,192.80,1.91,0.02,9,0
vda,14.60,0.10,0.05,0,0
vda,6.60,0.00,0.03,0,0
vda,0.00,0.00,0.00,0,0
vda,1.20,0.00,0.01,0,0
vda,9.20,0.00,0.05,0,0
vda,1.20,0.00,0.00,0,0
vda,0.00,0.00,0.00,0,0
vda,1.00,0.00,0.00,0,0
vda,0.60,0.00,0.00,0,0
vda,0.60,0.00,0.01,0,0
