vda,7.40,0.00,0.22,0,1
vda,3.00,0.00,0.01,0,0
vda,5.20,0.00,0.02,0,0
vda,130.60,0.00,0.53,0,2
vda,3.20,0.00,0.01,0,0
vda,0.00,0.00,0.00,0,0
vda,133.40,0.00,0.54,0,2
vda,1.60,0.00,0.01,0,0
vda,5.20,0.00,0.02,0,0
vda,141.40,0.00,0.57,0,2
vda,1.60,0.00,0.01,0,0
vda,6.60,0.00,0.03,0,0
vda,9.00,0.00,0.23,0,1
vda,9.00,0.00,0.04,0,0
vda,200.00,0.00,0.88,0,4
vda,6.80,1.04,0.02,5,0
vda,10.20,0.00,0.04,0,0
vda,6.60,0.00,0.03,0,0
vda,10.00,0.00,0.04,0,0
vda,76.80,0.00,0.44,0,2
vda,70.46,0.00,0.28,0,1
vda,2.60,0.00,0.01,0,0
vda,0.40,0.00,0.00,0,0
vda,5.60,0.00,0.02,0,0
vda,6.80,0.00,0.22,0,1
vda,4.60,0.00,0.02,0,0
vda,270.00,0.00,1.08,0,5
