vda,0.60,0.00,0.00,0,0
vda,30.20,0.27,0.01,1,0
vda,4.00,0.07,0.01,0,0
vda,2.80,0.00,0.01,0,0
vda,3.60,0.00,0.01,0,0
vda,2.00,0.00,0.01,0,0
vda,26.00,0.00,0.11,0,0
vda,441.20,5.46,0.02,27,0
vda,425.60,5.41,0.02,27,0
vda,53.60,10.95,0.02,54,0
vda,15.00,1.71,0.01,8,0
vda,140.20,1.16,0.05,5,0
vda,2.80,0.00,0.01,0,0
vda,11.40,0.00,0.06,0,0
vda,6.80,0.00,0.08,0,0
vda,9.40,0.00,0.04,0,0
vda,5.80,0.00,0.02,0,0
vda,5.00,0.00,0.02,0,0
vda,15.00,0.00,0.10,0,0
vda,8.60,0.09,0.04,0,0
vda,0.20,0.00,0.00,0,0
vda,4.00,0.00,0.02,0,0
vda,2.20,0.00,0.01,0,0
vda,2.00,0.00,0.01,0,0
vda,1.80,0.00,0.01,0,0
vda,5.20,0.00,0.03,0,0
vda,2.80,0.00,0.01,0,0
vda,10.18,0.00,0.05,0,0
vda,1.80,0.00,0.01,0,0
vda,2.00,0.00,0.01,0,0
vda,1.40,0.00,0.01,0,0
vda,2.00,0.00,0.01,0,0
vda,3.20,0.00,0.01,0,0
vda,2.80,0.00,0.01,0,0
