vda,17.60,1.13,0.00,5,0
vda,205.80,0.76,0.79,3,3
vda,23.40,1.13,0.02,5,0
vda,13.00,0.76,0.01,3,0
vda,14.40,0.76,0.01,3,0
vda,28.60,1.13,0.24,5,1
vda,15.60,0.76,0.02,3,0
vda,166.20,1.13,0.68,5,3
vda,23.80,0.76,0.05,3,0
vda,39.60,3.07,0.01,15,0
vda,17.20,1.32,0.01,6,0
vda,229.60,1.72,0.81,8,4
vda,17.60,1.13,0.00,5,0
vda,19.20,1.13,0.01,5,0
vda,23.60,0.76,0.05,3,0
vda,23.20,1.13,0.02,5,0
vda,155.60,0.76,0.67,3,3
vda,31.20,1.13,0.25,5,1
vda,16.40,0.76,0.02,3,0
vda,21.00,1.13,0.01,5,0
vda,18.80,0.76,0.03,3,0
vda,161.00,1.13,0.69,5,3
vda,15.00,0.76,0.01,3,0
vda,24.80,1.14,0.03,5,0
vda,13.60,0.76,0.01,3,0
vda,215.00,0.84,0.89,4,4
vda,23.40,1.05,0.03,5,0
vda,11.60,0.76,0.00,3,0
vda,26.00,1.14,0.04,5,0
vda,26.20,0.88,0.25,4,1
vda,19.80,1.13,0.01,5,0
vda,156.20,0.76,0.63,3,3
vda,24.60,1.13,0.03,5,0
vda,11.38,0.75,0.00,3,0
vda,19.00,1.14,0.01,5,0
vda,212.00,0.76,0.80,3,3
