vda,1.20,0.00,0.01,0,0
vda,25.80,0.00,0.11,0,0
vda,2.80,0.00,0.01,0,0
vda,29.60,0.27,0.01,1,0
vda,14.20,0.07,0.06,0,0
vda,3.00,0.00,0.01,0,0
vda,2.00,0.00,0.01,0,0
vda,0.00,0.00,0.00,0,0
vda,22.60,0.12,0.02,0,0
vda,0.00,0.00,0.00,0,0
vda,2.60,0.00,0.01,0,0
vda,5.00,0.00,0.02,0,0
vda,260.80,3.28,0.02,16,0
vda,348.40,4.05,0.02,20,0
vda,300.80,14.85,0.00,74,0
vda,86.00,22.25,0.06,111,0
vda,139.80,1.28,0.02,6,0
vda,6.00,0.02,0.02,0,0
vda,16.40,0.03,1.72,0,8
vda,14.40,0.19,0.57,0,2
vda,5.00,0.00,0.02,0,0
vda,0.00,0.00,0.00,0,0
vda,5.60,0.00,0.02,0,0
vda,8.20,0.00,0.03,0,0
vda,5.40,0.00,0.03,0,0
vda,28.00,0.00,0.14,0,0
vda,9.00,0.00,2.19,0,10
vda,1.60,0.00,2.16,0,10
vda,5.20,0.00,0.02,0,0
vda,5.00,0.00,2.18,0,10
vda,4.20,0.00,0.02,0,0
vda,6.40,0.00,0.03,0,0
vda,12.60,0.00,0.07,0,0
vda,0.40,0.00,0.00,0,0
vda,11.80,0.00,0.05,0,0
vda,16.60,0.00,1.69,0,8
vda,4.80,0.08,0.02,0,0
vda,8.00,0.00,0.03,0,0
vda,0.00,0.00,0.00,0,0
vda,1.80,0.00,0.01,0,0
vda,1.80,0.00,0.01,0,0
vda,17.20,0.00,0.08,0,0
vda,2.20,0.00,0.01,0,0
vda,0.00,0.00,0.00,0,0
vda,10.60,0.00,0.05,0,0
