vda,54.60,0.34,0.11,1,0
vda,2.40,0.00,0.01,0,0
vda,2.00,0.00,0.01,0,0
vda,12.60,0.00,0.06,0,0
vda,2.00,0.00,0.01,0,0
vda,2.20,0.00,0.01,0,0
vda,16.20,0.08,0.01,0,0
vda,1.80,0.00,0.01,0,0
vda,1.80,0.00,0.01,0,0
vda,3.00,0.00,0.01,0,0
vda,2.40,0.00,0.01,0,0
vda,2.40,0.00,0.01,0,0
vda,298.80,3.62,0.05,18,0
vda,390.00,4.88,0.02,24,0
vda,212.00,10.07,0.02,50,0
vda,53.20,13.01,0.10,65,0
vda,127.20,1.17,0.02,5,0
vda,19.80,0.16,0.02,0,0
vda,12.00,0.00,1.21,0,6
vda,10.00,0.00,0.04,0,0
vda,4.80,0.00,0.02,0,0
vda,5.80,0.00,0.02,0,0
vda,9.80,0.00,0.04,0,0
vda,20.20,0.00,2.45,0,12
vda,0.00,0.00,0.00,0,0
vda,9.00,0.09,0.03,0,0
vda,6.40,0.00,0.03,0,0
vda,1.80,0.00,0.01,0,0
vda,17.00,0.09,0.01,0,0
vda,3.80,0.00,0.02,0,0
vda,8.60,0.00,0.04,0,0
vda,2.00,0.00,0.01,0,0
vda,17.20,0.00,0.08,0,0
vda,2.00,0.00,0.01,0,0
