vda,0.00,0.00,0.00,0,0
vda,1.40,0.00,0.01,0,0
vda,0.60,0.00,0.00,0,0
vda,17.00,0.00,0.09,0,0
vda,1.00,0.00,0.01,0,0
vda,1.60,0.00,0.01,0,0
vda,3.59,0.00,0.01,0,0
vda,8.60,0.24,0.02,1,0
vda,17.80,0.23,0.02,1,0
vda,8.00,0.38,0.01,1,0
vda,2.60,0.00,0.01,0,0
vda,3.00,0.00,0.01,0,0
vda,191.60,12.10,0.03,60,0
vda,14.20,0.38,0.05,1,0
vda,2.80,0.00,0.06,0,0
vda,3.20,0.00,0.01,0,0
vda,6.20,0.00,0.02,0,0
vda,3.00,0.00,0.01,0,0
vda,2.60,0.00,0.01,0,0
vda,3.00,0.00,0.01,0,0
vda,6.60,0.00,0.04,0,0
vda,0.00,0.00,0.00,0,0
vda,9.80,0.00,0.05,0,0
vda,4.60,0.00,0.02,0,0
vda,15.80,0.00,14.52,0,72
vda,4.00,0.00,0.02,0,0
vda,15.60,0.00,8.71,0,43
vda,0.00,0.00,0.00,0,0
vda,4.00,0.00,0.02,0,0
vda,10.80,0.00,0.05,0,0
vda,9.40,0.00,0.04,0,0
vda,5.00,0.00,0.02,0,0
vda,13.60,0.00,5.78,0,28
vda,2.60,0.00,5.89,0,29
vda,11.40,0.00,5.83,0,29
vda,5.00,0.00,5.84,0,29
vda,4.00,0.00,0.02,0,0
vda,9.40,0.00,2.93,0,14
vda,11.40,0.00,5.77,0,28
vda,15.60,0.00,5.94,0,29
vda,8.60,0.00,5.79,0,28
vda,7.60,0.00,2.98,0,14
vda,3.20,0.00,0.01,0,0
vda,6.00,0.00,2.93,0,14
vda,8.80,0.00,5.76,0,28
vda,12.40,0.00,8.79,0,43
vda,13.20,0.00,5.91,0,29
vda,0.20,0.00,0.00,0,0
vda,1.80,0.00,0.01,0,0
vda,6.80,0.00,2.94,0,14
vda,8.00,0.00,5.76,0,28
vda,8.00,0.00,5.90,0,29
vda,13.40,0.00,5.83,0,29
vda,9.60,0.00,3.01,0,15
vda,3.80,0.00,0.01,0,0
vda,11.60,0.00,5.74,0,28
vda,20.20,0.00,5.97,0,29
vda,0.00,0.00,0.00,0,0
vda,3.40,0.00,0.01,0,0
vda,3.60,0.00,0.01,0,0
vda,11.80,0.00,4.39,0,21
vda,7.40,0.00,7.32,0,36
vda,13.80,0.00,4.46,0,22
vda,9.60,0.00,5.79,0,28
vda,9.20,0.00,1.50,0,7
vda,7.80,0.00,2.93,0,14
vda,12.60,0.01,5.76,0,28
vda,15.40,0.00,5.95,0,29
vda,7.80,0.00,5.81,0,29
vda,1.80,0.00,2.95,0,14
vda,16.20,0.00,2.98,0,14
vda,8.00,0.00,5.76,0,28
vda,7.80,0.00,5.90,0,29
vda,7.20,0.00,5.81,0,29
vda,21.60,0.00,0.13,0,0
vda,1.60,0.00,0.01,0,0
vda,0.00,0.00,0.00,0,0
vda,0.60,0.00,0.00,0,0
vda,7.80,0.00,0.03,0,0
vda,0.00,0.00,0.00,0,0
vda,7.20,0.00,0.04,0,0
vda,5.00,0.00,0.03,0,0
vda,0.00,0.00,0.00,0,0
vda,0.60,0.00,0.00,0,0
vda,2.40,0.00,0.01,0,0
vda,1.60,0.00,0.01,0,0
vda,1.40,0.00,0.01,0,0
