vda,1.20,0.00,0.01,0,0
vda,26.00,0.00,0.12,0,0
vda,0.80,0.00,0.00,0,0
vda,0.00,0.00,0.00,0,0
vda,0.60,0.00,0.00,0,0
vda,11.80,0.00,0.05,0,0
vda,1.20,0.00,0.00,0,0
vda,0.00,0.00,0.00,0,0
vda,0.80,0.00,0.00,0,0
vda,0.00,0.00,0.00,0,0
vda,0.60,0.00,0.00,0,0
vda,0.80,0.00,0.01,0,0
vda,295.60,3.61,0.04,18,0
vda,233.80,2.62,0.01,13,0
vda,257.60,3.69,0.01,18,0
vda,248.80,2.44,0.02,12,0
vda,17.20,0.01,0.05,0,0
vda,16.20,0.09,0.08,0,0
vda,7.20,0.00,0.03,0,0
vda,0.40,0.00,0.00,0,0
vda,9.40,0.00,0.08,0,0
vda,0.80,0.00,0.00,0,0
vda,8.40,0.00,0.03,0,0
vda,0.40,0.00,0.00,0,0
vda,1.00,0.00,0.01,0,0
vda,2.00,0.00,0.01,0,0
