vda,1.40,0.00,0.01,0,0
vda,26.20,0.00,0.11,0,0
vda,33.20,0.33,0.02,1,0
vda,2.00,0.00,0.01,0,0
vda,0.00,0.00,0.00,0,0
vda,1.80,0.00,0.01,0,0
vda,2.80,0.00,0.01,0,0
vda,2.40,0.00,0.01,0,0
vda,8.40,0.00,0.04,0,0
vda,2.00,0.00,0.01,0,0
vda,2.00,0.00,0.01,0,0
vda,1.80,0.00,0.01,0,0
vda,371.20,4.56,0.02,22,0
vda,388.00,5.09,0.02,25,0
vda,151.60,2.77,0.13,13,0
vda,3.60,0.00,0.01,0,0
vda,138.20,1.69,0.00,8,0
vda,7.00,0.03,0.02,0,0
vda,5.60,0.00,0.02,0,0
vda,12.40,0.00,0.05,0,0
vda,8.80,0.00,0.04,0,0
vda,12.60,0.00,0.11,0,0
vda,5.40,0.00,0.02,0,0
vda,9.20,0.09,0.03,0,0
vda,2.20,0.00,0.01,0,0
vda,12.00,0.00,0.06,0,0
vda,2.40,0.00,0.01,0,0
vda,2.00,0.00,0.01,0,0
vda,10.40,0.05,0.01,0,0
vda,2.00,0.00,0.01,0,0
vda,1.80,0.00,0.01,0,0
vda,0.80,0.00,0.01,0,0
