vda,23.80,0.00,0.13,0,0
vda,1.40,0.00,0.01,0,0
vda,0.00,0.00,0.00,0,0
vda,0.60,0.00,0.00,0,0
vda,0.00,0.00,0.00,0,0
vda,3.80,0.00,0.01,0,0
vda,2.40,0.00,0.01,0,0
vda,9.00,0.22,0.01,1,0
vda,50.80,12.77,0.02,63,0
vda,43.80,16.50,0.00,82,0
vda,63.00,23.35,0.01,116,0
vda,74.00,26.21,0.02,131,0
vda,70.40,25.80,0.02,129,0
vda,74.80,25.30,0.05,126,0
vda,69.20,25.10,0.07,125,0
vda,70.20,25.71,0.01,128,0
vda,73.40,27.12,0.01,135,0
vda,73.20,27.40,0.01,137,0
vda,67.20,24.60,0.01,123,0
vda,76.00,27.82,0.02,139,0
vda,72.80,23.80,0.06,119,0
vda,65.40,24.61,0.00,123,0
vda,61.80,22.91,0.01,114,0
vda,70.20,25.80,0.01,129,0
vda,72.20,26.21,0.02,131,0
vda,68.20,25.71,0.01,128,0
vda,62.40,23.38,0.01,116,0
vda,69.60,25.42,0.02,127,0
vda,63.60,23.37,0.01,116,0
vda,60.40,22.88,0.00,114,0
vda,49.80,16.55,0.04,82,0
vda,64.00,24.60,0.00,123,0
vda,40.00,14.50,0.01,72,0
vda,10.00,0.00,0.04,0,0
vda,6.60,0.01,0.02,0,0
vda,5.60,0.00,0.02,0,0
vda,6.59,0.00,0.03,0,0
vda,6.00,0.00,0.03,0,0
vda,6.40,0.00,0.03,0,0
vda,21.80,0.00,11.35,0,56
vda,9.00,0.00,3.51,0,17
vda,26.60,0.00,31.73,0,158
vda,0.80,0.00,0.00,0,0
vda,2.80,0.00,0.01,0,0
vda,4.60,0.00,0.02,0,0
vda,6.00,0.00,1.17,0,5
vda,9.40,0.00,2.33,0,11
vda,14.20,0.00,1.22,0,6
vda,33.60,0.00,24.50,0,122
vda,26.60,0.00,20.95,0,104
vda,4.00,0.00,0.01,0,0
vda,0.80,0.00,0.00,0,0
vda,17.80,0.00,0.07,0,0
vda,10.40,0.01,0.04,0,0
vda,5.60,0.00,0.02,0,0
vda,40.60,0.00,23.62,0,118
vda,12.40,0.00,9.32,0,46
vda,0.20,0.00,0.00,0,0
vda,5.20,0.00,0.02,0,0
vda,2.40,0.00,0.01,0,0
vda,3.80,0.00,0.01,0,0
vda,17.00,0.00,5.91,0,29
vda,15.40,0.01,4.75,0,23
vda,25.00,0.00,28.31,0,141
vda,0.20,0.00,0.00,0,0
vda,7.20,0.00,0.03,0,0
vda,3.40,0.00,0.01,0,0
vda,0.80,0.00,0.00,0,0
vda,23.80,0.00,15.32,0,76
vda,20.60,0.00,24.77,0,123
vda,10.20,0.00,4.67,0,23
vda,6.60,0.00,0.03,0,0
vda,10.60,0.03,0.04,0,0
vda,27.20,0.00,12.04,0,60
vda,9.00,0.00,4.63,0,23
vda,37.80,0.00,26.00,0,129
vda,6.20,0.00,0.02,0,0
vda,5.40,0.00,0.02,0,0
vda,6.80,0.00,0.03,0,0
vda,41.40,0.00,27.16,0,135
vda,22.80,0.04,17.64,0,88
vda,0.00,0.00,0.00,0,0
vda,3.80,0.05,0.01,0,0
vda,4.80,0.00,0.02,0,0
vda,6.40,0.00,0.03,0,0
vda,7.00,0.00,0.04,0,0
vda,28.60,0.00,9.65,0,48
vda,33.80,0.00,34.12,0,170
vda,6.20,0.00,0.02,0,0
vda,22.80,0.00,0.09,0,0
vda,7.80,0.00,0.03,0,0
vda,6.40,0.00,0.03,0,0
vda,13.40,0.00,8.39,0,41
vda,65.00,0.00,36.65,0,183
vda,46.20,0.38,0.06,1,0
vda,0.00,0.00,0.00,0,0
vda,5.20,0.00,0.02,0,0
vda,2.40,0.00,0.01,0,0
vda,5.80,0.00,0.03,0,0
vda,25.00,0.00,9.45,0,47
vda,39.40,0.00,34.42,0,172
vda,8.00,0.00,0.03,0,0
vda,6.20,0.00,0.02,0,0
vda,5.60,0.00,0.02,0,0
vda,2.40,0.00,0.01,0,0
vda,3.00,0.00,0.01,0,0
vda,33.60,0.00,23.64,0,118
vda,16.20,0.00,20.04,0,100
vda,0.00,0.00,0.00,0,0
vda,6.20,0.00,0.02,0,0
vda,16.80,0.00,7.20,0,35
vda,13.40,0.00,3.62,0,18
vda,18.40,0.00,33.00,0,165
vda,0.80,0.00,0.00,0,0
vda,0.00,0.00,0.00,0,0
vda,0.60,0.00,0.00,0,0
vda,6.60,0.00,0.04,0,0
vda,18.60,0.00,0.10,0,0
vda,1.20,0.00,0.00,0,0
vda,0.00,0.00,0.00,0,0
vda,0.60,0.00,0.00,0,0
vda,1.60,0.00,0.01,0,0
vda,9.60,0.00,0.04,0,0
vda,0.00,0.00,0.00,0,0
vda,1.00,0.00,0.00,0,0
