6195532.0,1427020.0,10644.0
6195532.0,1427020.0,10644.0
6195532.0,1427020.0,10644.0
3020609.6,2070339.7333,10754.933333
2532160.0,2169312.0,10772.0
2532160.0,2169312.0,10772.0
749440.53333,3063708.5333,10827.466667
475176.0,3201308.0,10836.0
190181.33333,2876190.1333,9972.8
146336.0,2826172.0,9840.0
146336.0,2826172.0,9840.0
134982.66667,2405360.2667,9916.2666667
133236.0,2340620.0,9928.0
133236.0,2340620.0,9928.0
191039.2,2213788.5333,9983.4666667
199932.0,2194276.0,9992.0
533639.73333,1861721.8667,10070.4
557476.0,1837968.0,10076.0
557476.0,1837968.0,10076.0
274291.46667,2117788.8,10143.2
254064.0,2137776.0,10148.0
254064.0,2137776.0,10148.0
166606.93333,2194438.6667,10206.933333
153152.0,2203156.0,10216.0
122994.13333,2238551.7333,10275.733333
120840.0,2241080.0,10280.0
120840.0,2241080.0,10280.0
145830.93333,2182336.0,10358.4
147616.0,2178140.0,10364.0
147616.0,2178140.0,10364.0
840812.8,1522210.4,10623.2
1014112.0,1358228.0,10688.0
755379.2,1595620.0,10752.0
690696.0,1654968.0,10768.0
690696.0,1654968.0,10768.0
482618.66667,1836152.0,10808.0
378580.0,1926744.0,10828.0
4643185.3333,1210130.6667,10868.0
6775488.0,851824.0,10888.0
