vda,55.40,1.60,300.00,8,1500
vda,56.80,0.00,271.20,0,1356
vda,61.60,0.00,280.00,0,1400
vda,20.20,0.00,119.20,0,596
vda,0.60,0.00,36.00,0,180
vda,1.60,11.20,8.80,56,44
vda,57.00,376.80,210.40,1884,1052
vda,42.20,198.40,109.60,992,548
vda,75.00,1073.60,44.00,5368,220
vda,18.40,41.60,69.60,208,348
vda,38.40,0.00,217.60,0,1088
vda,0.00,0.00,0.00,0,0
vda,6.60,0.00,27.20,0,136
vda,6.39,0.00,26.35,0,132
vda,0.00,0.00,0.00,0,0
vda,14.40,2.40,100.00,12,500
vda,3.20,0.00,12.00,0,60
vda,12.80,0.00,60.00,0,300
vda,18.20,0.80,92.80,4,464
vda,31.00,0.80,164.00,4,820
vda,54.80,0.00,288.00,0,1440
vda,37.40,1.60,202.40,8,1012
vda,60.40,0.00,327.20,0,1636
vda,49.20,0.00,231.20,0,1156
vda,11.20,0.00,47.20,0,236
vda,5.60,0.00,59.20,0,296
vda,42.60,0.00,176.00,0,880
vda,11.80,0.80,54.40,4,272
vda,16.56,24.83,84.27,568,1928
vda,37.60,0.80,154.40,4,772
vda,65.00,0.00,296.00,0,1480
vda,39.00,227.20,160.00,1136,800
vda,14.60,1024.00,34.40,5120,172
vda,13.40,1632.80,31.20,8164,156
vda,11.60,1382.40,14.40,6912,72
vda,11.00,1504.00,4.80,7520,24
vda,9.64,1258.73,21.89,14488,252
vda,38.40,2305.60,128.80,11528,644
vda,56.00,1689.60,179.20,8448,896
vda,40.40,0.00,189.60,0,948
vda,37.40,0.00,181.60,0,908
vda,43.80,0.00,192.80,0,964
vda,43.20,0.00,179.20,0,896
vda,55.80,0.00,255.20,0,1276
vda,46.20,15.20,198.40,76,992
vda,42.20,2300.80,101.60,11504,508
vda,11.87,1724.71,7.66,40548,180
vda,49.60,5448.80,83.20,27244,416
vda,49.00,5992.00,64.80,29960,324
vda,52.80,6852.80,26.40,34264,132
vda,60.40,3180.80,166.40,15904,832
vda,37.80,692.00,172.00,3460,860
vda,51.40,1328.80,170.40,6644,852
vda,33.00,3153.60,79.20,15768,396
vda,48.20,5338.40,52.00,26692,260
vda,50.00,3516.80,176.00,17584,880
vda,43.60,5164.80,59.20,25824,296
vda,7.80,861.60,208.00,4308,1040
vda,10.40,995.20,261.60,4976,1308
vda,7.60,472.00,18.40,2360,92
vda,12.70,1711.63,27.55,19136,308
vda,17.80,2688.00,8.00,13440,40
vda,41.40,3532.80,112.80,17664,564
vda,63.80,1792.80,227.20,8964,1136
vda,43.00,26.40,204.80,132,1024
vda,27.20,0.00,173.60,0,868
vda,31.00,0.00,148.80,0,744
vda,9.20,0.00,38.40,0,192
vda,20.60,0.80,144.80,4,724
vda,43.60,0.00,196.00,0,980
vda,19.00,0.00,111.20,0,556
vda,38.20,0.00,178.40,0,892
vda,26.20,0.00,185.60,0,928
vda,39.00,0.80,158.40,4,792
vda,18.55,0.00,117.29,0,1404
vda,27.40,0.80,169.60,4,848
vda,17.40,0.00,90.40,0,452
vda,53.20,0.80,244.80,4,1224
vda,24.40,6.40,129.60,32,648
vda,47.40,0.00,238.40,0,1192
vda,22.80,116.00,77.60,580,388
vda,17.98,0.76,220.36,8,2316
vda,34.60,60.00,139.20,300,696
vda,42.00,0.00,231.20,0,1156
vda,52.80,0.00,228.80,0,1144
vda,22.40,0.80,319.20,4,1596
vda,1.00,0.00,20.80,0,104
vda,12.40,0.80,64.80,4,324
vda,39.80,154.40,116.80,772,584
vda,17.40,143.20,28.80,716,144
vda,18.40,92.00,100.80,460,504
vda,21.00,2.40,100.00,12,500
vda,32.14,0.00,168.46,0,844
vda,13.20,3.20,76.00,16,380
vda,31.96,0.00,150.48,0,1568
vda,32.00,0.00,364.00,0,1820
vda,42.60,0.00,208.00,0,1040
vda,30.60,0.00,162.40,0,812
vda,35.00,0.00,156.00,0,780
vda,27.60,0.00,121.60,0,608
vda,16.20,0.00,103.20,0,516
vda,32.40,0.00,151.20,0,756
vda,11.20,0.80,280.00,4,1400
vda,9.60,0.00,39.20,0,196
vda,42.40,0.00,179.20,0,896
vda,34.20,0.80,184.80,4,924
vda,20.00,0.00,86.40,0,432
vda,26.20,0.00,144.00,0,720
vda,41.40,0.00,488.00,0,2440
vda,25.40,0.00,104.00,0,520
vda,35.40,0.00,172.00,0,860
vda,39.60,79.20,181.60,396,908
vda,16.20,2.40,97.60,12,488
vda,30.40,24.00,151.20,120,756
vda,0.60,0.00,40.80,0,204
vda,23.20,0.00,94.40,0,472
vda,21.60,0.00,96.80,0,484
vda,43.00,7.20,562.40,36,2812
vda,35.00,0.00,143.20,0,716
vda,8.40,0.00,48.80,0,244
vda,32.00,0.00,174.40,0,872
vda,28.20,0.00,120.00,0,600
vda,45.60,0.00,268.80,0,1344
vda,36.00,0.00,213.60,0,1068
vda,9.40,12.80,36.00,64,180
vda,17.40,0.00,99.20,0,496
vda,21.40,0.00,351.20,0,1756
vda,33.40,0.00,184.00,0,920
vda,42.80,0.00,194.40,0,972
vda,7.60,0.00,33.60,0,168
vda,31.92,0.00,148.62,0,1504
vda,34.80,0.00,408.80,0,2044
vda,38.40,0.00,156.80,0,784
vda,32.20,0.00,175.20,0,876
vda,9.60,3.20,52.80,16,264
vda,3.00,0.00,47.20,0,236
vda,42.20,0.00,169.60,0,848
vda,46.80,0.80,215.20,4,1076
vda,35.20,0.00,153.60,0,768
vda,22.60,0.00,404.80,0,2024
vda,37.00,0.00,169.60,0,848
vda,47.80,0.00,240.80,0,1204
vda,22.20,0.00,100.80,0,504
vda,14.00,0.00,91.20,0,456
vda,44.40,0.00,185.60,0,928
vda,14.80,0.00,88.00,0,440
vda,6.60,1.60,356.00,8,1780
vda,32.00,16.80,152.00,84,760
vda,42.00,0.00,184.80,0,924
vda,43.80,0.00,194.40,0,972
vda,36.20,0.00,177.60,0,888
vda,29.60,0.00,128.00,0,640
vda,20.40,0.00,82.40,0,412
vda,21.40,0.00,326.40,0,1632
vda,12.40,0.00,88.80,0,444
vda,26.20,0.00,121.60,0,608
vda,43.00,0.00,218.40,0,1092
vda,27.40,0.00,123.20,0,616
vda,36.20,0.00,154.40,0,772
vda,42.60,0.80,176.80,4,884
vda,40.40,0.00,427.20,0,2136
vda,14.00,0.00,75.20,0,376
vda,19.00,0.00,115.20,0,576
vda,29.80,0.00,129.60,0,648
vda,4.00,0.00,31.20,0,156
vda,22.00,0.00,88.80,0,444
vda,44.00,68.80,214.40,344,1072
vda,69.60,484.80,133.60,2424,668
vda,56.00,282.40,272.00,1412,1360
vda,30.34,0.00,408.78,0,2048
vda,14.60,0.00,95.20,0,476
vda,51.20,0.00,236.80,0,1184
vda,1.40,0.00,16.80,0,84
vda,5.80,0.00,51.20,0,256
vda,17.00,0.00,68.00,0,340
vda,60.00,0.00,280.80,0,1404
vda,45.20,0.00,189.60,0,948
