vda,1.20,0.00,0.01,0,0
vda,29.60,0.00,0.13,0,0
vda,2.20,0.00,0.01,0,0
vda,2.00,0.00,0.01,0,0
vda,0.00,0.00,0.00,0,0
vda,1.80,0.00,0.01,0,0
vda,3.40,0.00,0.02,0,0
vda,2.20,0.00,0.01,0,0
vda,1.40,0.00,0.01,0,0
vda,2.80,0.00,0.01,0,0
vda,1.80,0.00,0.01,0,0
vda,1.80,0.00,0.01,0,0
vda,280.40,3.48,0.01,17,0
vda,371.60,4.18,0.02,20,0
vda,282.40,15.30,0.05,76,0
vda,35.40,7.51,0.01,37,0
vda,46.00,8.84,0.03,44,0
vda,133.20,1.14,0.02,5,0
vda,8.20,0.03,0.03,0,0
vda,6.60,0.00,0.04,0,0
vda,11.80,0.00,0.09,0,0
vda,6.40,0.00,0.03,0,0
vda,5.60,0.00,0.02,0,0
vda,15.20,0.00,0.07,0,0
vda,7.80,0.00,0.04,0,0
vda,6.00,0.00,0.03,0,0
vda,18.80,0.00,5.89,0,29
vda,8.20,0.00,1.96,0,9
vda,12.00,0.00,0.05,0,0
vda,18.60,0.09,0.07,0,0
vda,7.20,0.00,0.03,0,0
vda,0.00,0.00,0.00,0,0
vda,2.60,0.00,0.01,0,0
vda,2.80,0.00,0.01,0,0
vda,8.40,0.00,0.05,0,0
vda,1.80,0.00,0.01,0,0
vda,2.80,0.00,0.01,0,0
vda,6.20,0.00,0.02,0,0
vda,2.00,0.00,0.01,0,0
