vda,24.40,0.00,0.11,0,0
vda,16.80,0.08,0.00,0,0
vda,2.40,0.00,0.01,0,0
vda,4.80,0.00,0.03,0,0
vda,2.40,0.00,0.01,0,0
vda,14.00,0.00,0.06,0,0
vda,2.40,0.00,0.01,0,0
vda,8.40,0.00,0.04,0,0
vda,2.40,0.00,0.01,0,0
vda,3.80,0.00,0.02,0,0
vda,2.40,0.00,0.01,0,0
vda,3.80,0.00,0.02,0,0
vda,292.80,3.63,0.01,18,0
vda,303.99,3.61,0.05,18,0
vda,318.40,13.04,0.04,65,0
vda,39.80,1.39,0.13,6,0
vda,130.80,1.03,0.04,5,0
vda,7.20,0.09,0.02,0,0
vda,0.60,0.00,0.01,0,0
vda,4.20,0.00,0.02,0,0
vda,1.80,0.00,0.01,0,0
vda,2.40,0.00,0.01,0,0
vda,8.20,0.00,0.05,0,0
vda,1.80,0.00,0.01,0,0
vda,21.00,0.09,0.03,0,0
vda,2.20,0.00,0.01,0,0
vda,0.20,0.00,0.00,0,0
