2155640.0,1276220.0,38764.0
2155640.0,1276220.0,38764.0
1646889.6,1288628.0,38783.2
883764.0,1307240.0,38812.0
883764.0,1307240.0,38812.0
819392.0,1314389.3333,38826.933333
745824.0,1322560.0,38844.0
753481.6,1335059.2,38858.4
764968.0,1353808.0,38880.0
764968.0,1353808.0,38880.0
706268.8,1339414.1333,38902.4
639184.0,1322964.0,38928.0
639184.0,1322964.0,38928.0
616774.66667,1337578.1333,38939.2
591164.0,1354280.0,38952.0
591164.0,1354280.0,38952.0
1336044.2667,1332238.4,38972.533333
2187336.0,1307048.0,38996.0
