vda,30.80,0.76,0.09,3,0
vda,19.16,1.13,0.01,5,0
vda,16.03,0.76,0.02,3,0
vda,155.49,1.13,0.56,5,2
vda,14.20,0.76,0.01,3,0
vda,17.40,1.13,0.00,5,0
vda,15.60,0.76,0.02,3,0
vda,24.60,1.13,0.06,5,0
vda,22.60,0.76,0.04,3,0
vda,113.00,1.13,0.45,5,2
vda,36.40,2.29,0.02,11,0
vda,29.00,1.53,0.24,7,1
vda,33.20,1.89,0.01,9,0
vda,14.20,0.76,0.01,3,0
vda,21.60,1.13,0.02,5,0
vda,24.40,1.26,0.03,6,0
vda,43.80,2.14,0.05,10,0
vda,142.80,1.13,0.49,5,2
vda,25.00,1.13,0.03,5,0
vda,19.40,1.13,0.01,5,0
vda,21.80,1.13,0.02,5,0
vda,15.40,0.76,0.03,3,0
vda,23.80,1.13,0.03,5,0
vda,30.60,0.76,0.29,3,1
vda,39.80,1.13,0.09,5,0
vda,16.00,0.76,0.10,3,0
vda,120.40,0.76,0.43,3,2
vda,23.60,1.13,0.03,5,0
vda,25.00,1.11,0.03,5,0
vda,20.80,0.78,0.05,3,0
vda,25.20,1.13,0.03,5,0
vda,15.40,0.76,0.01,3,0
vda,31.40,0.76,0.19,3,0
vda,22.00,1.13,0.02,5,0
vda,15.60,0.76,0.02,3,0
vda,90.80,0.76,0.51,3,2
vda,18.60,0.76,0.04,3,0
vda,24.40,1.13,0.03,5,0
vda,22.80,0.76,0.04,3,0
vda,25.60,1.13,0.20,5,0
vda,31.60,0.76,0.08,3,0
vda,28.20,1.13,0.04,5,0
vda,12.60,0.76,0.00,3,0
vda,24.40,1.13,0.05,5,0
vda,126.40,0.76,0.45,3,2
vda,19.60,1.14,0.02,5,0
vda,14.40,0.76,0.09,3,0
vda,36.20,1.14,0.07,5,0
vda,21.80,0.75,0.24,3,1
vda,17.60,0.85,0.02,4,0
vda,28.40,1.05,0.07,5,0
vda,14.80,0.76,0.02,3,0
