vda,29.40,0.00,0.14,0,0
vda,2.20,0.00,0.01,0,0
vda,1.20,0.00,0.00,0,0
vda,2.60,0.00,0.01,0,0
vda,1.00,0.00,0.00,0,0
vda,2.80,0.00,0.01,0,0
vda,1.60,0.00,0.01,0,0
vda,3.20,0.00,0.01,0,0
vda,12.40,0.00,0.05,0,0
vda,0.60,0.00,0.01,0,0
vda,5.80,0.00,0.03,0,0
vda,0.00,0.00,0.00,0,0
vda,0.60,0.00,0.00,0,0
vda,0.20,0.00,0.00,0,0
vda,2.80,0.00,0.02,0,0
vda,5.80,0.00,0.07,0,0
vda,7.60,0.00,0.03,0,0
vda,5.00,0.00,0.02,0,0
vda,7.00,0.00,0.04,0,0
vda,4.40,0.00,0.02,0,0
vda,18.20,0.00,4.03,0,20
vda,0.20,0.00,0.00,0,0
vda,4.40,0.00,0.02,0,0
vda,8.40,0.00,0.03,0,0
vda,3.60,0.00,0.01,0,0
vda,3.80,0.00,0.01,0,0
vda,5.00,0.00,0.03,0,0
vda,11.20,0.00,0.05,0,0
vda,9.00,0.00,0.04,0,0
vda,0.40,0.00,0.00,0,0
vda,6.20,0.00,0.02,0,0
vda,7.40,0.00,0.03,0,0
vda,1.00,0.00,0.00,0,0
vda,1.20,0.00,0.01,0,0
vda,8.60,0.00,0.06,0,0
vda,0.00,0.00,0.00,0,0
vda,2.00,0.00,0.01,0,0
vda,1.00,0.00,0.00,0,0
vda,0.40,0.00,0.00,0,0
