vda,14.00,0.76,0.01,3,0
vda,20.20,1.13,0.01,5,0
vda,13.00,0.76,0.01,3,0
vda,18.20,1.13,0.00,5,0
vda,12.40,0.76,0.00,3,0
vda,34.60,1.13,0.09,5,0
vda,12.40,0.76,0.00,3,0
vda,20.60,1.15,0.01,5,0
vda,27.20,0.84,0.05,4,0
vda,27.20,1.91,0.01,9,0
vda,20.40,1.13,0.01,5,0
vda,21.60,0.76,0.04,3,0
vda,26.60,1.51,0.01,7,0
vda,202.40,12.85,0.01,64,0
vda,209.20,12.85,0.07,64,0
vda,53.00,13.74,0.06,68,0
vda,27.40,1.71,0.01,8,0
vda,15.40,1.16,0.01,5,0
vda,17.80,1.13,0.00,5,0
vda,18.00,0.76,0.02,3,0
vda,202.80,12.85,0.03,64,0
vda,16.00,0.76,0.02,3,0
vda,26.00,1.13,0.04,5,0
vda,11.60,0.76,0.00,3,0
vda,45.20,1.13,11.96,5,59
vda,19.20,0.76,0.03,3,0
vda,20.40,1.13,0.01,5,0
vda,17.00,0.76,0.02,3,0
vda,24.00,1.13,0.03,5,0
vda,20.00,0.76,0.03,3,0
vda,34.80,1.13,0.07,5,0
vda,23.00,0.76,0.08,3,0
vda,24.40,1.13,0.02,5,0
vda,11.80,0.75,0.00,3,0
vda,17.60,0.76,0.02,3,0
vda,28.80,1.13,0.05,5,0
vda,41.00,0.76,6.99,3,34
vda,46.60,1.13,17.32,5,86
vda,16.80,0.76,0.02,3,0
vda,22.20,1.15,0.01,5,0
vda,17.20,0.76,0.02,3,0
vda,23.55,1.13,0.02,5,0
vda,19.44,0.76,0.04,3,0
vda,28.00,1.13,5.54,5,27
vda,24.60,0.76,2.13,3,10
vda,24.00,1.13,0.03,5,0
vda,20.96,0.38,5.60,1,28
vda,28.40,0.76,6.95,3,34
vda,24.20,0.76,3.50,3,17
vda,25.20,1.13,1.41,5,7
vda,27.20,0.76,5.58,3,27
vda,40.40,1.13,7.00,5,35
vda,21.20,0.76,2.09,3,10
vda,26.80,1.13,4.19,5,20
vda,22.60,0.76,6.26,3,31
vda,35.00,1.13,5.58,5,27
vda,28.00,0.76,1.45,3,7
vda,23.80,0.76,5.58,3,27
vda,37.20,1.13,7.00,5,35
vda,20.60,0.75,2.10,3,10
vda,31.20,1.13,4.22,5,21
vda,33.60,0.76,0.09,3,0
vda,17.60,1.13,0.01,5,0
vda,17.80,0.76,0.02,3,0
vda,18.80,1.13,0.01,5,0
vda,19.40,0.76,0.10,3,0
vda,30.20,1.13,0.06,5,0
vda,12.60,0.76,0.00,3,0
vda,17.60,1.13,0.00,5,0
vda,14.20,0.76,0.01,3,0
vda,18.80,1.13,0.01,5,0
