vda,0.40,0.00,0.00,0,0
vda,20.80,0.00,0.10,0,0
vda,3.60,0.00,0.01,0,0
vda,31.40,0.34,0.01,1,0
vda,2.00,0.00,0.01,0,0
vda,13.20,0.00,0.06,0,0
vda,0.20,0.00,0.00,0,0
vda,431.60,5.38,0.01,26,0
vda,87.60,0.80,0.06,4,0
vda,364.60,4.80,0.02,24,0
vda,145.40,1.34,0.02,6,0
vda,10.80,0.00,0.04,0,0
vda,23.20,0.09,0.10,0,0
vda,7.00,0.00,0.03,0,0
vda,2.80,0.00,0.01,0,0
vda,10.20,0.00,0.08,0,0
vda,2.00,0.00,0.01,0,0
vda,1.80,0.00,0.01,0,0
vda,9.20,0.00,0.04,0,0
vda,1.80,0.00,0.01,0,0
vda,3.00,0.00,0.01,0,0
vda,0.00,0.00,0.00,0,0
vda,4.00,0.00,0.02,0,0
vda,27.40,0.08,0.05,0,0
vda,2.80,0.00,0.01,0,0
vda,1.80,0.00,0.01,0,0
