6157596.0,1478896.0,6828.0
6157596.0,1478896.0,6828.0
5438160.0,1640039.2,6870.4
2560416.0,2284612.0,7040.0
2138592.0,2480827.2,7052.8
451296.0,3265688.0,7104.0
451296.0,3265688.0,7104.0
364266.66667,3204005.8667,6886.4
124936.0,3034380.0,6288.0
124936.0,3034380.0,6288.0
161826.66667,2925232.2667,6308.2666667
263276.0,2625076.0,6364.0
230766.13333,2679565.6,6389.6
141364.0,2829412.0,6460.0
141364.0,2829412.0,6460.0
348615.2,2612440.2667,6494.1333333
918556.0,2015768.0,6588.0
918556.0,2015768.0,6588.0
2206166.6667,1981982.4,6604.0
5747096.0,1889072.0,6648.0
