vda,14.20,1.60,134.40,8,672
vda,1.40,4.80,19.20,24,96
vda,1.60,0.00,42.40,0,212
vda,71.40,0.00,309.60,0,1548
vda,40.80,0.00,166.40,0,832
vda,21.60,0.00,88.80,0,444
vda,20.00,23.20,108.00,116,540
vda,46.80,0.80,226.40,4,1132
vda,14.40,32.00,50.40,160,252
vda,10.20,0.00,103.20,0,516
vda,18.60,0.00,74.40,0,372
vda,13.00,1.60,56.00,8,280
vda,19.40,0.00,108.80,0,544
vda,78.00,1383.20,176.80,6916,884
vda,68.60,1456.00,160.00,7280,800
vda,58.00,36.00,273.60,180,1368
vda,41.40,8.80,255.20,44,1276
vda,46.00,0.00,244.80,0,1224
vda,37.13,0.00,166.07,0,832
vda,44.00,0.00,262.40,0,1312
vda,0.80,1.60,20.00,8,100
vda,41.80,0.00,201.60,0,1008
vda,46.00,0.00,211.20,0,1056
vda,8.80,0.00,405.60,0,2028
vda,29.80,0.00,148.00,0,740
vda,51.60,0.00,220.00,0,1100
vda,33.00,0.00,165.60,0,828
vda,39.00,0.00,206.40,0,1032
vda,9.60,0.00,80.80,0,404
vda,1.40,0.00,54.40,0,272
vda,25.40,0.00,103.20,0,516
vda,37.00,0.00,156.80,0,784
