vda,132.40,0.00,0.53,0,2
vda,3.20,0.00,0.01,0,0
vda,1.40,0.00,0.00,0,0
vda,190.00,0.00,0.75,0,3
vda,10.60,0.00,0.24,0,1
vda,5.40,0.00,0.02,0,0
vda,0.00,0.00,0.00,0,0
vda,1.40,0.00,0.01,0,0
vda,145.40,0.00,0.59,0,2
vda,0.00,0.00,0.00,0,0
vda,1.20,0.00,0.00,0,0
vda,1.20,0.00,0.00,0,0
vda,9.80,0.00,0.04,0,0
vda,144.00,0.00,0.65,0,3
vda,22.60,4.59,0.03,22,0
vda,1.40,0.00,0.01,0,0
vda,8.00,0.00,0.23,0,1
vda,6.40,0.00,0.03,0,0
vda,209.00,0.00,0.91,0,4
vda,4.80,0.00,0.02,0,0
vda,4.40,0.00,0.02,0,0
vda,7.00,0.00,0.03,0,0
vda,28.60,0.00,0.20,0,1
vda,109.80,0.01,0.43,0,2
vda,6.20,0.00,0.02,0,0
vda,2.00,0.00,0.01,0,0
vda,5.80,0.00,0.02,0,0
vda,0.00,0.00,0.00,0,0
vda,9.00,0.00,0.24,0,1
vda,34.60,0.00,0.16,0,0
vda,244.60,0.00,0.96,0,4
