vda,4.00,0.00,0.02,0,0
vda,6.00,0.08,0.02,0,0
vda,0.40,0.00,0.00,0,0
vda,2.20,0.00,0.01,0,0
vda,1.80,0.00,0.01,0,0
vda,1.80,0.00,0.01,0,0
vda,27.00,0.00,0.12,0,0
vda,5.80,0.00,0.02,0,0
vda,5.80,0.00,0.03,0,0
vda,3.60,0.00,0.01,0,0
vda,2.60,0.00,0.01,0,0
vda,13.20,0.00,0.05,0,0
vda,4.00,0.00,0.02,0,0
vda,8.40,0.00,0.05,0,0
vda,5.80,0.00,0.07,0,0
vda,4.00,0.00,0.02,0,0
vda,3.60,0.02,0.01,0,0
vda,4.00,0.00,0.02,0,0
vda,5.00,0.00,0.02,0,0
vda,3.00,0.00,0.01,0,0
vda,8.00,0.00,0.04,0,0
vda,4.00,0.00,0.02,0,0
vda,5.20,0.00,2.84,0,14
vda,6.20,0.00,2.96,0,14
vda,6.00,0.00,1.50,0,7
vda,14.20,0.00,2.96,0,14
vda,5.00,0.00,0.02,0,0
vda,9.40,0.00,1.48,0,7
vda,3.60,0.00,1.44,0,7
vda,5.80,0.00,2.98,0,14
vda,6.00,0.00,2.99,0,14
vda,11.80,0.00,0.05,0,0
vda,4.40,0.00,0.02,0,0
vda,8.40,0.00,2.88,0,14
vda,10.40,0.00,3.04,0,15
vda,14.20,0.00,3.03,0,15
vda,5.60,0.00,1.48,0,7
vda,5.00,0.00,0.02,0,0
vda,6.80,0.00,2.88,0,14
vda,5.80,0.00,2.99,0,14
vda,4.60,0.00,3.00,0,14
vda,9.40,0.00,1.51,0,7
vda,5.00,0.00,0.02,0,0
vda,6.00,0.00,2.89,0,14
vda,5.60,0.00,3.00,0,15
vda,12.00,0.00,3.03,0,15
vda,5.00,0.00,1.48,0,7
vda,4.40,0.00,0.02,0,0
vda,10.20,0.00,2.91,0,14
vda,6.60,0.00,3.01,0,15
vda,5.60,0.00,3.01,0,15
vda,4.60,0.00,1.48,0,7
vda,14.80,0.00,0.07,0,0
vda,6.60,0.00,2.89,0,14
vda,6.60,0.00,3.00,0,15
vda,11.60,0.00,3.04,0,15
vda,12.60,0.00,1.51,0,7
vda,9.20,0.00,0.04,0,0
vda,3.60,0.00,0.01,0,0
vda,5.40,0.00,2.88,0,14
vda,11.20,0.00,3.00,0,15
vda,7.60,0.00,3.01,0,15
vda,11.00,0.00,1.53,0,7
vda,11.40,0.00,0.05,0,0
vda,9.20,0.00,2.89,0,14
vda,6.60,0.00,3.00,0,14
vda,5.80,0.00,3.01,0,15
vda,4.60,0.00,1.49,0,7
vda,2.80,0.00,0.01,0,0
vda,9.60,0.00,2.92,0,14
vda,4.40,0.00,2.99,0,14
vda,3.60,0.00,3.00,0,15
vda,8.60,0.00,0.04,0,0
vda,2.00,0.00,0.01,0,0
vda,9.20,0.00,0.04,0,0
vda,1.80,0.00,0.01,0,0
vda,2.00,0.00,0.01,0,0
vda,7.40,0.02,0.04,0,0
vda,12.40,0.00,0.05,0,0
vda,0.00,0.00,0.00,0,0
vda,2.40,0.00,0.01,0,0
vda,5.00,0.00,0.02,0,0
