vda,0.00,0.00,0.00,0,0
vda,8.40,0.00,0.03,0,0
vda,6.60,0.00,0.22,0,1
vda,6.80,0.00,0.03,0,0
vda,1.60,0.00,0.01,0,0
vda,143.80,0.00,0.59,0,2
vda,3.00,0.00,0.01,0,0
vda,7.00,0.00,0.03,0,0
vda,7.40,0.00,0.03,0,0
vda,196.80,0.00,0.86,0,4
vda,4.40,0.00,0.02,0,0
vda,6.00,0.00,0.02,0,0
vda,13.80,0.00,0.05,0,0
vda,7.60,0.00,0.05,0,0
vda,7.20,0.00,0.22,0,1
vda,7.80,0.00,0.04,0,0
vda,33.80,0.00,0.28,0,1
vda,0.20,0.00,0.00,0,0
vda,170.40,0.00,0.67,0,3
vda,6.00,0.00,0.02,0,0
vda,2.60,0.00,0.01,0,0
vda,7.40,0.00,0.03,0,0
