vda,0.60,0.00,0.00,0,0
vda,1.60,0.00,0.01,0,0
vda,0.00,0.00,0.00,0,0
vda,0.60,0.00,0.00,0,0
vda,0.80,0.00,0.01,0,0
vda,21.80,0.00,0.10,0,0
vda,1.40,0.00,0.01,0,0
vda,310.40,3.81,0.02,19,0
vda,326.20,3.92,0.02,19,0
vda,291.00,13.21,0.00,66,0
vda,51.40,15.42,0.02,77,0
vda,4.60,0.01,0.01,0,0
vda,14.00,0.00,0.06,0,0
vda,0.80,0.00,0.01,0,0
vda,3.40,0.00,0.06,0,0
vda,1.80,0.00,0.01,0,0
vda,3.60,0.00,0.02,0,0
vda,1.40,0.00,0.01,0,0
vda,0.40,0.00,0.00,0,0
vda,3.20,0.00,0.02,0,0
vda,4.20,0.00,0.02,0,0
vda,135.40,1.28,0.00,6,0
vda,31.40,0.10,0.07,0,0
vda,5.60,0.03,0.02,0,0
vda,4.20,0.00,0.02,0,0
vda,8.80,0.00,0.04,0,0
vda,4.20,0.00,0.01,0,0
vda,12.00,0.00,0.05,0,0
vda,2.60,0.02,0.01,0,0
vda,4.40,0.00,0.02,0,0
vda,3.80,0.00,0.01,0,0
vda,13.20,0.00,0.06,0,0
vda,9.40,0.00,3.03,0,15
vda,2.20,0.00,0.01,0,0
vda,5.80,0.00,0.02,0,0
vda,13.20,0.00,0.09,0,0
vda,6.20,0.00,0.02,0,0
vda,3.60,0.00,0.01,0,0
vda,2.20,0.00,0.01,0,0
vda,4.80,0.00,0.02,0,0
vda,7.60,0.00,0.03,0,0
vda,2.00,0.00,0.01,0,0
vda,10.80,0.00,0.07,0,0
vda,10.20,0.00,3.04,0,15
vda,4.00,0.00,0.02,0,0
vda,4.20,0.00,0.02,0,0
vda,5.60,0.00,0.03,0,0
vda,5.80,0.00,0.03,0,0
vda,6.40,0.00,0.03,0,0
vda,15.20,0.00,0.08,0,0
vda,1.60,0.00,0.01,0,0
vda,8.20,0.08,0.03,0,0
vda,0.00,0.00,0.00,0,0
vda,0.60,0.00,0.00,0,0
vda,1.40,0.00,0.01,0,0
vda,2.00,0.00,0.01,0,0
vda,0.40,0.00,0.00,0,0
vda,7.20,0.00,0.04,0,0
vda,1.40,0.00,0.01,0,0
vda,0.00,0.00,0.00,0,0
