vda,15.20,0.00,0.07,0,0
vda,2.20,0.00,0.01,0,0
vda,0.80,0.00,0.00,0,0
vda,1.40,0.01,0.00,0,0
vda,10.80,0.00,0.05,0,0
vda,0.00,0.00,0.00,0,0
vda,0.60,0.00,0.00,0,0
vda,16.40,0.44,0.00,2,0
vda,55.20,8.07,0.02,40,0
vda,50.80,18.03,0.02,90,0
vda,72.00,26.90,0.02,134,0
vda,70.40,25.38,0.03,126,0
vda,69.60,25.80,0.01,129,0
vda,72.00,25.80,0.09,129,0
vda,71.60,24.90,0.03,124,0
vda,72.60,27.10,0.01,135,0
vda,65.40,25.70,0.00,128,0
vda,74.20,27.42,0.01,137,0
vda,79.64,27.01,0.01,135,0
vda,69.14,25.76,0.02,128,0
vda,86.20,28.34,0.06,141,0
vda,66.27,24.72,0.01,123,0
vda,68.40,25.50,0.01,127,0
vda,68.40,25.80,0.01,129,0
vda,80.40,29.87,0.01,149,0
vda,72.20,26.60,0.02,133,0
vda,70.20,25.81,0.01,129,0
vda,69.00,25.00,0.03,125,0
vda,68.60,25.48,0.01,127,0
vda,82.80,28.47,0.04,142,0
vda,69.80,26.96,0.00,134,0
vda,65.60,24.89,0.02,124,0
vda,64.80,24.60,0.00,122,0
vda,59.40,22.53,0.01,112,0
vda,4.60,0.00,0.03,0,0
vda,0.00,0.00,0.00,0,0
vda,13.40,0.00,0.07,0,0
vda,4.80,0.00,0.02,0,0
vda,4.20,0.00,0.02,0,0
vda,3.40,0.00,0.01,0,0
vda,24.20,0.00,26.70,0,133
vda,4.60,0.00,0.02,0,0
vda,0.00,0.00,0.00,0,0
vda,8.00,0.00,0.03,0,0
vda,4.40,0.00,0.02,0,0
vda,10.60,0.00,6.70,0,33
vda,10.80,0.00,4.28,0,21
vda,29.60,0.00,28.69,0,143
vda,3.40,0.00,0.01,0,0
vda,0.00,0.00,0.00,0,0
vda,4.60,0.00,0.02,0,0
vda,35.40,0.01,40.00,0,200
vda,5.20,0.00,0.02,0,0
vda,1.00,0.00,0.00,0,0
vda,1.40,0.00,0.01,0,0
vda,15.00,0.00,0.06,0,0
vda,3.20,0.00,0.01,0,0
vda,3.60,0.00,0.01,0,0
vda,42.00,0.00,22.29,0,111
vda,4.40,0.00,0.02,0,0
vda,4.20,0.00,0.02,0,0
vda,3.80,0.00,0.01,0,0
vda,15.20,0.00,13.52,0,67
vda,13.60,0.00,26.32,0,131
vda,9.00,0.00,0.04,0,0
vda,0.00,0.00,0.00,0,0
vda,4.20,0.00,0.02,0,0
vda,13.80,0.00,11.18,0,55
vda,20.80,0.00,28.99,0,144
vda,3.20,0.00,0.01,0,0
vda,2.20,0.00,0.01,0,0
vda,0.80,0.00,0.00,0,0
vda,0.00,0.00,0.00,0,0
vda,5.40,0.00,2.30,0,11
vda,12.60,0.00,4.50,0,22
vda,5.60,0.00,2.25,0,11
vda,11.40,0.00,0.05,0,0
vda,33.00,0.00,37.95,0,189
vda,3.60,0.00,0.01,0,0
vda,3.60,0.00,0.01,0,0
vda,4.60,0.00,0.02,0,0
vda,23.80,0.00,11.10,0,55
vda,21.60,0.00,26.40,0,132
vda,0.20,0.00,0.00,0,0
vda,3.60,0.00,0.01,0,0
vda,4.00,0.00,0.02,0,0
vda,2.40,0.00,0.01,0,0
vda,26.00,0.00,35.83,0,179
vda,3.60,0.00,0.01,0,0
vda,3.00,0.00,0.01,0,0
vda,4.40,0.00,0.02,0,0
vda,4.60,0.00,0.01,0,0
vda,3.40,0.00,0.01,0,0
vda,41.00,0.09,29.16,0,145
vda,12.60,0.00,8.75,0,43
vda,4.20,0.00,0.02,0,0
vda,3.80,0.00,0.01,0,0
vda,22.60,0.00,6.67,0,33
vda,28.60,0.00,30.96,0,154
vda,3.40,0.00,0.01,0,0
vda,17.20,0.01,0.06,0,0
vda,0.00,0.00,0.00,0,0
vda,31.60,0.00,4.45,0,22
vda,42.20,0.00,31.53,0,157
vda,3.80,0.00,0.01,0,0
vda,2.80,0.00,0.01,0,0
vda,4.40,0.00,0.02,0,0
vda,3.60,0.00,0.01,0,0
vda,5.00,0.00,0.03,0,0
vda,37.20,0.00,26.88,0,134
vda,12.40,0.00,13.24,0,66
vda,4.00,0.00,0.02,0,0
vda,4.40,0.00,0.02,0,0
vda,20.80,0.00,6.67,0,33
vda,16.40,0.00,30.92,0,154
vda,4.00,0.00,0.02,0,0
vda,4.40,0.00,0.02,0,0
vda,3.00,0.00,0.01,0,0
vda,0.00,0.00,0.00,0,0
vda,2.20,0.00,0.01,0,0
vda,10.40,0.00,6.62,0,33
vda,8.40,0.00,8.95,0,44
vda,7.60,0.00,9.18,0,45
vda,6.40,0.00,6.74,0,33
vda,13.00,0.00,2.28,0,11
vda,22.40,0.00,36.40,0,182
vda,4.80,0.00,0.02,0,0
vda,3.20,0.00,0.01,0,0
vda,4.40,0.00,0.02,0,0
vda,20.60,0.00,36.18,0,180
vda,4.60,0.00,0.02,0,0
vda,4.60,0.02,0.01,0,0
vda,3.20,0.02,0.01,0,0
vda,4.80,0.02,0.02,0,0
vda,14.60,0.00,5.12,0,25
vda,22.60,0.00,31.44,0,157
vda,21.00,0.00,0.08,0,0
vda,1.00,0.00,0.00,0,0
vda,4.60,0.00,0.02,0,0
vda,4.00,0.00,0.02,0,0
vda,6.40,0.00,0.04,0,0
vda,43.20,0.00,17.81,0,89
vda,23.00,0.00,22.35,0,111
vda,6.00,0.00,0.02,0,0
vda,3.80,0.00,0.01,0,0
vda,3.60,0.00,0.01,0,0
vda,37.80,0.00,37.24,0,186
vda,3.80,0.00,0.01,0,0
vda,4.40,0.00,0.02,0,0
vda,4.00,0.00,0.02,0,0
vda,3.40,0.00,0.01,0,0
vda,2.20,0.00,0.01,0,0
vda,2.60,0.00,0.41,0,2
vda,12.40,0.00,6.65,0,33
vda,8.60,0.00,8.88,0,44
vda,8.80,0.00,9.01,0,45
vda,7.80,0.00,9.13,0,45
vda,20.20,0.00,11.14,0,55
vda,8.40,0.00,8.94,0,44
vda,11.00,0.00,20.10,0,100
vda,3.60,0.00,0.01,0,0
vda,4.20,0.00,0.02,0,0
vda,14.40,0.00,13.43,0,67
vda,19.60,0.00,24.23,0,121
vda,4.40,0.00,0.02,0,0
vda,4.40,0.00,0.02,0,0
vda,3.40,0.00,0.01,0,0
vda,20.60,0.00,35.83,0,179
vda,1.00,0.00,0.00,0,0
vda,3.00,0.00,0.01,0,0
vda,4.00,0.00,0.02,0,0
vda,1.60,0.02,0.00,0,0
vda,5.60,0.00,0.02,0,0
vda,43.00,0.00,22.34,0,111
vda,27.00,0.00,13.51,0,67
vda,5.00,0.00,0.02,0,0
vda,4.80,0.00,0.02,0,0
vda,45.60,0.00,11.12,0,55
vda,12.80,0.00,4.35,0,21
vda,40.40,0.00,22.27,0,111
vda,3.80,0.00,0.01,0,0
vda,31.20,0.00,8.81,0,44
vda,10.20,0.00,2.16,0,10
vda,43.20,0.00,24.87,0,124
vda,2.20,0.00,0.01,0,0
vda,1.00,0.00,0.00,0,0
vda,2.60,0.00,0.01,0,0
vda,4.80,0.00,0.02,0,0
vda,11.00,0.00,0.07,0,0
vda,26.60,0.00,37.11,0,185
vda,7.60,0.00,0.03,0,0
vda,13.80,0.00,0.06,0,0
vda,0.00,0.00,0.00,0,0
vda,13.00,0.00,7.55,0,37
vda,17.00,0.00,27.39,0,136
vda,3.80,0.00,0.01,0,0
vda,3.60,0.00,0.01,0,0
vda,20.40,0.00,34.31,0,171
vda,5.20,0.00,0.02,0,0
vda,3.20,0.00,0.01,0,0
vda,1.00,0.00,0.00,0,0
vda,2.40,0.00,0.01,0,0
vda,18.80,0.00,0.07,0,0
vda,0.40,0.00,0.00,0,0
vda,2.00,0.00,0.02,0,0
vda,8.20,0.00,0.08,0,0
vda,0.00,0.00,0.00,0,0
vda,8.40,0.00,0.04,0,0
vda,1.00,0.00,0.00,0,0
vda,2.80,0.00,0.02,0,0
vda,1.20,0.00,0.00,0,0
vda,5.80,0.00,0.02,0,0
vda,0.80,0.00,0.00,0,0
vda,1.40,0.08,0.00,0,0
vda,1.00,0.00,0.00,0,0
vda,0.60,0.00,0.01,0,0
vda,5.59,0.00,0.03,0,0
vda,12.00,0.00,0.05,0,0
vda,0.80,0.00,0.00,0,0
