2624480.0,883060.0,33724.0
1870726.4,883256.8,33791.2
1368224.0,883388.0,33836.0
1368224.0,883388.0,33836.0
1261733.6,894872.0,33862.4
1190740.0,902528.0,33880.0
1190740.0,902528.0,33880.0
1208036.8,914398.4,33911.2
1219568.0,922312.0,33932.0
1202120.0,948722.66667,33958.666667
1193396.0,961928.0,33972.0
1193396.0,961928.0,33972.0
1193558.6667,949242.66667,34006.666667
1193640.0,942900.0,34024.0
1193640.0,942900.0,34024.0
1093824.0,942921.6,34052.8
1027280.0,942936.0,34072.0
1048848.8,919154.4,34093.6
1063228.0,903300.0,34108.0
1063228.0,903300.0,34108.0
