vda,0.60,0.00,0.00,0,0
vda,0.80,0.00,0.00,0,0
vda,30.60,0.35,0.01,1,0
vda,0.80,0.00,0.00,0,0
vda,0.00,0.00,0.00,0,0
vda,1.20,0.00,0.01,0,0
vda,29.40,0.00,0.13,0,0
vda,193.20,2.30,0.01,11,0
vda,331.00,3.96,0.01,19,0
vda,149.20,2.38,0.02,11,0
vda,218.20,4.24,0.01,21,0
vda,35.20,8.60,0.01,43,0
vda,12.40,4.08,0.01,20,0
vda,148.20,1.30,0.05,6,0
vda,5.80,0.03,0.03,0,0
vda,5.00,0.00,0.02,0,0
vda,6.20,0.00,0.07,0,0
vda,0.40,0.00,0.00,0,0
vda,12.00,0.00,0.05,0,0
vda,3.80,0.00,0.01,0,0
vda,7.80,0.00,0.50,0,2
vda,15.00,0.09,0.06,0,0
vda,5.40,0.00,0.02,0,0
vda,0.60,0.00,0.00,0,0
vda,2.40,0.00,0.01,0,0
vda,0.80,0.00,0.00,0,0
vda,0.00,0.00,0.00,0,0
vda,1.00,0.00,0.00,0,0
vda,6.20,0.00,0.06,0,0
vda,1.20,0.00,0.01,0,0
