vda,0.40,0.00,0.00,0,0
vda,2.20,0.00,0.01,0,0
vda,1.80,0.00,0.01,0,0
vda,1.80,0.00,0.01,0,0
vda,3.00,0.00,0.01,0,0
vda,28.00,0.00,0.12,0,0
vda,0.60,0.00,0.00,0,0
vda,2.80,0.00,0.01,0,0
vda,1.80,0.00,0.01,0,0
vda,1.80,0.00,0.01,0,0
vda,3.00,0.00,0.01,0,0
vda,1.80,0.00,0.01,0,0
vda,294.40,3.58,0.02,17,0
vda,372.60,4.23,0.02,21,0
vda,251.60,10.80,0.02,54,0
vda,16.40,2.95,0.03,14,0
vda,142.00,1.30,0.02,6,0
vda,9.20,0.03,0.03,0,0
vda,9.60,0.00,0.04,0,0
vda,19.80,0.00,0.11,0,0
vda,13.40,0.00,0.10,0,0
vda,9.00,0.00,0.04,0,0
vda,18.80,0.00,0.08,0,0
vda,9.20,0.09,0.04,0,0
vda,0.00,0.00,0.00,0,0
vda,17.60,0.00,0.09,0,0
vda,2.40,0.00,0.01,0,0
vda,2.00,0.00,0.01,0,0
vda,12.40,0.03,0.05,0,0
vda,2.20,0.00,0.01,0,0
vda,4.20,0.00,0.02,0,0
vda,2.20,0.00,0.01,0,0
