vda,0.60,0.00,0.00,0,0
vda,23.40,0.00,0.12,0,0
vda,2.20,0.00,0.01,0,0
vda,28.20,0.27,0.00,1,0
vda,3.80,0.07,0.01,0,0
vda,1.00,0.00,0.00,0,0
vda,0.00,0.00,0.00,0,0
vda,405.80,4.98,0.01,24,0
vda,106.40,1.19,0.03,5,0
vda,356.40,4.73,0.01,23,0
vda,161.60,1.44,0.05,7,0
vda,9.40,0.00,0.04,0,0
vda,19.80,0.00,0.43,0,2
vda,8.40,0.09,0.03,0,0
vda,1.40,0.00,0.01,0,0
vda,1.00,0.00,0.00,0,0
vda,0.00,0.00,0.00,0,0
vda,13.20,0.00,0.06,0,0
vda,1.00,0.00,0.00,0,0
vda,0.00,0.00,0.00,0,0
vda,0.60,0.00,0.00,0,0
vda,0.80,0.00,0.00,0,0
