2335476.0,1116292.0,24044.0
2142434.6667,1114801.3333,24141.066667
2112736.0,1114572.0,24156.0
536746.66667,1249629.0667,24200.8
424176.0,1259276.0,24204.0
424176.0,1259276.0,24204.0
229484.0,1304896.0,24256.0
229484.0,1304896.0,24256.0
229484.0,1304896.0,24256.0
188036.53333,1400346.1333,24312.0
185076.0,1407164.0,24316.0
124554.93333,1465882.4,24371.466667
115244.0,1474916.0,24380.0
115244.0,1474916.0,24380.0
313490.4,1266487.2,24428.0
363052.0,1214380.0,24440.0
363052.0,1214380.0,24440.0
330856.8,1253644.0,24484.8
322808.0,1263460.0,24496.0
