vda,0.20,0.00,0.00,0,0
vda,2.00,0.00,0.01,0,0
vda,2.00,0.00,0.01,0,0
vda,0.60,0.00,0.00,0,0
vda,16.00,0.00,0.09,0,0
vda,1.60,0.00,0.01,0,0
vda,2.80,0.00,0.01,0,0
vda,14.80,0.00,0.07,0,0
vda,297.00,19.28,0.00,96,0
vda,233.20,14.81,0.01,74,0
vda,190.60,11.34,0.12,56,0
vda,120.00,7.56,0.01,37,0
vda,3.20,0.00,0.01,0,0
vda,37.20,2.27,0.01,11,0
vda,154.00,9.83,0.01,49,0
vda,178.60,11.34,0.01,56,0
vda,3.40,0.00,0.02,0,0
vda,9.40,0.00,0.06,0,0
vda,2.00,0.00,0.01,0,0
vda,0.00,0.00,0.00,0,0
vda,2.80,0.00,0.01,0,0
vda,2.60,0.00,0.01,0,0
vda,3.60,0.00,0.02,0,0
vda,9.80,0.00,0.05,0,0
vda,5.40,0.00,0.03,0,0
vda,3.40,0.00,0.01,0,0
vda,3.00,0.00,0.01,0,0
vda,6.40,0.00,0.03,0,0
vda,6.20,0.00,2.70,0,13
vda,5.40,0.00,4.06,0,20
vda,1.60,0.00,2.19,0,10
vda,5.60,0.00,4.50,0,22
vda,11.40,0.00,4.44,0,22
vda,5.99,0.00,4.45,0,22
vda,21.40,0.00,0.09,0,0
vda,3.80,0.00,0.02,0,0
vda,3.00,0.00,0.01,0,0
vda,3.80,0.00,0.01,0,0
vda,4.20,0.00,0.02,0,0
vda,3.60,0.00,0.02,0,0
vda,7.60,0.00,0.06,0,0
vda,11.60,0.00,4.46,0,22
vda,3.80,0.00,4.49,0,22
vda,13.20,0.00,4.54,0,22
vda,7.00,0.00,4.41,0,22
vda,6.20,0.00,4.46,0,22
vda,8.20,0.00,4.43,0,22
vda,11.60,0.00,4.59,0,22
vda,11.80,0.00,4.54,0,22
vda,5.80,0.00,4.48,0,22
vda,1.60,0.00,4.61,0,23
vda,6.60,0.00,4.46,0,22
vda,3.80,0.00,0.01,0,0
vda,9.40,0.00,4.48,0,22
vda,10.20,0.00,4.54,0,22
vda,6.40,0.00,4.51,0,22
vda,7.20,0.00,6.57,0,32
vda,3.80,0.00,6.71,0,33
vda,4.00,0.00,4.55,0,22
vda,7.40,0.00,4.53,0,22
vda,5.40,0.00,4.49,0,22
vda,13.20,0.00,4.67,0,23
vda,5.60,0.00,2.27,0,11
vda,16.20,0.00,0.06,0,0
vda,4.20,0.00,0.02,0,0
vda,2.00,0.00,4.45,0,22
vda,6.60,0.00,9.00,0,45
vda,6.40,0.00,4.42,0,22
vda,8.60,0.00,4.51,0,22
vda,9.60,0.00,4.45,0,22
vda,12.00,0.00,4.56,0,22
vda,9.40,0.00,4.52,0,22
vda,12.00,0.00,9.09,0,45
vda,7.20,0.00,4.47,0,22
vda,7.00,0.00,0.03,0,0
vda,8.80,0.00,0.05,0,0
vda,3.80,0.00,8.94,0,44
vda,7.00,0.00,4.52,0,22
vda,6.00,0.00,4.42,0,22
vda,3.40,0.00,4.45,0,22
vda,10.40,0.00,4.46,0,22
vda,9.00,0.00,9.06,0,45
vda,9.60,0.00,4.51,0,22
vda,5.60,0.00,4.63,0,23
vda,5.00,0.00,4.46,0,22
vda,4.60,0.00,0.02,0,0
vda,10.20,0.00,4.46,0,22
vda,5.60,0.00,4.51,0,22
vda,5.00,0.00,4.51,0,22
vda,11.20,0.00,4.45,0,22
vda,18.00,0.00,4.51,0,22
vda,12.00,0.00,9.00,0,44
vda,5.00,0.00,4.51,0,22
vda,4.80,0.00,4.49,0,22
vda,5.20,0.00,4.62,0,23
vda,10.40,0.00,4.49,0,22
vda,8.60,0.00,0.08,0,0
vda,9.20,0.00,4.46,0,22
vda,4.00,0.00,4.49,0,22
vda,7.60,0.00,4.51,0,22
vda,8.40,0.00,4.42,0,22
vda,10.80,0.00,4.49,0,22
vda,7.60,0.00,8.96,0,44
vda,9.80,0.00,4.53,0,22
vda,6.00,0.00,4.49,0,22
vda,5.40,0.00,4.62,0,23
vda,5.00,0.00,4.46,0,22
vda,4.60,0.00,0.03,0,0
vda,5.80,0.00,4.46,0,22
vda,6.20,0.00,4.51,0,22
vda,16.60,0.00,4.57,0,22
vda,5.60,0.00,4.41,0,22
vda,6.20,0.01,4.46,0,22
vda,6.60,0.00,4.44,0,22
vda,14.20,0.00,6.96,0,34
vda,2.20,0.00,6.62,0,33
vda,5.40,0.00,4.62,0,23
vda,9.60,0.00,4.49,0,22
vda,3.60,0.00,0.01,0,0
vda,8.20,0.00,4.47,0,22
vda,4.60,0.00,4.49,0,22
vda,13.40,0.00,4.54,0,22
vda,7.20,0.00,4.42,0,22
vda,2.60,0.00,4.45,0,22
vda,24.80,0.00,4.54,0,22
vda,11.60,0.00,9.07,0,45
vda,6.80,0.00,4.49,0,22
vda,12.00,0.00,4.65,0,23
vda,7.80,0.00,4.47,0,22
vda,4.40,0.00,0.02,0,0
vda,7.20,0.00,4.44,0,22
vda,14.60,0.00,4.55,0,22
vda,12.00,0.00,4.53,0,22
vda,6.80,0.00,4.41,0,22
vda,6.80,0.00,6.66,0,33
vda,5.00,0.00,6.76,0,33
vda,2.00,0.00,4.50,0,22
vda,4.40,0.00,4.49,0,22
vda,10.00,0.00,4.65,0,23
vda,7.60,0.00,4.48,0,22
vda,1.60,0.00,0.01,0,0
vda,1.60,0.00,0.01,0,0
vda,1.40,0.00,0.01,0,0
vda,3.20,0.00,0.02,0,0
vda,9.00,0.00,0.04,0,0
vda,2.40,0.00,0.01,0,0
vda,5.20,0.00,0.04,0,0
vda,0.60,0.00,0.00,0,0
vda,6.00,0.00,0.03,0,0
vda,3.40,0.00,0.02,0,0
vda,1.40,0.00,0.01,0,0
vda,1.20,0.00,0.00,0,0
vda,0.00,0.00,0.00,0,0
vda,4.60,0.00,0.02,0,0
