vda,50.40,1.60,233.60,8,1168
vda,65.40,0.00,363.20,0,1816
vda,2.00,0.00,43.20,0,216
vda,0.00,0.00,0.00,0,0
vda,1.00,0.00,16.80,0,84
vda,14.80,0.80,91.20,4,456
vda,67.80,264.00,259.20,1320,1296
vda,44.40,47.20,202.40,236,1012
vda,40.80,0.00,236.00,0,1180
vda,66.80,0.00,304.80,0,1524
vda,24.60,0.00,119.20,0,596
vda,0.60,0.00,61.60,0,308
vda,13.20,0.00,84.00,0,420
vda,1.20,0.00,29.60,0,148
vda,7.00,0.80,27.20,4,136
vda,62.60,0.00,330.40,0,1652
vda,16.60,0.00,480.00,0,2400
vda,15.40,0.80,60.80,4,304
vda,61.60,0.00,279.20,0,1396
vda,38.20,0.00,160.80,0,804
vda,21.40,0.00,128.80,0,644
vda,0.20,0.00,0.80,0,4
vda,5.60,0.00,33.60,0,168
