vda,7.00,0.00,0.03,0,0
vda,5.20,0.00,0.06,0,0
vda,192.20,0.00,0.75,0,3
vda,0.00,0.00,0.00,0,0
vda,1.60,0.00,0.01,0,0
vda,12.40,0.00,0.05,0,0
vda,2.60,0.00,0.01,0,0
vda,6.40,0.00,0.03,0,0
vda,19.40,1.20,0.09,6,0
vda,27.20,2.80,0.08,14,0
vda,5.60,0.00,0.02,0,0
vda,172.85,0.00,0.68,0,3
vda,5.80,0.00,0.03,0,0
vda,11.20,0.00,0.09,0,0
vda,4.60,0.00,0.07,0,0
vda,7.00,0.00,0.03,0,0
vda,8.20,0.00,0.07,0,0
vda,18.60,0.00,0.07,0,0
vda,4.00,0.00,0.02,0,0
vda,6.80,0.00,0.03,0,0
vda,128.00,0.00,0.57,0,2
vda,9.60,0.00,0.73,0,3
vda,6.60,0.00,0.03,0,0
vda,7.80,0.00,0.06,0,0
vda,18.20,0.00,0.07,0,0
vda,2.00,0.00,0.01,0,0
vda,5.80,0.00,0.02,0,0
vda,3.20,0.00,0.01,0,0
vda,169.40,0.00,0.66,0,3
vda,5.80,0.00,0.02,0,0
