vda,0.60,0.00,0.00,0,0
vda,1.00,0.00,0.00,0,0
vda,0.60,0.00,0.00,0,0
vda,0.80,0.00,0.00,0,0
vda,30.20,0.34,0.01,1,0
vda,2.00,0.00,0.01,0,0
vda,23.00,0.00,0.11,0,0
vda,392.60,4.80,0.01,23,0
vda,347.60,4.72,0.01,23,0
vda,171.80,11.23,0.02,56,0
vda,15.20,3.96,0.01,19,0
vda,138.60,1.32,0.01,6,0
vda,10.40,0.00,0.04,0,0
vda,13.20,0.00,0.10,0,0
vda,19.20,0.09,0.07,0,0
vda,1.00,0.00,0.00,0,0
vda,15.00,0.00,0.08,0,0
vda,2.00,0.00,0.01,0,0
vda,0.00,0.00,0.00,0,0
vda,0.60,0.00,0.00,0,0
vda,0.80,0.00,0.00,0,0
vda,0.00,0.00,0.00,0,0
vda,1.40,0.00,0.01,0,0
