vda,0.60,0.00,0.00,0,0
vda,31.40,0.34,0.01,1,0
vda,1.00,0.00,0.00,0,0
vda,24.80,0.00,0.11,0,0
vda,2.60,0.00,0.01,0,0
vda,0.80,0.00,0.00,0,0
vda,0.00,0.00,0.00,0,0
vda,360.40,4.44,0.00,22,0
vda,392.80,5.17,0.04,25,0
vda,186.20,22.44,0.02,112,0
vda,71.60,17.37,0.01,86,0
vda,60.20,15.38,0.14,76,0
vda,1.20,0.02,0.00,0,0
vda,0.00,0.00,0.00,0,0
vda,24.60,4.87,0.06,24,0
vda,11.60,3.62,0.01,18,0
vda,2.60,0.16,0.01,0,0
vda,22.40,6.85,0.01,34,0
vda,18.40,5.09,0.01,25,0
vda,135.13,1.28,0.00,6,0
vda,7.80,0.01,0.04,0,0
vda,6.00,0.03,0.02,0,0
vda,4.60,0.00,0.02,0,0
vda,3.20,0.00,0.01,0,0
vda,4.20,0.00,0.02,0,0
vda,8.40,0.00,0.03,0,0
vda,5.60,0.00,0.03,0,0
vda,4.40,0.00,0.02,0,0
vda,11.00,0.00,0.07,0,0
vda,3.20,0.00,0.01,0,0
vda,16.00,0.01,2.97,0,14
vda,3.40,0.00,0.74,0,3
vda,5.80,0.00,0.03,0,0
vda,0.00,0.00,0.00,0,0
vda,11.40,0.00,0.05,0,0
vda,10.80,0.00,0.06,0,0
vda,9.40,0.00,0.04,0,0
vda,2.80,0.00,0.01,0,0
vda,1.00,0.00,0.01,0,0
vda,9.60,0.00,0.04,0,0
vda,4.80,0.00,0.02,0,0
vda,0.60,0.00,0.01,0,0
vda,8.00,0.00,0.03,0,0
vda,5.40,0.00,0.02,0,0
vda,5.20,0.00,0.03,0,0
vda,14.60,0.00,0.06,0,0
vda,2.80,0.00,0.01,0,0
vda,13.20,0.00,3.73,0,18
vda,5.20,0.00,0.02,0,0
vda,0.80,0.00,0.00,0,0
vda,3.20,0.08,0.01,0,0
vda,6.40,0.00,0.03,0,0
vda,0.00,0.00,0.00,0,0
vda,1.20,0.00,0.01,0,0
vda,7.40,0.00,0.03,0,0
vda,0.00,0.00,0.00,0,0
vda,10.00,0.00,0.04,0,0
vda,2.00,0.00,0.01,0,0
vda,0.00,0.00,0.00,0,0
vda,0.80,0.00,0.00,0,0
