3114616.0,421544.0,15684.0
2379264.0,505204.0,15756.0
2379264.0,505204.0,15756.0
2079546.6667,618236.0,15763.466667
131384.0,1352944.0,15812.0
131384.0,1352944.0,15812.0
129723.73333,1217778.6667,15820.0
118932.0,339204.0,15872.0
119038.4,333396.53333,15078.933333
120528.0,252092.0,3976.0
120528.0,252092.0,3976.0
119505.6,251406.4,3856.0
115416.0,248664.0,3376.0
115416.0,248664.0,3376.0
148493.33333,222075.2,3122.1333333
363496.0,49248.0,1472.0
341102.93333,71307.733333,1481.0666667
195548.0,214696.0,1540.0
195548.0,214696.0,1540.0
189888.0,217529.33333,1461.3333333
110648.0,257196.0,360.0
110648.0,257196.0,360.0
112246.93333,255229.6,551.46666667
122640.0,242448.0,1796.0
120258.66667,243897.6,1785.3333333
104780.0,253320.0,1716.0
104780.0,253320.0,1716.0
112112.0,245699.2,1609.6
141440.0,215216.0,1184.0
141440.0,215216.0,1184.0
138386.4,215864.8,1235.2
126172.0,218460.0,1440.0
125783.2,219400.8,1357.8666667
123256.0,225516.0,824.0
123256.0,225516.0,824.0
122446.13333,224941.06667,838.66666667
111108.0,216892.0,1044.0
111108.0,216892.0,1044.0
111341.33333,215871.73333,1096.5333333
114608.0,201588.0,1832.0
115305.06667,200438.66667,1931.7333333
119836.0,192968.0,2580.0
119836.0,192968.0,2580.0
120983.73333,194988.26667,2352.8
128444.0,208120.0,876.0
128444.0,208120.0,876.0
130312.8,203742.4,920.8
130312.8,203742.4,920.8
131948.0,199912.0,960.0
131156.53333,191403.73333,1210.1333333
131100.0,190796.0,1228.0
131100.0,190796.0,1228.0
113692.0,188920.0,1156.0
113692.0,188920.0,1156.0
113692.0,188920.0,1156.0
116820.0,181580.0,556.0
116820.0,181580.0,556.0
145615.2,139781.6,612.0
147672.0,136796.0,616.0
147672.0,136796.0,616.0
3264325.8667,36108.0,1616.5333333
