vda,2.40,0.00,0.01,0,0
vda,2.00,0.00,0.01,0,0
vda,2.00,0.00,0.01,0,0
vda,1.80,0.00,0.01,0,0
vda,0.80,0.00,0.01,0,0
vda,25.20,0.00,0.11,0,0
vda,2.40,0.00,0.01,0,0
vda,2.20,0.00,0.01,0,0
vda,0.00,0.00,0.00,0,0
vda,1.80,0.00,0.01,0,0
vda,4.80,0.00,0.02,0,0
vda,2.40,0.00,0.01,0,0
vda,358.40,4.42,0.00,22,0
vda,382.60,5.10,0.02,25,0
vda,168.00,8.29,0.02,41,0
vda,174.60,12.01,0.02,60,0
vda,16.80,0.07,0.05,0,0
vda,8.00,0.00,0.03,0,0
vda,12.60,0.00,0.06,0,0
vda,19.40,0.09,0.12,0,0
vda,2.20,0.00,0.01,0,0
vda,0.00,0.00,0.00,0,0
vda,2.40,0.00,0.01,0,0
vda,2.20,0.00,0.01,0,0
vda,1.80,0.00,0.01,0,0
vda,8.00,0.00,0.03,0,0
vda,6.60,0.00,0.03,0,0
vda,2.00,0.00,0.01,0,0
