vda,1.40,0.00,0.01,0,0
vda,1.60,0.00,0.01,0,0
vda,0.00,0.00,0.00,0,0
vda,0.60,0.00,0.00,0,0
vda,0.00,0.00,0.00,0,0
vda,1.40,0.00,0.01,0,0
vda,17.40,0.00,0.08,0,0
vda,7.60,0.00,0.03,0,0
vda,3.40,0.00,0.01,0,0
vda,4.00,0.00,0.02,0,0
vda,5.80,0.00,0.02,0,0
vda,4.60,0.00,0.02,0,0
vda,6.20,0.00,0.02,0,0
vda,21.00,0.00,0.10,0,0
vda,5.40,0.00,0.10,0,0
vda,6.00,0.00,0.02,0,0
vda,6.00,0.00,0.03,0,0
vda,16.40,0.00,0.08,0,0
vda,2.20,0.00,0.01,0,0
vda,0.80,0.00,0.00,0,0
vda,0.00,0.00,0.00,0,0
vda,0.80,0.00,0.00,0,0
vda,0.00,0.00,0.00,0,0
vda,1.40,0.00,0.01,0,0
vda,2.20,0.00,0.01,0,0
