5639607.2,1739051.2,11221.6
5593628.0,1739076.0,11240.0
5593628.0,1739076.0,11240.0
2944517.6,2202768.8,11281.6
2282240.0,2318692.0,11292.0
789987.2,3040612.0,11340.0
416924.0,3221092.0,11352.0
416924.0,3221092.0,11352.0
196594.4,3051738.4,7384.0
141512.0,3009400.0,6392.0
141512.0,3009400.0,6392.0
142836.26667,2910808.0,6447.4666667
143040.0,2895640.0,6456.0
138080.0,2957099.2,6507.2
136840.0,2972464.0,6520.0
136840.0,2972464.0,6520.0
447451.2,2645763.2,6574.4
525104.0,2564088.0,6588.0
525104.0,2564088.0,6588.0
380355.73333,2696903.4667,6629.0666667
327720.0,2745200.0,6644.0
177058.13333,2873251.7333,6696.8
122272.0,2919816.0,6716.0
122272.0,2919816.0,6716.0
123144.0,2917880.0,6766.6666667
123580.0,2916912.0,6792.0
123580.0,2916912.0,6792.0
127286.66667,2893253.3333,6834.6666667
129140.0,2881424.0,6856.0
705569.6,2294801.6,6889.6
1089856.0,1903720.0,6912.0
1089856.0,1903720.0,6912.0
974801.06667,2001834.1333,7146.6666667
874128.0,2087684.0,7352.0
741976.53333,2218877.6,7386.1333333
626344.0,2333672.0,7416.0
626344.0,2333672.0,7416.0
513658.66667,2471610.6667,7453.3333333
457316.0,2540580.0,7472.0
457316.0,2540580.0,7472.0
306255.2,2674486.6667,7524.8
251324.0,2723180.0,7544.0
251324.0,2723180.0,7544.0
870361.33333,2093134.6667,7586.6666667
1179880.0,1778112.0,7608.0
4603514.1333,1777977.0667,7660.8
