5877236.0,1727708.0,6016.0
5562521.6,1729316.0,6054.4
5352712.0,1730388.0,6080.0
3569029.8667,2058469.0667,6114.1333333
2008308.0,2345540.0,6144.0
2008308.0,2345540.0,6144.0
1275583.2,2583579.2,6177.6
787100.0,2742272.0,6200.0
787100.0,2742272.0,6200.0
546816.26667,2834453.3333,6229.8666667
336568.0,2915112.0,6256.0
282768.8,3008527.4667,6282.1333333
221284.0,3115288.0,6312.0
221284.0,3115288.0,6312.0
371361.86667,2877813.8667,6354.6666667
502680.0,2670024.0,6392.0
502680.0,2670024.0,6392.0
387992.0,2784554.1333,6426.1333333
287640.0,2884768.0,6456.0
214354.66667,2954909.8667,6487.7333333
130600.0,3035072.0,6524.0
130600.0,3035072.0,6524.0
132857.06667,3024787.2,6553.8666667
134832.0,3015788.0,6580.0
131339.2,3028344.8,6122.4
126100.0,3047180.0,5436.0
126100.0,3047180.0,5436.0
315994.13333,2795777.3333,5462.1333333
533016.0,2508460.0,5492.0
533016.0,2508460.0,5492.0
446285.06667,2595205.8667,5521.8666667
347164.0,2694344.0,5556.0
262872.8,2768926.6667,5589.6
166540.0,2854164.0,5628.0
166540.0,2854164.0,5628.0
157297.33333,2861536.0,5650.6666667
138812.0,2876280.0,5696.0
138812.0,2876280.0,5696.0
138862.66667,2873930.6667,5725.3333333
138964.0,2869232.0,5784.0
385732.0,2619466.6667,5813.3333333
879268.0,2119936.0,5872.0
879268.0,2119936.0,5872.0
821998.66667,2176935.4667,5889.0666667
664508.0,2333684.0,5936.0
664508.0,2333684.0,5936.0
816460.0,2187340.8,5947.2
1424268.0,1601968.0,5992.0
1367198.1333,1659197.8667,6009.0666667
1210256.0,1816580.0,6056.0
1210256.0,1816580.0,6056.0
1159507.2,1866823.2,6073.0666667
1019948.0,2004992.0,6120.0
1019948.0,2004992.0,6120.0
977653.6,2047331.2,6137.0666667
861344.0,2163764.0,6184.0
803113.6,2221038.6667,6198.9333333
642980.0,2378544.0,6240.0
642980.0,2378544.0,6240.0
714450.93333,2302073.6,6259.2
910996.0,2091780.0,6312.0
910996.0,2091780.0,6312.0
857540.0,2145144.2667,6329.0666667
710536.0,2291896.0,6376.0
667106.66667,2330776.0,6395.2
547676.0,2437696.0,6448.0
547676.0,2437696.0,6448.0
488474.93333,2495202.1333,6465.0666667
325672.0,2653344.0,6512.0
325672.0,2653344.0,6512.0
272346.13333,2690338.1333,6529.0666667
125700.0,2792072.0,6576.0
476317.6,2441580.2667,6587.7333333
1440516.0,1477728.0,6620.0
1440516.0,1477728.0,6620.0
1440516.0,1477728.0,6620.0
1440516.0,1477728.0,6620.0
1440516.0,1477728.0,6620.0
