vda,0.20,0.00,0.00,0,0
vda,2.60,0.00,0.01,0,0
vda,1.80,0.00,0.01,0,0
vda,0.80,0.00,0.01,0,0
vda,4.20,0.00,0.02,0,0
vda,22.40,0.00,0.10,0,0
vda,2.60,0.00,0.01,0,0
vda,433.80,5.30,0.02,26,0
vda,438.00,5.55,0.03,27,0
vda,18.40,0.15,0.02,0,0
vda,150.00,1.32,0.05,6,0
vda,15.20,0.00,0.08,0,0
vda,14.80,0.00,0.06,0,0
vda,8.40,0.08,0.04,0,0
vda,3.20,0.00,0.01,0,0
vda,0.80,0.00,0.01,0,0
vda,2.20,0.00,0.01,0,0
vda,5.60,0.00,0.02,0,0
vda,7.20,0.00,0.05,0,0
vda,2.20,0.00,0.01,0,0
vda,2.00,0.00,0.01,0,0
vda,2.60,0.00,0.01,0,0
vda,2.20,0.00,0.01,0,0
vda,0.00,0.00,0.00,0,0
vda,9.00,0.00,0.04,0,0
vda,2.80,0.00,0.01,0,0
vda,11.20,0.00,0.05,0,0
