vda,1.20,0.00,0.01,0,0
vda,41.80,0.08,0.11,0,0
vda,29.60,0.27,0.01,1,0
vda,3.00,0.07,0.01,0,0
vda,1.00,0.00,0.00,0,0
vda,10.00,0.00,0.05,0,0
vda,1.60,0.00,0.01,0,0
vda,0.00,0.00,0.00,0,0
vda,0.80,0.00,0.00,0,0
vda,0.00,0.00,0.00,0,0
vda,0.60,0.00,0.00,0,0
vda,0.80,0.00,0.01,0,0
vda,242.80,3.07,0.01,15,0
vda,282.40,3.17,0.02,15,0
vda,241.40,3.45,0.02,17,0
vda,260.60,2.64,0.02,13,0
vda,5.20,0.03,0.01,0,0
vda,6.20,0.00,0.03,0,0
vda,15.80,0.02,0.05,0,0
vda,14.60,0.00,0.07,0,0
vda,12.60,0.00,0.09,0,0
vda,2.40,0.09,0.06,0,0
vda,7.00,0.00,0.03,0,0
vda,18.80,0.09,0.02,0,0
vda,0.00,0.00,0.00,0,0
vda,21.00,0.00,0.10,0,0
vda,2.00,0.00,0.01,0,0
vda,0.00,0.00,0.00,0,0
vda,0.80,0.00,0.00,0,0
vda,0.00,0.00,0.00,0,0
vda,0.60,0.00,0.00,0,0
