vda,0.40,0.00,0.00,0,0
vda,2.00,0.00,0.01,0,0
vda,0.00,0.00,0.00,0,0
vda,3.00,0.00,0.01,0,0
vda,0.00,0.00,0.00,0,0
vda,1.20,0.00,0.01,0,0
vda,12.80,0.00,0.07,0,0
vda,334.40,6.48,0.01,32,0
vda,276.00,3.25,0.02,16,0
vda,306.00,17.47,0.02,87,0
vda,41.80,12.51,0.00,62,0
vda,88.00,26.65,0.05,133,0
vda,63.20,22.64,0.00,113,0
vda,70.60,21.79,0.05,108,0
vda,60.40,21.79,0.01,108,0
vda,56.60,20.18,0.06,100,0
vda,48.60,18.86,0.00,94,0
vda,73.40,26.21,0.02,131,0
vda,70.80,25.40,0.03,127,0
vda,60.60,20.92,0.01,104,0
vda,69.00,24.72,0.01,123,0
vda,58.20,21.78,0.00,108,0
vda,59.00,21.68,0.01,108,0
vda,52.00,17.36,0.04,86,0
vda,67.80,25.81,0.00,129,0
vda,68.20,23.82,0.02,119,0
vda,53.80,4.02,28.49,20,142
vda,105.60,26.59,16.79,132,83
vda,69.80,22.70,5.30,113,26
vda,49.80,17.78,0.01,88,0
vda,66.00,12.86,14.33,64,71
vda,91.00,16.20,31.84,80,159
vda,61.60,19.76,4.42,98,22
vda,42.60,15.66,0.01,78,0
vda,81.00,0.03,41.80,0,208
vda,1564.20,38.01,9.66,190,48
vda,413.40,8.52,46.32,42,231
vda,38.60,0.17,3.43,0,17
vda,38.20,0.16,0.01,0,0
vda,0.00,0.00,0.00,0,0
vda,169.06,1.83,0.00,9,0
vda,15.00,0.13,0.01,0,0
vda,31.80,0.15,3.20,0,15
vda,22.20,0.00,6.00,0,29
vda,16.00,0.03,5.48,0,27
vda,21.80,0.00,5.48,0,27
vda,35.20,0.16,5.33,0,26
vda,16.40,0.00,4.08,0,20
vda,32.80,1.02,3.71,5,18
vda,15.40,0.05,5.31,0,26
vda,11.60,0.00,6.05,0,30
vda,18.00,0.00,5.58,0,27
vda,17.40,0.00,5.05,0,25
vda,17.80,0.00,4.95,0,24
vda,15.20,0.00,4.33,0,21
vda,5.80,0.00,0.94,0,4
vda,9.60,0.00,2.99,0,14
vda,25.80,0.18,4.34,0,21
vda,15.20,0.10,2.64,0,13
vda,20.00,0.00,4.43,0,22
vda,12.40,0.00,4.22,0,21
vda,15.20,0.00,5.05,0,25
vda,17.80,0.00,5.15,0,25
vda,8.00,0.00,1.93,0,9
vda,1.40,0.00,0.01,0,0
vda,0.00,0.00,0.00,0,0
vda,0.80,0.00,0.00,0,0
vda,0.20,0.00,0.00,0,0
vda,4.00,0.05,0.02,0,0
vda,781.60,15.29,2.49,76,12
vda,899.20,19.34,0.04,96,0
vda,778.00,23.13,0.00,115,0
vda,749.40,24.00,0.00,120,0
vda,119.40,3.67,0.00,18,0
vda,38.40,0.00,3.14,0,15
vda,19.20,0.00,4.86,0,24
vda,4.00,0.00,0.01,0,0
vda,93.60,1.51,6.99,7,34
vda,21.60,0.00,4.07,0,20
vda,8.60,0.00,4.71,0,23
vda,12.60,0.00,6.89,0,34
vda,21.20,0.00,7.97,0,39
vda,23.60,0.00,5.84,0,29
vda,20.40,0.00,6.83,0,34
vda,13.20,0.00,3.27,0,16
vda,22.40,0.00,7.74,0,38
vda,22.40,0.10,3.43,0,17
vda,16.80,0.00,4.59,0,22
vda,24.80,0.00,7.06,0,35
vda,13.60,0.00,4.64,0,23
vda,15.20,0.00,3.73,0,18
vda,20.60,0.00,6.49,0,32
vda,18.60,0.00,4.91,0,24
vda,0.00,0.00,0.00,0,0
vda,1.00,0.00,0.00,0,0
vda,0.00,0.00,0.00,0,0
vda,12.80,0.28,0.00,1,0
vda,6.39,0.19,0.01,0,0
vda,716.40,14.39,2.46,71,12
vda,903.40,22.85,0.04,114,0
vda,857.00,30.08,0.01,150,0
vda,563.00,20.33,0.00,101,0
vda,3.80,0.02,0.00,0,0
vda,17.60,0.02,2.28,0,11
vda,23.20,0.00,7.36,0,36
vda,14.40,0.00,3.55,0,17
vda,30.00,0.03,6.46,0,32
vda,97.80,0.92,5.92,4,29
vda,23.00,0.00,4.47,0,22
vda,29.60,0.00,8.51,0,42
vda,21.00,0.00,5.30,0,26
vda,11.80,0.00,3.52,0,17
vda,25.20,0.00,6.48,0,32
vda,29.20,0.03,5.84,0,29
vda,17.80,0.01,4.21,0,21
vda,25.60,0.00,6.13,0,30
vda,54.60,0.65,5.31,3,26
vda,23.20,0.00,6.31,0,31
vda,26.60,0.00,6.86,0,34
vda,15.40,0.00,3.59,0,17
vda,22.40,0.00,5.61,0,28
vda,5.20,0.00,0.23,0,1
vda,1.40,0.00,0.01,0,0
vda,0.00,0.00,0.00,0,0
vda,0.60,0.00,0.00,0,0
vda,4.20,0.07,0.00,0,0
vda,6.80,0.08,1.89,0,9
vda,823.60,19.33,0.01,96,0
vda,1067.20,30.78,0.03,153,0
vda,670.20,27.70,0.06,138,0
vda,243.20,10.98,0.00,54,0
vda,21.20,0.00,2.79,0,13
vda,22.80,0.00,6.91,0,34
vda,14.20,0.01,2.77,0,13
vda,17.80,0.00,7.73,0,38
vda,85.00,1.86,3.65,9,18
vda,28.40,0.00,6.87,0,34
vda,10.60,0.00,2.72,0,13
vda,24.20,0.00,7.80,0,39
vda,17.60,0.00,5.47,0,27
vda,13.20,0.00,2.79,0,13
vda,27.80,0.02,7.68,0,38
vda,14.20,0.00,3.79,0,18
vda,21.80,0.00,6.50,0,32
vda,39.00,0.93,3.71,4,18
vda,27.20,0.00,6.47,0,32
vda,28.80,0.03,5.72,0,28
vda,10.40,0.02,2.67,0,13
vda,15.60,0.00,5.54,0,27
vda,27.20,0.00,7.04,0,35
vda,4.20,0.00,0.02,0,0
vda,0.00,0.00,0.00,0,0
vda,23.20,0.32,0.01,1,0
vda,0.80,0.00,0.00,0,0
vda,0.20,0.00,0.00,0,0
vda,909.60,18.20,1.32,91,6
vda,1164.80,30.34,0.02,151,0
vda,869.20,27.96,0.03,139,0
vda,402.40,9.73,21.03,48,105
vda,130.40,0.67,33.71,3,168
vda,126.40,2.05,6.56,10,32
vda,16.60,0.00,3.04,0,15
vda,64.20,0.51,6.13,2,30
vda,29.40,0.00,6.59,0,32
vda,10.00,0.00,3.23,0,16
vda,24.20,0.00,7.13,0,35
vda,13.60,0.00,3.14,0,15
vda,27.80,0.03,5.56,0,27
vda,24.00,0.00,7.23,0,36
vda,10.00,0.00,3.02,0,15
vda,25.80,0.00,6.97,0,34
vda,45.40,0.09,5.69,0,28
vda,53.80,0.01,8.91,0,44
vda,37.80,0.70,0.51,3,2
vda,28.80,0.00,6.00,0,30
vda,32.20,0.00,9.57,0,47
vda,20.20,0.00,6.48,0,32
vda,14.80,0.00,3.05,0,15
vda,3.60,0.00,0.01,0,0
vda,0.00,0.00,0.00,0,0
vda,0.80,0.00,0.00,0,0
vda,0.00,0.00,0.00,0,0
vda,24.00,0.35,2.64,1,13
vda,539.80,12.81,0.20,64,0
vda,973.80,27.24,0.01,136,0
vda,855.40,29.55,0.03,147,0
vda,499.60,20.53,0.00,102,0
vda,27.00,0.06,3.24,0,16
vda,23.80,0.02,5.44,0,27
vda,11.60,0.00,3.55,0,17
vda,24.00,0.00,6.00,0,29
vda,24.20,0.00,6.89,0,34
vda,16.00,0.00,3.44,0,17
vda,53.49,0.49,7.48,2,37
vda,20.20,0.00,2.86,0,14
vda,24.60,0.01,7.68,0,38
vda,15.40,0.00,3.02,0,15
vda,28.00,0.00,7.64,0,38
vda,15.80,0.01,3.41,0,17
vda,32.60,0.00,9.78,0,48
vda,31.20,0.03,5.92,0,29
vda,21.20,0.00,5.35,0,26
vda,69.20,1.29,6.28,6,31
vda,49.00,0.26,3.69,1,18
vda,23.00,0.00,6.16,0,30
vda,6.00,0.00,0.62,0,3
vda,0.00,0.00,0.00,0,0
vda,0.80,0.00,0.00,0,0
vda,0.80,0.02,0.00,0,0
vda,0.60,0.00,0.00,0,0
vda,4.00,0.00,1.47,0,7
vda,944.20,18.84,0.03,94,0
vda,995.20,27.41,0.02,137,0
vda,788.00,30.47,0.00,152,0
vda,255.80,10.11,0.00,50,0
vda,71.40,2.00,0.06,10,0
vda,27.20,0.00,5.46,0,27
vda,12.40,0.00,2.63,0,13
vda,22.80,0.00,5.47,0,27
vda,16.20,0.00,5.11,0,25
vda,47.60,0.34,5.90,1,29
vda,23.80,0.00,5.53,0,27
vda,22.40,0.00,5.22,0,26
vda,22.80,0.00,5.51,0,27
vda,22.40,0.00,5.53,0,27
vda,20.20,0.00,5.31,0,26
vda,18.40,0.00,5.49,0,27
vda,21.40,0.00,5.26,0,26
vda,20.80,0.02,5.11,0,25
vda,64.40,0.95,7.91,4,39
vda,40.20,0.08,6.40,0,32
vda,20.60,0.00,5.37,0,26
vda,24.00,0.01,6.68,0,33
vda,22.00,0.00,5.40,0,27
vda,1.80,0.00,0.71,0,3
vda,1.40,0.00,0.01,0,0
vda,0.00,0.00,0.00,0,0
vda,7.40,0.07,0.00,0,0
vda,0.80,0.00,0.00,0,0
vda,1.00,0.00,0.01,0,0
vda,235.00,5.52,0.03,27,0
vda,821.40,24.24,0.01,121,0
vda,895.60,31.18,0.00,155,0
vda,807.20,29.28,0.00,146,0
vda,57.60,1.32,0.00,6,0
vda,17.20,0.00,3.26,0,16
vda,19.60,0.00,5.45,0,27
vda,22.60,0.00,6.57,0,32
vda,16.80,0.01,3.28,0,16
vda,20.80,0.00,6.41,0,32
vda,26.80,0.18,5.77,0,28
vda,25.80,0.15,3.15,0,15
vda,21.60,0.00,5.76,0,28
vda,23.40,0.00,5.90,0,29
vda,35.40,0.06,6.35,0,31
vda,15.80,0.00,3.63,0,18
vda,22.40,0.00,5.78,0,28
vda,27.00,0.04,4.18,0,20
vda,23.60,0.00,7.40,0,36
vda,22.20,0.02,3.68,0,18
vda,22.80,0.00,6.49,0,32
vda,93.60,1.44,4.31,7,21
vda,22.20,0.00,4.24,0,21
vda,22.60,0.00,5.89,0,29
vda,5.40,0.00,0.87,0,4
vda,1.20,0.00,0.00,0,0
vda,0.00,0.00,0.00,0,0
vda,2.20,0.01,0.00,0,0
vda,0.80,0.00,0.00,0,0
vda,1090.00,26.21,1.55,131,7
vda,887.40,28.29,0.03,141,0
vda,727.00,29.04,0.09,145,0
vda,198.80,6.96,0.01,34,0
vda,21.60,0.00,3.26,0,16
vda,18.80,0.00,4.57,0,22
vda,20.00,0.00,6.73,0,33
vda,23.00,0.03,3.53,0,17
vda,19.20,0.00,6.07,0,30
vda,73.00,0.25,6.66,1,33
vda,16.40,0.00,3.74,0,18
vda,97.00,1.28,4.35,6,21
vda,36.80,0.18,6.68,0,33
vda,28.00,0.11,4.14,0,20
vda,21.20,0.00,5.82,0,29
vda,25.60,0.00,6.87,0,34
vda,16.60,0.00,3.46,0,17
vda,24.20,0.00,6.88,0,34
vda,16.00,0.00,3.56,0,17
vda,18.60,0.00,6.50,0,32
vda,16.80,0.04,3.24,0,16
vda,45.40,0.56,7.23,2,36
vda,20.80,0.00,3.18,0,15
vda,2.20,0.00,0.99,0,4
vda,1.40,0.00,0.01,0,0
vda,0.00,0.00,0.00,0,0
vda,2.40,0.04,0.00,0,0
vda,0.00,0.00,0.00,0,0
vda,8.40,0.00,1.63,0,8
vda,396.00,7.97,0.93,39,4
vda,1061.80,26.62,0.02,133,0
vda,858.00,29.23,0.00,146,0
vda,727.00,24.62,0.00,123,0
vda,5.80,0.03,0.00,0,0
vda,19.60,0.00,3.27,0,16
vda,17.20,0.00,5.31,0,26
vda,29.20,0.03,6.05,0,30
vda,23.00,0.00,6.13,0,30
vda,47.00,0.88,5.42,4,27
vda,36.00,0.16,5.55,0,27
vda,48.60,0.07,10.06,0,50
vda,6.00,0.00,0.51,0,2
vda,18.60,0.01,4.16,0,20
vda,62.80,0.07,8.17,0,40
vda,27.20,0.00,7.96,0,39
vda,15.80,0.00,3.89,0,19
vda,23.80,0.00,6.33,0,31
vda,4.40,0.00,0.02,0,0
vda,38.60,0.26,6.42,1,32
vda,42.40,0.16,8.94,0,44
vda,18.80,0.00,4.61,0,23
vda,24.60,0.00,6.36,0,31
vda,1.40,0.00,0.00,0,0
vda,0.80,0.00,0.00,0,0
vda,1.80,0.01,0.00,0,0
vda,0.80,0.00,0.00,0,0
vda,0.00,0.00,0.00,0,0
vda,365.20,8.73,0.95,43,4
vda,929.80,26.98,0.04,134,0
vda,816.60,31.00,0.01,154,0
vda,419.60,19.38,0.01,96,0
vda,152.20,7.57,0.00,37,0
vda,5.40,0.07,0.00,0,0
vda,40.80,0.27,0.03,1,0
vda,16.20,0.00,0.07,0,0
vda,14.60,0.00,0.10,0,0
vda,0.00,0.00,0.00,0,0
vda,0.80,0.00,0.00,0,0
vda,0.00,0.00,0.00,0,0
vda,1.00,0.00,0.00,0,0
vda,9.80,0.19,0.01,0,0
vda,1.40,0.00,0.01,0,0
vda,1.80,0.00,0.01,0,0
vda,0.80,0.00,0.00,0,0
vda,0.00,0.00,0.00,0,0
vda,1.00,0.00,0.00,0,0
vda,7.40,0.00,0.03,0,0
vda,80.00,1.98,0.00,9,0
vda,16.40,0.00,0.06,0,0
vda,9.80,0.03,0.06,0,0
vda,2.80,0.03,0.01,0,0
vda,2.60,0.02,0.01,0,0
vda,1.00,0.00,0.01,0,0
vda,2.00,0.00,0.01,0,0
vda,0.00,0.00,0.00,0,0
vda,0.80,0.00,0.00,0,0
vda,7.60,0.00,0.03,0,0
