vda,31.00,0.34,0.01,1,0
vda,2.00,0.00,0.01,0,0
vda,1.80,0.00,0.01,0,0
vda,1.80,0.00,0.01,0,0
vda,3.00,0.00,0.01,0,0
vda,1.80,0.00,0.01,0,0
vda,26.00,0.00,0.11,0,0
vda,433.20,5.35,0.02,26,0
vda,430.20,5.49,0.02,27,0
vda,64.00,10.33,0.01,51,0
vda,40.60,7.16,0.11,35,0
vda,132.40,1.14,0.02,5,0
vda,5.80,0.00,0.02,0,0
vda,10.40,0.00,0.04,0,0
vda,5.40,0.00,0.02,0,0
vda,6.40,0.00,0.02,0,0
vda,28.40,0.00,5.35,0,26
vda,4.80,0.00,0.02,0,0
vda,6.00,0.00,0.02,0,0
vda,1.80,0.00,0.01,0,0
vda,8.40,0.09,0.03,0,0
vda,2.00,0.00,0.01,0,0
vda,2.40,0.00,0.01,0,0
vda,10.60,0.00,0.06,0,0
vda,1.80,0.00,0.01,0,0
vda,1.80,0.00,0.01,0,0
vda,2.00,0.00,0.01,0,0
vda,1.80,0.00,0.01,0,0
vda,10.20,0.00,0.04,0,0
vda,1.80,0.03,0.00,0,0
vda,4.60,0.00,0.02,0,0
vda,2.60,0.00,0.01,0,0
vda,13.40,0.00,0.06,0,0
vda,2.80,0.00,0.01,0,0
