3443936.0,48724.0,4116.0
3345843.2,77486.933333,4826.6666667
3330752.0,81912.0,4936.0
1012536.5333,809509.86667,5982.9333333
655888.0,921448.0,6144.0
655888.0,921448.0,6144.0
207082.93333,339789.86667,5689.8666667
138036.0,250304.0,5620.0
138036.0,250304.0,5620.0
138812.53333,145184.26667,4368.5333333
138932.0,129012.0,4176.0
124857.33333,82416.266667,1260.2666667
123852.0,79088.0,1052.0
123852.0,79088.0,1052.0
109200.0,179820.0,3424.0
109200.0,179820.0,3424.0
109200.0,179820.0,3424.0
136240.0,120304.0,2052.0
136240.0,120304.0,2052.0
134077.06667,121319.46667,2022.6666667
103796.0,135536.0,1612.0
103796.0,135536.0,1612.0
137448.0,119516.0,1556.0
137448.0,119516.0,1556.0
123487.46667,125805.06667,1594.4
123487.46667,125805.06667,1594.4
111272.0,131308.0,1628.0
111272.0,131308.0,1628.0
138548.0,102556.0,1604.0
138548.0,102556.0,1604.0
115652.0,148204.0,3116.0
115652.0,148204.0,3116.0
115652.0,148204.0,3116.0
127580.0,134278.66667,1566.6666667
128432.0,133284.0,1456.0
115397.33333,129422.13333,1896.2666667
113392.0,128828.0,1964.0
113392.0,128828.0,1964.0
3246931.7333,31638.133333,2326.1333333
3470756.0,24696.0,2352.0
