vda,0.20,0.00,0.00,0,0
vda,22.20,0.00,0.11,0,0
vda,3.40,0.00,0.01,0,0
vda,1.80,0.00,0.01,0,0
vda,3.60,0.00,0.02,0,0
vda,2.40,0.00,0.01,0,0
vda,6.40,0.00,0.03,0,0
vda,0.00,0.00,0.00,0,0
vda,12.60,0.00,0.06,0,0
vda,2.60,0.00,0.01,0,0
vda,16.20,0.06,0.01,0,0
vda,2.20,0.00,0.01,0,0
vda,281.00,3.46,0.02,17,0
vda,336.80,3.94,0.04,19,0
vda,262.60,3.59,0.02,17,0
vda,139.80,1.29,0.02,6,0
vda,7.20,0.03,0.02,0,0
vda,13.80,0.00,0.05,0,0
vda,10.20,0.09,0.05,0,0
vda,7.00,0.00,0.03,0,0
vda,6.80,0.00,0.08,0,0
vda,7.00,0.00,0.03,0,0
vda,2.00,0.00,0.01,0,0
vda,1.80,0.00,0.01,0,0
vda,4.00,0.00,0.02,0,0
vda,3.40,0.00,0.02,0,0
vda,0.00,0.00,0.00,0,0
