vda,48.00,0.00,233.60,0,1168
vda,53.00,0.00,243.20,0,1216
vda,7.80,0.00,161.60,0,808
vda,1.40,0.00,47.20,0,236
vda,0.40,0.00,11.20,0,56
vda,14.20,0.00,87.20,0,436
vda,59.60,0.00,244.80,0,1224
vda,39.20,0.00,189.60,0,948
vda,10.60,0.00,131.20,0,656
vda,60.20,0.00,254.40,0,1272
vda,46.40,0.00,196.00,0,980
vda,18.00,0.00,127.20,0,636
vda,0.80,0.00,38.40,0,192
vda,4.00,1.60,467.20,8,2336
vda,13.60,0.00,97.60,0,488
vda,56.20,0.00,249.60,0,1248
vda,39.60,0.00,182.40,0,912
vda,22.20,0.00,155.20,0,776
vda,6.20,0.00,25.60,0,128
vda,15.20,0.00,94.40,0,472
vda,24.60,0.00,134.40,0,672
vda,43.20,1.60,217.60,8,1088
vda,34.60,0.80,738.40,4,3692
vda,11.60,0.00,84.80,0,424
vda,24.80,0.00,101.60,0,508
vda,75.00,0.80,317.60,4,1588
vda,13.80,0.00,85.60,0,428
vda,0.40,0.00,1.60,0,8
vda,24.80,0.00,104.80,0,524
vda,53.40,0.00,248.80,0,1244
