vda,1.20,0.00,0.01,0,0
vda,58.00,0.34,0.13,1,0
vda,2.20,0.00,0.01,0,0
vda,0.00,0.00,0.00,0,0
vda,1.80,0.00,0.01,0,0
vda,20.80,0.12,0.01,0,0
vda,3.40,0.00,0.02,0,0
vda,1.80,0.00,0.01,0,0
vda,15.40,0.00,0.07,0,0
vda,1.80,0.00,0.01,0,0
vda,1.80,0.00,0.01,0,0
vda,1.80,0.00,0.01,0,0
vda,276.00,3.37,0.03,16,0
vda,308.40,3.69,0.01,18,0
vda,319.40,10.62,0.02,53,0
vda,28.80,0.27,0.04,1,0
vda,133.60,1.16,0.02,5,0
vda,7.20,0.00,0.03,0,0
vda,13.40,0.00,0.06,0,0
vda,14.80,0.00,0.08,0,0
vda,13.00,0.09,0.09,0,0
vda,7.20,0.00,0.03,0,0
vda,7.40,0.00,0.08,0,0
vda,2.60,0.00,0.01,0,0
vda,3.00,0.00,0.02,0,0
vda,2.00,0.00,0.01,0,0
vda,1.80,0.00,0.01,0,0
vda,0.60,0.00,0.00,0,0
vda,2.60,0.00,0.01,0,0
vda,10.40,0.00,0.04,0,0
