vda,3.60,0.00,0.02,0,0
vda,56.80,0.34,0.13,1,0
vda,2.20,0.00,0.01,0,0
vda,1.80,0.00,0.01,0,0
vda,0.00,0.00,0.00,0,0
vda,1.80,0.00,0.01,0,0
vda,3.40,0.00,0.02,0,0
vda,427.80,5.27,0.00,26,0
vda,118.60,1.03,0.08,5,0
vda,357.80,4.79,0.02,23,0
vda,147.20,1.34,0.02,6,0
vda,7.60,0.00,0.03,0,0
vda,16.20,0.00,0.07,0,0
vda,11.80,0.09,0.06,0,0
vda,7.20,0.00,0.03,0,0
vda,10.00,0.00,0.08,0,0
vda,9.40,0.00,0.04,0,0
vda,1.80,0.00,0.01,0,0
vda,12.40,0.18,0.02,0,0
vda,0.00,0.00,0.00,0,0
vda,2.60,0.00,0.01,0,0
vda,3.60,0.00,0.01,0,0
vda,3.40,0.00,0.01,0,0
