vda,0.60,0.00,0.00,0,0
vda,1.80,0.00,0.01,0,0
vda,0.00,0.00,0.00,0,0
vda,22.00,0.00,0.11,0,0
vda,0.00,0.00,0.00,0,0
vda,2.40,0.00,0.01,0,0
vda,3.80,0.00,0.01,0,0
vda,244.20,2.82,0.02,14,0
vda,334.80,4.01,0.01,20,0
vda,328.80,6.98,0.02,34,0
vda,26.20,4.74,0.01,23,0
vda,3.20,0.00,0.02,0,0
vda,0.80,0.01,0.00,0,0
vda,144.00,1.29,0.04,6,0
vda,13.80,0.04,0.05,0,0
vda,4.80,0.00,0.02,0,0
vda,4.60,0.00,0.07,0,0
vda,4.60,0.00,0.02,0,0
vda,4.80,0.00,0.02,0,0
vda,10.40,0.00,0.04,0,0
vda,4.00,0.00,0.02,0,0
vda,8.00,0.00,0.07,0,0
vda,6.80,0.00,0.03,0,0
vda,0.80,0.00,0.01,0,0
vda,10.20,0.00,0.04,0,0
vda,4.20,0.00,0.01,0,0
vda,6.00,0.00,0.03,0,0
vda,2.40,0.08,0.01,0,0
vda,9.60,0.00,0.05,0,0
vda,2.00,0.00,0.01,0,0
vda,0.00,0.00,0.00,0,0
vda,0.60,0.00,0.00,0,0
vda,0.80,0.00,0.00,0,0
vda,0.00,0.00,0.00,0,0
vda,8.60,0.00,0.04,0,0
vda,6.80,0.00,0.03,0,0
