vda,5.80,0.04,0.02,0,0
vda,1.00,0.00,0.00,0,0
vda,0.00,0.00,0.00,0,0
vda,2.80,0.00,0.01,0,0
vda,0.00,0.00,0.00,0,0
vda,1.60,0.00,0.01,0,0
vda,19.40,0.00,0.09,0,0
vda,62.40,1.37,0.01,6,0
vda,74.60,12.94,0.02,64,0
vda,35.40,13.21,0.01,66,0
vda,73.40,26.61,0.01,133,0
vda,70.60,24.20,0.04,121,0
vda,53.80,20.60,0.00,102,0
vda,65.00,23.80,0.01,118,0
vda,67.20,24.60,0.07,123,0
vda,64.20,22.98,0.01,114,0
vda,60.20,20.04,0.04,100,0
vda,68.00,25.29,0.02,126,0
vda,94.40,26.79,0.08,133,0
vda,44.80,17.33,0.00,86,0
vda,49.20,3.73,0.01,18,0
vda,19.80,0.17,0.02,0,0
vda,2.80,0.00,0.01,0,0
vda,11.80,0.00,5.66,0,28
vda,23.20,0.37,0.01,1,0
vda,19.80,0.00,7.76,0,38
vda,5.40,0.00,0.02,0,0
vda,19.80,0.09,7.72,0,38
vda,10.60,0.13,0.02,0,0
vda,26.40,0.03,7.47,0,37
vda,3.60,0.00,0.01,0,0
vda,1.80,0.00,0.01,0,0
vda,12.40,0.00,6.29,0,31
vda,47.40,0.81,0.03,4,0
vda,24.00,0.00,7.79,0,38
vda,5.00,0.00,0.02,0,0
vda,4.00,0.00,0.02,0,0
vda,14.37,0.00,7.75,0,38
vda,6.60,0.03,0.02,0,0
vda,16.00,0.00,0.06,0,0
vda,0.00,0.00,0.00,0,0
vda,2.60,0.00,0.01,0,0
vda,25.80,0.00,5.86,0,29
vda,4.40,0.00,0.02,0,0
vda,10.20,0.00,7.60,0,37
vda,4.40,0.00,0.02,0,0
vda,12.40,0.00,7.56,0,37
vda,9.80,0.01,0.03,0,0
vda,21.40,0.00,7.68,0,38
vda,2.00,0.00,0.01,0,0
vda,3.40,0.00,0.01,0,0
vda,8.40,0.00,7.37,0,36
vda,5.20,0.00,0.02,0,0
vda,11.00,0.00,7.29,0,36
vda,5.20,0.00,0.02,0,0
vda,11.60,0.00,7.38,0,36
vda,12.40,0.00,7.56,0,37
vda,4.60,0.00,0.02,0,0
vda,4.00,0.05,0.01,0,0
vda,4.40,0.00,0.02,0,0
vda,24.60,0.00,7.57,0,37
vda,18.40,0.00,7.53,0,37
vda,5.20,0.00,0.02,0,0
vda,2.80,0.00,0.01,0,0
vda,18.40,0.00,7.52,0,37
vda,5.60,0.00,0.02,0,0
vda,17.20,0.00,7.73,0,38
vda,2.80,0.00,0.01,0,0
vda,31.80,0.02,7.48,0,37
vda,5.40,0.00,0.02,0,0
vda,3.80,0.00,0.01,0,0
vda,16.40,0.00,7.66,0,38
vda,21.20,0.00,7.47,0,37
vda,5.60,0.00,0.02,0,0
vda,3.20,0.00,0.01,0,0
vda,26.60,0.00,7.05,0,35
vda,15.20,0.00,0.06,0,0
vda,39.00,0.08,7.80,0,39
vda,6.40,0.00,0.03,0,0
vda,16.40,0.00,7.23,0,36
vda,5.40,0.00,0.02,0,0
vda,12.60,0.00,7.18,0,35
vda,16.20,0.00,7.24,0,36
vda,4.60,0.00,0.02,0,0
vda,4.40,0.00,0.02,0,0
vda,22.60,0.00,7.28,0,36
vda,4.80,0.03,0.01,0,0
vda,30.80,0.06,7.23,0,36
vda,6.20,0.00,0.02,0,0
vda,24.80,0.00,7.21,0,36
vda,19.60,0.00,6.95,0,34
vda,6.20,0.00,0.02,0,0
vda,1.00,0.00,0.00,0,0
vda,22.80,0.00,6.92,0,34
vda,3.00,0.00,0.01,0,0
vda,27.80,0.01,6.70,0,33
vda,3.80,0.05,0.01,0,0
vda,27.60,0.00,6.73,0,33
vda,23.80,0.00,6.78,0,33
vda,25.80,0.41,0.02,2,0
vda,0.80,0.00,0.00,0,0
vda,17.60,0.00,6.39,0,31
vda,5.60,0.00,0.02,0,0
vda,21.60,0.00,6.38,0,31
vda,38.20,0.29,6.47,1,32
vda,5.80,0.00,0.02,0,0
vda,17.20,0.00,6.65,0,33
vda,38.60,0.33,6.65,1,33
vda,18.20,0.12,0.02,0,0
vda,16.60,0.00,0.06,0,0
vda,0.00,0.00,0.00,0,0
vda,0.60,0.00,0.00,0,0
vda,0.00,0.00,0.00,0,0
vda,31.40,0.57,0.01,2,0
vda,23.20,0.19,0.11,0,0
vda,1.00,0.00,0.00,0,0
vda,0.00,0.00,0.00,0,0
vda,10.40,0.00,0.04,0,0
vda,1.80,0.00,0.01,0,0
vda,0.00,0.00,0.00,0,0
vda,0.80,0.00,0.00,0,0
vda,0.00,0.00,0.00,0,0
vda,0.60,0.00,0.00,0,0
