vda,2.60,0.00,0.01,0,0
vda,1.80,0.00,0.01,0,0
vda,1.80,0.00,0.01,0,0
vda,2.80,0.00,0.01,0,0
vda,3.40,0.00,0.01,0,0
vda,2.40,0.00,0.01,0,0
vda,19.60,0.00,0.10,0,0
vda,438.12,5.39,0.02,26,0
vda,420.60,5.38,0.02,26,0
vda,36.40,0.35,0.03,1,0
vda,136.00,1.20,0.02,6,0
vda,20.20,0.09,0.09,0,0
vda,5.80,0.00,0.02,0,0
vda,3.20,0.00,0.01,0,0
vda,2.60,0.00,0.01,0,0
vda,2.40,0.00,0.02,0,0
vda,2.40,0.00,0.01,0,0
vda,2.20,0.00,0.01,0,0
vda,7.60,0.00,0.06,0,0
vda,2.00,0.00,0.01,0,0
vda,2.00,0.00,0.01,0,0
vda,2.60,0.00,0.01,0,0
vda,8.80,0.00,0.04,0,0
vda,2.00,0.00,0.01,0,0
vda,1.80,0.00,0.01,0,0
vda,2.00,0.00,0.01,0,0
