3475376.2667,51894.666667,3570.6666667
3337844.0,86148.0,4336.0
3337844.0,86148.0,4336.0
3157264.5333,141912.8,4422.1333333
629152.0,922620.0,5628.0
629152.0,922620.0,5628.0
597601.06667,895581.33333,5628.5333333
155888.0,517040.0,5636.0
154176.0,504529.6,5648.8
143048.0,423212.0,5732.0
143048.0,423212.0,5732.0
158052.8,423439.2,5746.4
218072.0,424348.0,5804.0
218072.0,424348.0,5804.0
200567.2,436181.6,5816.8
130548.0,483516.0,5868.0
127375.73333,483949.6,5878.6666667
106756.0,486768.0,5948.0
106756.0,486768.0,5948.0
116440.53333,478444.53333,5952.8
252024.0,361916.0,6020.0
252024.0,361916.0,6020.0
237030.4,375376.8,6028.5333333
139572.0,462872.0,6084.0
138908.53333,462866.13333,6164.0
134596.0,462828.0,6684.0
134596.0,462828.0,6684.0
132846.13333,464143.46667,6689.3333333
108348.0,482560.0,6764.0
108348.0,482560.0,6764.0
109854.93333,480063.46667,6757.6
130952.0,445112.0,6668.0
130733.33333,444545.06667,6672.2666667
127672.0,436608.0,6732.0
127672.0,436608.0,6732.0
127672.0,436608.0,6732.0
250960.0,347444.0,3224.0
250960.0,347444.0,3224.0
250960.0,347444.0,3224.0
133256.0,465308.0,2272.0
133256.0,465308.0,2272.0
131504.0,465792.0,2320.0
131504.0,465792.0,2320.0
