vda,2.80,0.00,0.02,0,0
vda,18.00,0.00,0.09,0,0
vda,31.60,0.34,0.01,1,0
vda,1.00,0.00,0.00,0,0
vda,0.00,0.00,0.00,0,0
vda,10.40,0.00,0.04,0,0
vda,21.00,0.12,0.01,0,0
vda,10.80,0.00,0.05,0,0
vda,0.00,0.00,0.00,0,0
vda,0.60,0.00,0.00,0,0
vda,1.80,0.00,0.01,0,0
vda,2.20,0.00,0.01,0,0
vda,289.00,3.59,0.01,17,0
vda,231.00,2.60,0.02,12,0
vda,325.60,4.38,0.01,21,0
vda,189.80,1.76,0.13,8,0
vda,10.80,0.01,0.03,0,0
vda,16.60,0.09,0.07,0,0
vda,6.20,0.00,0.02,0,0
vda,10.80,0.00,0.08,0,0
vda,0.00,0.00,0.00,0,0
vda,1.20,0.00,0.00,0,0
vda,0.00,0.00,0.00,0,0
vda,0.60,0.00,0.00,0,0
vda,0.00,0.00,0.00,0,0
vda,1.40,0.00,0.01,0,0
vda,9.98,0.00,0.04,0,0
