vda,1.40,0.00,0.01,0,0
vda,25.40,0.00,0.11,0,0
vda,33.60,0.34,0.02,1,0
vda,0.00,0.00,0.00,0,0
vda,11.40,0.00,0.05,0,0
vda,2.80,0.00,0.01,0,0
vda,2.00,0.00,0.01,0,0
vda,2.00,0.00,0.01,0,0
vda,0.00,0.00,0.00,0,0
vda,2.00,0.00,0.01,0,0
vda,2.60,0.00,0.01,0,0
vda,3.60,0.00,0.01,0,0
vda,376.20,4.54,0.01,22,0
vda,158.80,1.77,0.01,8,0
vda,345.00,4.64,0.02,23,0
vda,152.20,1.43,0.02,7,0
vda,7.00,0.00,0.03,0,0
vda,7.00,0.00,0.03,0,0
vda,19.40,0.00,0.12,0,0
vda,8.40,0.09,0.05,0,0
vda,13.40,0.00,0.05,0,0
vda,2.00,0.00,0.01,0,0
vda,4.60,0.00,0.03,0,0
vda,4.80,0.00,0.02,0,0
vda,11.40,0.00,0.05,0,0
vda,0.00,0.00,0.00,0,0
vda,2.20,0.00,0.01,0,0
vda,1.80,0.00,0.01,0,0
vda,2.00,0.00,0.01,0,0
