3221276.0,143704.0,27716.0
3221276.0,143704.0,27716.0
2720424.0,143920.0,27752.0
1718720.0,144352.0,27824.0
1718720.0,144352.0,27824.0
1511392.0,144357.33333,27845.333333
941240.0,144372.0,27904.0
793126.93333,161670.13333,27921.066667
385816.0,209240.0,27968.0
385816.0,209240.0,27968.0
342107.2,256962.66667,27991.466667
221908.0,388200.0,28056.0
221908.0,388200.0,28056.0
237632.0,365728.0,28080.8
300528.0,275840.0,28180.0
248436.26667,328424.53333,28196.0
105184.0,473032.0,28240.0
105184.0,473032.0,28240.0
105308.0,471250.66667,28258.666667
105556.0,467688.0,28296.0
105556.0,467688.0,28296.0
172405.6,395982.4,28326.4
272680.0,288424.0,28372.0
272680.0,288424.0,28372.0
225478.66667,331674.66667,25565.333333
131076.0,418176.0,19952.0
225665.86667,330163.2,19972.266667
485788.0,88128.0,20028.0
485788.0,88128.0,20028.0
1417929.3333,88754.666667,20173.333333
