vda,1.00,0.00,0.01,0,0
vda,26.60,0.00,0.11,0,0
vda,1.80,0.00,0.01,0,0
vda,0.00,0.00,0.00,0,0
vda,0.60,0.00,0.00,0,0
vda,0.00,0.00,0.00,0,0
vda,4.00,0.00,0.02,0,0
vda,381.40,4.65,0.02,23,0
vda,388.00,5.23,0.02,26,0
vda,135.60,1.80,0.03,9,0
vda,33.20,0.43,0.00,2,0
vda,119.80,0.90,0.31,4,1
vda,5.80,0.00,0.02,0,0
vda,4.60,0.00,0.02,0,0
vda,12.00,0.00,0.05,0,0
vda,5.40,0.00,0.02,0,0
vda,5.00,0.00,0.02,0,0
vda,5.00,0.00,0.03,0,0
vda,2.20,0.09,0.01,0,0
vda,12.00,0.00,0.07,0,0
vda,0.00,0.00,0.00,0,0
vda,7.40,0.00,0.03,0,0
vda,1.00,0.00,0.00,0,0
vda,0.40,0.00,0.00,0,0
vda,1.20,0.00,0.01,0,0
vda,2.60,0.00,0.01,0,0
vda,1.20,0.00,0.00,0,0
vda,2.00,0.00,0.01,0,0
vda,1.20,0.00,0.00,0,0
vda,0.40,0.00,0.00,0,0
vda,1.20,0.00,0.01,0,0
vda,17.60,0.00,0.07,0,0
