vda,20.20,0.80,81.60,4,408
vda,48.00,0.00,255.20,0,1276
vda,57.40,0.00,246.40,0,1232
vda,46.00,0.00,216.00,0,1080
vda,18.60,0.00,118.40,0,592
vda,0.40,0.00,6.40,0,32
vda,44.60,28.80,195.20,144,976
vda,64.00,548.00,86.40,2740,432
vda,7.80,5.60,58.40,28,292
vda,57.80,1.60,264.00,8,1320
vda,55.60,0.00,255.20,0,1276
vda,36.00,0.80,170.40,4,852
vda,42.80,0.00,212.80,0,1064
vda,2.60,0.00,77.60,0,388
vda,9.20,0.00,36.00,0,180
vda,31.00,0.00,165.60,0,828
vda,1.20,0.00,36.00,0,180
vda,9.40,4.80,120.00,24,600
vda,30.80,0.00,125.60,0,628
vda,47.60,0.00,234.40,0,1172
vda,44.60,0.00,188.00,0,940
vda,40.40,1.60,200.00,8,1000
vda,47.00,0.00,200.00,0,1000
vda,31.40,0.80,500.80,4,2504
vda,14.40,0.00,96.80,0,484
vda,38.20,0.00,175.20,0,876
vda,12.57,0.00,51.10,0,256
vda,40.00,0.00,208.80,0,1044
vda,41.80,0.00,210.40,0,1052
vda,23.00,0.80,260.80,4,1304
vda,17.60,0.80,116.00,4,580
vda,24.40,0.00,99.20,0,496
vda,41.60,0.00,183.20,0,916
vda,0.40,0.00,37.60,0,188
vda,27.80,0.00,124.80,0,624
vda,24.80,0.00,116.00,0,580
vda,39.80,0.00,182.40,0,912
vda,28.60,0.00,162.40,0,812
vda,18.20,0.00,83.20,0,416
vda,23.46,0.00,271.52,0,3356
vda,18.80,2.40,80.80,12,404
vda,39.00,0.00,191.20,0,956
vda,46.40,0.00,224.00,0,1120
vda,2.20,20.80,17.60,104,88
vda,27.60,403.20,117.60,2016,588
vda,31.40,0.00,135.20,0,676
vda,38.25,1.75,306.38,20,3508
vda,29.00,2.40,150.40,12,752
vda,2.60,0.00,66.40,0,332
vda,29.20,0.00,126.40,0,632
vda,23.20,0.00,101.60,0,508
vda,1.80,0.00,388.80,0,1944
vda,0.60,0.00,27.20,0,136
vda,53.80,0.00,220.80,0,1104
vda,51.00,0.00,208.80,0,1044
vda,69.20,0.00,342.40,0,1712
vda,2.00,0.00,15.20,0,76
vda,39.80,0.00,196.80,0,984
vda,34.40,0.00,147.20,0,736
vda,4.60,0.00,19.20,0,96
