vda,3.60,0.00,0.02,0,0
vda,29.40,0.00,0.13,0,0
vda,2.60,0.00,0.01,0,0
vda,2.00,0.00,0.01,0,0
vda,1.60,0.00,0.01,0,0
vda,0.20,0.00,0.00,0,0
vda,2.80,0.00,0.01,0,0
vda,2.40,0.00,0.01,0,0
vda,5.80,0.00,0.02,0,0
vda,9.20,0.00,0.04,0,0
vda,1.60,0.00,0.01,0,0
vda,0.20,0.00,0.00,0,0
vda,240.00,3.06,0.01,15,0
vda,275.00,3.13,0.02,15,0
vda,229.60,3.32,0.01,16,0
vda,178.60,11.49,0.05,57,0
vda,61.20,3.85,0.01,19,0
vda,106.60,0.80,0.10,4,0
vda,15.20,0.03,0.05,0,0
vda,4.40,0.00,0.02,0,0
vda,5.20,0.00,0.02,0,0
vda,0.00,0.00,0.00,0,0
vda,5.60,0.00,0.02,0,0
vda,6.20,0.00,0.03,0,0
vda,16.40,0.00,0.07,0,0
vda,8.20,0.00,0.07,0,0
vda,4.60,0.00,0.02,0,0
vda,9.80,0.00,0.04,0,0
vda,8.20,0.00,0.03,0,0
vda,6.80,0.00,0.03,0,0
vda,1.00,0.08,0.00,0,0
vda,6.60,0.00,0.03,0,0
vda,12.20,0.00,0.06,0,0
vda,7.00,0.00,0.03,0,0
vda,1.80,0.00,0.01,0,0
vda,2.40,0.00,0.01,0,0
vda,2.20,0.00,0.01,0,0
vda,3.20,0.00,0.01,0,0
vda,3.00,0.00,0.01,0,0
vda,2.00,0.00,0.01,0,0
