3599520.0,41256.0,3600.0
3599520.0,41256.0,3600.0
1176080.0,660372.0,5716.0
1176080.0,660372.0,5716.0
1176080.0,660372.0,5716.0
265189.06667,637942.66667,5802.6666667
125052.0,634492.0,5816.0
131973.6,260538.93333,5898.1333333
132468.0,233828.0,5904.0
132468.0,233828.0,5904.0
166094.66667,268633.33333,5962.9333333
171268.0,273988.0,5972.0
171268.0,273988.0,5972.0
122469.6,304429.6,6042.9333333
118984.0,306604.0,6048.0
259557.33333,163850.13333,2716.5333333
281184.0,141888.0,2204.0
281184.0,141888.0,2204.0
122241.06667,296817.6,2405.6
110888.0,307884.0,2420.0
110888.0,307884.0,2420.0
116320.0,306140.0,1400.0
116320.0,306140.0,1400.0
116320.0,306140.0,1400.0
122320.0,279388.0,1576.0
122320.0,279388.0,1576.0
135620.0,267460.0,864.0
135620.0,267460.0,864.0
135620.0,267460.0,864.0
122381.6,258003.46667,1076.8
121436.0,257328.0,1092.0
119040.53333,259803.2,1112.8
118672.0,260184.0,1116.0
118672.0,260184.0,1116.0
111960.53333,266643.2,1327.2
109520.0,268992.0,1404.0
109520.0,268992.0,1404.0
107027.2,253804.8,1442.4
106404.0,250008.0,1452.0
126558.93333,229257.6,1202.6666667
133888.0,221712.0,1112.0
133888.0,221712.0,1112.0
118974.4,261180.0,1874.6666667
116680.0,267252.0,1992.0
116680.0,267252.0,1992.0
222923.2,163357.6,2100.8
249484.0,137384.0,2128.0
147679.2,236145.6,2169.6
122228.0,260836.0,2180.0
122228.0,260836.0,2180.0
131495.2,237776.8,1114.4
133812.0,232012.0,848.0
133812.0,232012.0,848.0
123767.2,234847.2,1132.8
121256.0,235556.0,1204.0
130727.73333,225453.6,1268.5333333
134172.0,221780.0,1292.0
134172.0,221780.0,1292.0
117061.86667,227106.93333,1092.5333333
110840.0,229044.0,1020.0
110840.0,229044.0,1020.0
123242.13333,216682.93333,1081.6
127752.0,212188.0,1104.0
129210.66667,200108.0,933.33333333
129940.0,194068.0,848.0
129940.0,194068.0,848.0
124730.4,194112.0,918.4
122836.0,194128.0,944.0
122836.0,194128.0,944.0
117148.26667,199900.8,1158.1333333
115080.0,202000.0,1236.0
278385.6,77782.4,1428.0
319212.0,46728.0,1476.0
319212.0,46728.0,1476.0
205397.86667,157858.93333,1531.4666667
187888.0,174956.0,1540.0
187888.0,174956.0,1540.0
122889.6,237948.0,1543.2
106640.0,253696.0,1544.0
301698.93333,49193.866667,1589.0666667
331708.0,17732.0,1596.0
331708.0,17732.0,1596.0
327925.6,21079.2,1852.0
326980.0,21916.0,1916.0
326980.0,21916.0,1916.0
2943604.0,29304.8,2127.2
