vda,0.60,0.00,0.00,0,0
vda,1.80,0.00,0.01,0,0
vda,0.00,0.00,0.00,0,0
vda,0.80,0.00,0.00,0,0
vda,0.80,0.00,0.01,0,0
vda,20.60,0.00,0.10,0,0
vda,2.00,0.00,0.01,0,0
vda,354.40,4.41,0.02,22,0
vda,281.80,3.30,0.02,16,0
vda,310.40,18.51,0.00,92,0
vda,25.60,0.50,0.06,2,0
vda,1.00,0.00,0.00,0,0
vda,143.00,1.29,0.09,6,0
vda,6.80,0.04,0.02,0,0
vda,3.80,0.00,0.01,0,0
vda,4.60,0.00,0.02,0,0
vda,9.60,0.00,0.04,0,0
vda,10.20,0.00,0.04,0,0
vda,5.60,0.00,0.03,0,0
vda,7.60,0.00,0.07,0,0
vda,3.40,0.00,0.01,0,0
vda,7.40,0.00,0.03,0,0
vda,7.80,0.00,0.03,0,0
vda,4.20,0.00,0.02,0,0
vda,3.40,0.08,0.02,0,0
vda,5.80,0.00,0.02,0,0
vda,6.00,0.00,0.03,0,0
vda,2.00,0.00,0.01,0,0
vda,1.20,0.00,0.00,0,0
vda,0.00,0.00,0.00,0,0
vda,1.40,0.00,0.01,0,0
vda,1.00,0.00,0.00,0,0
vda,0.00,0.00,0.00,0,0
vda,10.40,0.00,0.04,0,0
