vda,28.40,0.27,0.01,1,0
vda,28.20,0.07,0.11,0,0
vda,2.20,0.00,0.01,0,0
vda,0.00,0.00,0.00,0,0
vda,0.60,0.00,0.00,0,0
vda,0.00,0.00,0.00,0,0
vda,1.60,0.00,0.01,0,0
vda,386.20,4.68,0.02,23,0
vda,373.20,5.07,0.02,25,0
vda,158.00,5.10,0.04,25,0
vda,143.60,2.12,0.02,10,0
vda,8.60,0.03,0.03,0,0
vda,1.40,0.00,0.01,0,0
vda,13.20,0.00,0.06,0,0
vda,7.60,0.00,0.03,0,0
vda,11.20,0.09,0.04,0,0
vda,19.20,0.00,0.13,0,0
vda,0.80,0.00,0.00,0,0
vda,0.60,0.00,0.01,0,0
vda,2.40,0.00,0.01,0,0
vda,0.20,0.00,0.00,0,0
vda,1.20,0.00,0.00,0,0
vda,0.60,0.00,0.00,0,0
vda,0.00,0.00,0.00,0,0
vda,3.80,0.00,0.02,0,0
vda,1.40,0.00,0.01,0,0
vda,16.40,0.00,0.07,0,0
vda,0.80,0.00,0.00,0,0
vda,0.60,0.00,0.00,0,0
