vda,3.00,0.00,0.01,0,0
vda,22.80,0.00,0.11,0,0
vda,40.00,0.24,0.05,1,0
vda,0.00,0.00,0.00,0,0
vda,2.00,0.00,0.01,0,0
vda,1.80,0.00,0.01,0,0
vda,2.80,0.00,0.01,0,0
vda,3.20,0.00,0.02,0,0
vda,2.20,0.00,0.01,0,0
vda,8.00,0.00,0.03,0,0
vda,1.80,0.00,0.01,0,0
vda,1.80,0.00,0.01,0,0
vda,282.20,3.46,0.03,17,0
vda,333.20,3.91,0.02,19,0
vda,298.80,9.11,0.03,45,0
vda,120.40,1.01,0.13,5,0
vda,43.00,0.32,0.03,1,0
vda,14.80,0.00,0.06,0,0
vda,16.40,0.09,0.10,0,0
vda,3.40,0.00,0.01,0,0
vda,0.00,0.00,0.00,0,0
vda,4.40,0.00,0.02,0,0
vda,2.00,0.00,0.01,0,0
vda,0.00,0.00,0.00,0,0
vda,2.20,0.00,0.01,0,0
vda,6.80,0.00,0.03,0,0
vda,1.80,0.00,0.01,0,0
vda,7.00,0.00,0.03,0,0
