vda,51.00,0.21,0.11,1,0
vda,2.20,0.00,0.01,0,0
vda,0.60,0.00,0.00,0,0
vda,22.20,0.11,0.00,0,0
vda,10.60,0.00,0.05,0,0
vda,1.80,0.00,0.01,0,0
vda,1.60,0.00,0.01,0,0
vda,340.80,4.21,0.01,21,0
vda,393.80,5.36,0.02,26,0
vda,166.20,5.16,0.13,25,0
vda,138.60,2.11,0.00,10,0
vda,5.80,0.04,0.01,0,0
vda,14.20,0.00,1.64,0,8
vda,12.40,0.00,0.05,0,0
vda,6.00,0.00,0.02,0,0
vda,7.20,0.09,0.03,0,0
vda,6.60,0.00,0.03,0,0
vda,1.40,0.00,0.01,0,0
vda,1.80,0.00,0.01,0,0
vda,7.60,0.00,0.05,0,0
vda,0.00,0.00,0.00,0,0
vda,0.60,0.00,0.00,0,0
vda,1.40,0.00,0.00,0,0
vda,8.40,0.00,0.04,0,0
vda,1.60,0.00,0.01,0,0
vda,1.60,0.00,0.01,0,0
vda,2.00,0.00,0.01,0,0
vda,0.60,0.00,0.00,0,0
vda,2.00,0.00,0.01,0,0
vda,1.00,0.00,0.00,0,0
