144368.0,7272916.0,22972.0
146485.86667,7141942.6667,23717.066667
147256.0,7094316.0,23988.0
147256.0,7094316.0,23988.0
127777.6,5055378.4,24637.6
122908.0,4545644.0,24800.0
122977.33333,3794226.6667,24890.133333
122988.0,3678624.0,24904.0
122988.0,3678624.0,24904.0
146048.8,3113240.5333,25038.4
147696.0,3072856.0,25048.0
147696.0,3072856.0,25048.0
157510.13333,3000780.5333,25155.466667
159020.0,2989692.0,25172.0
127192.53333,3080574.1333,25230.933333
122296.0,3094556.0,25240.0
122296.0,3094556.0,25240.0
129870.66667,3060853.0667,25316.266667
131036.0,3055668.0,25328.0
131036.0,3055668.0,25328.0
