7620092.0,44364.0,4212.0
6596125.6,177765.6,4999.2
5060176.0,377868.0,6180.0
5060176.0,377868.0,6180.0
4286405.3333,716840.0,6241.3333333
2738864.0,1394784.0,6364.0
2163594.6667,1728540.0,6390.6666667
1013056.0,2396052.0,6444.0
1013056.0,2396052.0,6444.0
778947.2,2418469.0667,6432.2666667
135148.0,2480116.0,6400.0
135148.0,2480116.0,6400.0
132844.0,2279341.6,6421.3333333
126508.0,1727212.0,6480.0
124898.4,1640526.1333,6516.2666667
120472.0,1402140.0,6616.0
120472.0,1402140.0,6616.0
142874.66667,1259888.0,6716.0
187680.0,975384.0,6916.0
187680.0,975384.0,6916.0
170988.0,991265.33333,6934.6666667
137604.0,1023028.0,6972.0
137604.0,1023028.0,6972.0
137604.0,1023028.0,6972.0
137604.0,1023028.0,6972.0
136888.26667,1023729.8667,7001.8666667
134920.0,1025660.0,7084.0
134920.0,1025660.0,7084.0
132545.6,1027798.4,7100.8
123048.0,1036352.0,7168.0
124873.6,1012473.0667,7179.2
136740.0,857260.0,7252.0
136740.0,857260.0,7252.0
179746.93333,813459.2,7228.0
781844.0,200248.0,6892.0
781844.0,200248.0,6892.0
750914.4,230408.53333,6904.8
549872.0,426452.0,6988.0
534685.6,441219.46667,6993.6
322076.0,647964.0,7072.0
322076.0,647964.0,7072.0
309236.53333,660602.66667,6761.6
129484.0,837544.0,2416.0
129484.0,837544.0,2416.0
128907.46667,837958.4,2366.9333333
125160.0,840652.0,2048.0
126620.26667,840774.13333,2057.0666667
136112.0,841568.0,2116.0
136112.0,841568.0,2116.0
134590.93333,842232.53333,2109.6
124704.0,846552.0,2068.0
124704.0,846552.0,2068.0
126133.33333,845112.53333,2028.5333333
135424.0,835756.0,1772.0
134920.0,836455.2,1654.1333333
131644.0,841000.0,888.0
131644.0,841000.0,888.0
133515.46667,839092.8,912.53333333
145680.0,826696.0,1072.0
145680.0,826696.0,1072.0
144164.26667,828232.0,1098.1333333
134312.0,838216.0,1268.0
135816.0,828568.0,1317.6
141832.0,789976.0,1516.0
141832.0,789976.0,1516.0
140665.6,790984.0,1528.0
136000.0,795016.0,1576.0
136000.0,795016.0,1576.0
134574.4,796572.8,1540.0
128872.0,802800.0,1396.0
130844.8,800620.8,1384.8
138736.0,791904.0,1340.0
138736.0,791904.0,1340.0
139412.0,791289.6,1295.2
142116.0,788832.0,1116.0
142116.0,788832.0,1116.0
140214.13333,794584.53333,1103.7333333
127852.0,831976.0,1024.0
130233.86667,831131.2,1044.8
145716.0,825640.0,1180.0
145716.0,825640.0,1180.0
144830.13333,826634.4,1183.4666667
132428.0,840556.0,1232.0
132428.0,840556.0,1232.0
131303.73333,841471.73333,1258.1333333
123996.0,847424.0,1428.0
126140.0,845259.2,1418.4
140076.0,831188.0,1356.0
140076.0,831188.0,1356.0
141110.4,830014.4,1358.4
145248.0,825320.0,1368.0
145248.0,825320.0,1368.0
139092.26667,819516.26667,1314.6666667
122164.0,803556.0,1168.0
125534.66667,808353.86667,1179.7333333
134804.0,821548.0,1212.0
134804.0,821548.0,1212.0
136253.6,819784.0,1277.6
142052.0,812728.0,1540.0
142052.0,812728.0,1540.0
138079.73333,816926.4,1564.5333333
127156.0,828472.0,1632.0
129528.0,826077.6,1633.6
139016.0,816500.0,1640.0
139016.0,816500.0,1640.0
135381.86667,820322.93333,1621.8666667
125388.0,830836.0,1572.0
125388.0,830836.0,1572.0
125364.8,833200.8,1505.6
125272.0,842660.0,1240.0
125272.0,842660.0,1240.0
130505.33333,822630.66667,1269.3333333
140972.0,782572.0,1328.0
136768.8,786861.6,1368.0
130464.0,793296.0,1428.0
130464.0,793296.0,1428.0
130997.86667,792728.53333,1323.4666667
131608.0,792080.0,1204.0
131608.0,792080.0,1204.0
128899.46667,795583.73333,1267.4666667
125804.0,799588.0,1340.0
132636.0,792541.33333,1347.4666667
140444.0,784488.0,1356.0
140444.0,784488.0,1356.0
260844.0,656761.6,1418.4
441444.0,465172.0,1512.0
441444.0,465172.0,1512.0
350968.53333,554589.06667,1532.5333333
247568.0,656780.0,1556.0
184809.6,731587.46667,1526.1333333
129896.0,797044.0,1500.0
129896.0,797044.0,1500.0
126924.8,809305.6,1351.2
124944.0,817480.0,1252.0
124944.0,817480.0,1252.0
131644.8,810565.86667,1307.4666667
137508.0,804516.0,1356.0
130207.46667,811458.13333,1494.1333333
121864.0,819392.0,1652.0
121864.0,819392.0,1652.0
133110.93333,808243.2,1487.7333333
142952.0,798488.0,1344.0
142952.0,798488.0,1344.0
138111.46667,803232.53333,1416.5333333
133876.0,807384.0,1480.0
163113.33333,752659.73333,1345.6
188696.0,704776.0,1228.0
188696.0,704776.0,1228.0
192054.13333,701335.73333,1278.4
195892.0,697404.0,1336.0
195892.0,697404.0,1336.0
197272.0,696626.4,1439.2
198192.0,696108.0,1508.0
198192.0,696108.0,1508.0
202320.0,690974.4,1541.6
205072.0,687552.0,1564.0
208866.66667,683528.0,1612.0
210764.0,681516.0,1636.0
210764.0,681516.0,1636.0
187837.06667,704654.13333,1694.6666667
179500.0,713068.0,1716.0
179500.0,713068.0,1716.0
140146.4,757010.4,1664.8
130308.0,767996.0,1652.0
131332.0,760732.0,1581.6
131588.0,758916.0,1564.0
131588.0,758916.0,1564.0
138521.33333,750405.33333,2881.3333333
139588.0,749096.0,3084.0
139588.0,749096.0,3084.0
141990.4,746152.8,3132.5333333
142360.0,745700.0,3140.0
141399.73333,746473.06667,3084.5333333
141252.0,746592.0,3076.0
141252.0,746592.0,3076.0
141252.0,746592.0,3076.0
141252.0,746592.0,3076.0
141252.0,746592.0,3076.0
139744.8,747808.0,3162.4
139368.0,748112.0,3184.0
215273.86667,658416.53333,3057.8666667
242876.0,625800.0,3012.0
242876.0,625800.0,3012.0
235481.33333,633949.33333,2998.6666667
231784.0,638024.0,2992.0
231784.0,638024.0,2992.0
226832.0,641688.0,2989.3333333
224356.0,643520.0,2988.0
212298.4,656009.6,3024.0
204260.0,664336.0,3048.0
204260.0,664336.0,3048.0
211308.0,656362.66667,3093.3333333
214832.0,652376.0,3116.0
214832.0,652376.0,3116.0
213658.66667,652138.66667,3150.6666667
213072.0,652020.0,3168.0
157326.93333,731261.06667,1780.5333333
137056.0,760076.0,1276.0
137056.0,760076.0,1276.0
142846.4,762108.8,1193.8666667
144952.0,762848.0,1164.0
144952.0,762848.0,1164.0
138577.86667,769266.13333,1222.6666667
136260.0,771600.0,1244.0
136260.0,771600.0,1244.0
136260.0,771600.0,1244.0
136260.0,771600.0,1244.0
131167.73333,778326.13333,1772.0
129316.0,780772.0,1964.0
129316.0,780772.0,1964.0
133703.2,776084.8,1899.2
136628.0,772960.0,1856.0
127932.0,782357.33333,1848.0
123584.0,787056.0,1844.0
123584.0,787056.0,1844.0
122168.0,737697.6,1791.2
121224.0,704792.0,1756.0
121224.0,704792.0,1756.0
204714.13333,665092.8,1873.3333333
277768.0,630356.0,1976.0
243565.6,664203.2,1928.0
220764.0,686768.0,1896.0
220764.0,686768.0,1896.0
228279.73333,678546.13333,1974.9333333
234856.0,671352.0,2044.0
234856.0,671352.0,2044.0
237752.8,667903.2,2072.8
239684.0,665604.0,2092.0
248705.6,656791.2,2116.0
254720.0,650916.0,2132.0
254720.0,650916.0,2132.0
174046.4,752169.6,1913.6
120264.0,819672.0,1768.0
120264.0,819672.0,1768.0
134520.0,783773.33333,1461.3333333
141648.0,765824.0,1308.0
4139960.5333,372887.46667,2221.0666667
7638484.0,29068.0,3020.0
