vda,0.40,0.00,30.40,0,152
vda,4.20,0.00,52.80,0,264
vda,41.20,0.80,195.20,4,976
vda,54.20,0.00,231.20,0,1156
vda,32.80,0.00,175.20,0,876
vda,52.20,0.00,213.60,0,1068
vda,29.60,1.60,124.00,8,620
vda,17.20,0.00,81.60,0,408
vda,17.60,0.00,160.00,0,800
vda,0.80,0.80,8.80,4,44
vda,18.60,0.80,112.80,4,564
vda,43.60,0.00,234.40,0,1172
vda,66.80,0.80,303.20,4,1516
vda,4.00,0.00,737.60,0,3688
vda,28.60,0.00,157.60,0,788
vda,57.20,0.00,236.80,0,1184
vda,36.00,0.00,273.60,0,1368
vda,15.00,0.00,60.80,0,304
vda,0.60,0.00,23.20,0,116
vda,1.60,0.00,16.80,0,84
vda,19.40,0.00,728.00,0,3640
vda,51.00,0.00,220.80,0,1104
vda,0.20,0.80,0.00,4,0
vda,33.60,0.00,165.60,0,828
vda,65.80,0.00,281.60,0,1408
