vda,35.60,0.00,196.80,0,984
vda,39.40,0.00,163.20,0,816
vda,30.40,0.80,255.20,4,1276
vda,1.60,0.00,36.00,0,180
vda,0.40,0.00,8.00,0,40
vda,0.00,0.00,0.00,0,0
vda,51.40,0.00,237.60,0,1188
vda,56.00,0.00,264.80,0,1324
vda,9.40,0.80,95.20,4,476
vda,41.80,0.00,215.20,0,1076
vda,59.80,0.00,284.00,0,1420
vda,28.40,0.00,128.00,0,640
vda,1.20,0.00,56.00,0,280
vda,2.40,0.00,48.80,0,244
vda,3.60,3.20,968.80,16,4844
vda,16.20,0.80,68.00,4,340
vda,52.30,0.00,242.71,0,1216
vda,57.40,0.80,284.80,4,1424
vda,31.00,1.60,195.20,8,976
vda,45.20,0.80,204.80,4,1024
vda,34.80,0.00,143.20,0,716
vda,58.00,0.80,240.80,4,1204
vda,44.00,0.00,584.80,0,2924
vda,1.00,0.00,20.00,0,100
vda,23.00,0.00,124.80,0,624
