vda,2.60,0.00,0.01,0,0
vda,0.80,0.00,0.00,0,0
vda,0.80,0.03,0.01,0,0
vda,1.00,0.00,0.00,0,0
vda,2.60,0.00,0.01,0,0
vda,15.60,0.00,0.08,0,0
vda,1.60,0.00,0.01,0,0
vda,372.20,6.51,0.00,32,0
vda,362.00,4.22,0.02,21,0
vda,192.20,21.86,0.02,109,0
vda,62.40,19.60,0.00,97,0
vda,52.80,16.52,0.03,82,0
vda,61.20,22.13,0.01,110,0
vda,73.20,26.21,0.02,131,0
vda,68.80,23.90,0.03,119,0
vda,69.00,22.52,0.06,112,0
vda,67.86,22.98,0.02,115,0
vda,27.40,9.61,0.01,48,0
vda,73.60,25.80,0.04,129,0
vda,71.40,25.81,0.02,129,0
vda,66.40,22.61,0.01,113,0
vda,46.40,16.11,0.01,80,0
vda,38.00,2.35,0.01,11,0
vda,121.20,0.97,0.02,4,0
vda,21.80,0.08,4.97,0,24
vda,4.80,0.00,0.02,0,0
vda,13.00,0.00,8.64,0,43
vda,21.40,0.08,0.02,0,0
vda,10.60,0.14,0.02,0,0
vda,30.20,0.00,9.17,0,45
vda,0.20,0.00,0.00,0,0
vda,13.20,0.00,5.66,0,28
vda,8.60,0.00,5.17,0,25
vda,13.60,0.00,8.81,0,44
vda,15.80,0.03,8.43,0,42
vda,5.00,0.00,0.02,0,0
vda,3.40,0.00,0.01,0,0
vda,12.40,0.07,0.00,0,0
vda,8.60,0.05,0.03,0,0
vda,17.60,0.00,0.07,0,0
vda,1.20,0.00,0.01,0,0
vda,1.20,0.00,0.01,0,0
vda,22.60,0.00,2.70,0,13
vda,19.00,0.00,7.12,0,35
vda,3.00,0.00,0.01,0,0
vda,16.60,0.00,9.78,0,48
vda,6.40,0.00,0.03,0,0
vda,10.20,0.00,10.11,0,50
vda,9.60,0.06,0.03,0,0
vda,19.20,0.00,10.71,0,53
vda,6.40,0.00,0.03,0,0
vda,7.00,0.00,5.94,0,29
vda,9.40,0.00,5.25,0,26
vda,5.20,0.00,0.02,0,0
vda,0.80,0.00,0.00,0,0
vda,0.60,0.00,0.00,0,0
vda,0.20,0.00,0.00,0,0
vda,21.60,0.05,7.83,0,39
vda,13.20,0.00,2.61,0,13
vda,7.20,0.00,5.18,0,25
vda,8.00,0.00,5.28,0,26
vda,15.00,0.00,7.76,0,38
vda,9.80,0.00,2.58,0,12
vda,19.60,0.00,9.53,0,47
vda,4.80,0.00,0.02,0,0
vda,19.20,0.00,5.78,0,28
vda,9.80,0.00,5.12,0,25
vda,0.00,0.00,0.00,0,0
vda,5.60,0.03,0.02,0,0
vda,1.80,0.00,0.01,0,0
vda,17.60,0.00,0.07,0,0
vda,27.40,0.00,7.92,0,39
vda,10.60,0.00,2.60,0,13
vda,17.20,0.00,9.15,0,45
vda,5.40,0.00,0.02,0,0
vda,11.00,0.00,9.22,0,46
vda,4.60,0.00,0.02,0,0
vda,27.00,0.01,9.10,0,45
vda,5.60,0.00,0.02,0,0
vda,23.80,0.00,9.09,0,45
vda,15.00,0.00,4.65,0,23
vda,15.40,0.00,4.60,0,22
vda,2.00,0.00,0.01,0,0
vda,0.20,0.00,0.00,0,0
vda,4.00,0.00,0.02,0,0
vda,1.40,0.01,0.00,0,0
vda,10.80,0.02,3.36,0,16
vda,20.80,0.06,5.15,0,25
vda,32.40,0.00,9.32,0,46
vda,4.60,0.00,0.02,0,0
vda,4.60,0.00,0.02,0,0
vda,17.00,0.00,8.53,0,42
vda,0.20,0.00,0.00,0,0
vda,36.60,0.46,8.74,2,43
vda,32.20,0.00,8.60,0,43
vda,5.40,0.00,0.02,0,0
vda,23.00,0.01,6.06,0,30
vda,17.80,0.00,2.68,0,13
vda,145.80,2.89,0.02,14,0
vda,356.00,7.22,0.09,36,0
vda,148.80,3.14,0.00,15,0
vda,28.40,0.00,9.05,0,45
vda,5.60,0.00,0.02,0,0
vda,21.20,0.00,6.62,0,33
vda,20.60,0.13,5.29,0,26
vda,22.40,0.07,7.82,0,39
vda,11.20,0.00,2.55,0,12
vda,25.40,0.00,9.62,0,48
vda,5.60,0.00,0.02,0,0
vda,13.00,0.00,3.18,0,15
vda,22.60,0.00,7.61,0,38
vda,2.80,0.00,0.01,0,0
vda,0.20,0.00,0.00,0,0
vda,11.20,0.21,0.00,1,0
vda,44.20,0.84,0.02,4,0
vda,5.20,0.00,0.02,0,0
vda,26.20,0.00,0.11,0,0
vda,29.60,0.00,5.25,0,26
vda,20.20,0.00,5.20,0,25
vda,16.00,0.01,4.16,0,20
vda,7.00,0.00,1.13,0,5
vda,17.00,0.00,5.20,0,25
vda,10.40,0.03,5.12,0,25
vda,27.00,0.02,7.82,0,39
vda,9.20,0.00,2.61,0,13
vda,22.80,0.00,7.54,0,37
vda,6.80,0.00,2.53,0,12
vda,2.60,0.00,0.01,0,0
vda,0.00,0.00,0.00,0,0
vda,4.20,0.00,0.02,0,0
vda,0.80,0.00,0.00,0,0
vda,4.20,0.05,0.02,0,0
vda,11.80,0.04,5.27,0,26
vda,21.80,0.00,10.83,0,54
vda,4.80,0.00,0.02,0,0
vda,9.20,0.00,8.14,0,40
vda,14.80,0.00,8.16,0,40
vda,3.60,0.00,0.01,0,0
vda,25.60,0.00,7.77,0,38
vda,8.20,0.00,2.60,0,12
vda,25.80,0.00,8.19,0,40
vda,33.20,0.05,8.19,0,40
vda,3.40,0.00,0.01,0,0
vda,0.00,0.00,0.00,0,0
vda,1.60,0.00,0.00,0,0
vda,2.00,0.00,0.01,0,0
vda,16.80,0.00,0.07,0,0
vda,32.40,0.14,0.43,0,2
vda,38.00,0.00,8.84,0,44
vda,26.20,0.00,8.84,0,44
vda,4.60,0.00,0.02,0,0
vda,13.20,0.00,5.86,0,29
vda,14.40,0.09,5.15,0,25
vda,27.40,0.00,8.96,0,44
vda,5.20,0.00,0.02,0,0
vda,19.80,0.00,8.74,0,43
vda,3.40,0.00,0.01,0,0
vda,22.00,0.00,5.39,0,26
vda,9.78,0.00,5.25,0,26
vda,2.40,0.00,0.01,0,0
vda,4.80,0.00,0.02,0,0
vda,0.80,0.00,0.00,0,0
vda,4.00,0.03,0.01,0,0
vda,35.60,0.03,8.70,0,43
vda,9.60,0.02,0.03,0,0
vda,18.60,0.00,6.93,0,34
vda,10.60,0.00,2.57,0,12
vda,25.20,0.00,8.70,0,43
vda,4.80,0.00,0.02,0,0
vda,20.40,0.00,8.90,0,44
vda,3.40,0.00,0.01,0,0
vda,19.60,0.00,5.49,0,27
vda,17.00,0.10,5.09,0,25
vda,2.80,0.00,0.01,0,0
vda,44.20,0.92,0.00,4,0
vda,221.80,4.71,0.01,23,0
vda,214.20,4.61,0.00,23,0
vda,21.20,0.00,0.10,0,0
vda,5.80,0.00,2.64,0,13
vda,28.40,0.00,5.38,0,26
vda,0.80,0.00,0.00,0,0
vda,3.80,0.08,0.01,0,0
vda,1.00,0.00,0.00,0,0
vda,0.60,0.00,0.01,0,0
vda,1.20,0.00,0.00,0,0
vda,1.00,0.00,0.00,0,0
vda,2.60,0.00,0.01,0,0
vda,6.40,0.00,0.03,0,0
vda,0.80,0.00,0.00,0,0
vda,16.60,0.47,0.02,2,0
vda,13.60,0.04,0.05,0,0
vda,3.60,0.05,0.01,0,0
vda,1.20,0.00,0.00,0,0
vda,6.40,0.00,0.05,0,0
vda,0.80,0.00,0.00,0,0
vda,0.40,0.00,0.01,0,0
vda,1.40,0.00,0.01,0,0
vda,7.80,0.00,0.03,0,0
vda,0.00,0.00,0.00,0,0
