vda,35.80,0.00,173.60,0,868
vda,31.14,0.00,166.07,0,832
vda,29.20,0.00,127.20,0,636
vda,4.60,0.00,19.20,0,96
vda,10.46,0.35,67.38,4,760
vda,17.20,0.00,72.00,0,360
vda,13.20,0.00,60.80,0,304
vda,17.43,0.35,86.38,4,996
vda,11.40,156.00,80.80,780,404
vda,15.20,0.00,94.40,0,472
vda,43.80,0.00,182.40,0,912
vda,23.80,0.00,113.60,0,568
vda,12.80,0.00,512.80,0,2564
vda,41.20,0.00,169.60,0,848
vda,23.62,0.40,136.36,4,1380
vda,35.00,0.00,324.80,0,1624
vda,31.60,0.80,159.20,4,796
vda,46.80,0.00,193.60,0,968
vda,25.80,0.00,140.80,0,704
vda,16.20,0.00,72.80,0,364
vda,11.40,0.00,72.00,0,360
vda,25.80,0.00,141.60,0,708
vda,41.20,0.80,183.20,4,916
vda,13.40,0.00,55.20,0,276
vda,38.20,0.00,414.40,0,2072
vda,40.00,0.00,179.20,0,896
vda,25.60,0.00,137.60,0,688
vda,29.00,0.00,124.80,0,624
vda,20.20,2.40,127.20,12,636
vda,29.60,0.00,160.80,0,804
vda,30.40,0.00,352.80,0,1764
vda,7.78,0.80,134.93,4,676
vda,21.40,0.00,149.60,0,748
vda,59.20,0.00,248.80,0,1244
vda,38.00,0.80,186.40,4,932
vda,28.80,0.00,120.00,0,600
vda,39.00,0.00,200.00,0,1000
vda,0.80,0.00,55.20,0,276
vda,35.00,0.00,171.20,0,856
vda,9.00,0.00,44.00,0,220
vda,0.60,1.60,0.80,8,4
