vda,1.00,0.00,0.01,0,0
vda,29.40,0.00,0.13,0,0
vda,3.00,0.00,0.01,0,0
vda,1.80,0.00,0.01,0,0
vda,1.80,0.00,0.01,0,0
vda,0.20,0.00,0.00,0,0
vda,4.80,0.00,0.02,0,0
vda,2.60,0.00,0.01,0,0
vda,3.80,0.00,0.01,0,0
vda,0.00,0.00,0.00,0,0
vda,1.80,0.00,0.01,0,0
vda,1.80,0.00,0.01,0,0
vda,278.00,3.43,0.04,17,0
vda,335.60,3.91,0.02,19,0
vda,312.60,14.23,0.02,71,0
vda,110.40,5.16,0.05,25,0
vda,60.60,0.50,0.02,2,0
vda,8.60,0.00,0.03,0,0
vda,12.80,0.00,0.05,0,0
vda,10.60,0.09,0.06,0,0
vda,7.40,0.00,0.03,0,0
vda,7.00,0.00,0.03,0,0
vda,1.80,0.00,0.01,0,0
vda,9.40,0.00,0.09,0,0
vda,4.00,0.00,0.02,0,0
vda,0.00,0.00,0.00,0,0
vda,2.00,0.00,0.01,0,0
vda,1.80,0.00,0.01,0,0
vda,1.80,0.00,0.01,0,0
