vda,0.00,0.00,0.00,0,0
vda,11.20,0.00,0.24,0,1
vda,13.37,0.00,0.05,0,0
vda,2.00,0.00,0.01,0,0
vda,196.40,0.00,0.79,0,3
vda,5.40,0.00,0.02,0,0
vda,0.00,0.00,0.00,0,0
vda,1.20,0.00,0.00,0,0
vda,132.20,0.00,0.52,0,2
vda,0.00,0.00,0.00,0,0
vda,3.40,0.00,0.01,0,0
vda,204.00,0.00,0.80,0,4
vda,7.40,0.00,0.03,0,0
vda,12.00,0.00,0.24,0,1
vda,0.00,0.00,0.00,0,0
vda,16.80,3.06,0.03,15,0
vda,138.00,0.00,0.64,0,3
vda,8.60,0.00,0.03,0,0
vda,10.20,0.00,0.04,0,0
vda,12.00,0.00,0.05,0,0
vda,145.60,0.00,0.70,0,3
vda,1.80,0.00,0.01,0,0
vda,0.80,0.00,0.00,0,0
vda,5.20,0.00,0.02,0,0
vda,191.60,0.00,0.76,0,3
vda,2.00,0.00,0.01,0,0
vda,6.80,0.00,0.22,0,1
vda,6.60,0.00,0.03,0,0
