vda,2.20,0.00,0.01,0,0
vda,1.80,0.00,0.01,0,0
vda,3.60,0.00,0.02,0,0
vda,2.20,0.00,0.01,0,0
vda,4.40,0.00,0.02,0,0
vda,0.00,0.00,0.00,0,0
vda,14.20,0.00,0.07,0,0
vda,4.40,0.00,0.02,0,0
vda,4.80,0.00,0.02,0,0
vda,9.60,0.00,0.04,0,0
vda,103.20,6.43,0.01,32,0
vda,79.20,4.91,0.01,24,0
vda,3.60,0.00,0.01,0,0
vda,5.00,0.00,0.03,0,0
vda,5.80,0.00,0.08,0,0
vda,4.00,0.00,0.02,0,0
vda,5.80,0.00,0.03,0,0
vda,4.40,0.00,0.02,0,0
vda,19.40,0.00,7.08,0,35
vda,2.40,0.00,0.01,0,0
vda,0.00,0.00,0.00,0,0
vda,3.80,0.00,0.01,0,0
vda,4.60,0.00,0.02,0,0
vda,1.80,0.00,0.01,0,0
vda,5.60,0.00,0.03,0,0
vda,9.40,0.00,0.05,0,0
vda,4.40,0.00,0.02,0,0
vda,24.40,0.00,3.68,0,18
vda,5.20,0.00,0.02,0,0
vda,4.60,0.00,0.02,0,0
vda,0.00,0.00,0.00,0,0
vda,3.80,0.00,0.01,0,0
vda,3.80,0.00,0.01,0,0
vda,6.80,0.00,0.04,0,0
vda,11.40,0.00,1.85,0,9
vda,7.40,0.00,1.84,0,9
vda,0.00,0.00,0.00,0,0
vda,5.40,0.00,1.80,0,8
vda,5.40,0.00,1.84,0,9
vda,12.40,0.00,0.06,0,0
vda,3.00,0.00,0.01,0,0
vda,11.60,0.00,3.66,0,18
vda,5.60,0.00,0.02,0,0
vda,4.60,0.00,0.02,0,0
vda,5.80,0.00,1.81,0,9
vda,10.00,0.00,1.87,0,9
vda,5.60,0.00,0.02,0,0
vda,4.00,0.00,1.80,0,9
vda,10.20,0.00,1.87,0,9
vda,2.20,0.00,0.01,0,0
vda,7.80,0.00,0.03,0,0
vda,4.60,0.00,0.02,0,0
vda,1.60,0.00,0.01,0,0
vda,2.20,0.00,0.01,0,0
vda,2.20,0.00,0.01,0,0
vda,7.80,0.00,0.04,0,0
vda,2.40,0.00,0.01,0,0
vda,7.40,0.00,0.04,0,0
