vda,0.20,0.00,0.00,0,0
vda,2.80,0.00,0.01,0,0
vda,3.80,0.00,0.01,0,0
vda,2.00,0.00,0.01,0,0
vda,2.40,0.00,0.01,0,0
vda,25.20,0.00,0.11,0,0
vda,2.40,0.00,0.01,0,0
vda,6.00,0.00,0.02,0,0
vda,45.60,11.01,0.03,55,0
vda,46.20,14.85,0.04,74,0
vda,71.60,25.60,0.02,128,0
vda,42.80,15.59,0.00,77,0
vda,33.00,11.23,0.02,56,0
vda,66.20,23.62,0.01,118,0
vda,62.20,22.00,0.03,109,0
vda,72.20,23.40,0.10,117,0
vda,46.20,16.50,0.01,82,0
vda,68.60,23.78,0.04,118,0
vda,65.20,21.40,0.03,106,0
vda,50.60,18.14,0.01,90,0
vda,5.60,0.00,0.03,0,0
vda,0.60,0.00,0.01,0,0
vda,7.60,0.00,0.03,0,0
vda,27.60,0.00,9.40,0,47
vda,11.60,0.00,0.05,0,0
vda,16.80,0.00,0.07,0,0
vda,8.60,0.00,0.03,0,0
vda,32.80,0.00,15.70,0,78
vda,10.60,0.01,0.04,0,0
vda,13.40,0.04,0.04,0,0
vda,30.80,0.00,7.38,0,36
vda,20.40,0.00,8.35,0,41
vda,7.40,0.00,0.03,0,0
vda,29.00,0.00,11.26,0,56
vda,15.80,0.00,5.59,0,27
vda,10.20,0.00,0.04,0,0
vda,20.60,0.00,8.97,0,44
vda,22.40,0.00,7.89,0,39
vda,13.40,0.02,0.03,0,0
vda,22.80,0.01,0.09,0,0
vda,2.40,0.00,0.02,0,0
vda,8.60,0.00,0.03,0,0
vda,2.20,0.00,0.01,0,0
vda,11.60,0.00,0.09,0,0
vda,1.60,0.00,0.01,0,0
vda,1.60,0.00,0.01,0,0
vda,9.00,0.00,0.04,0,0
vda,1.60,0.00,0.01,0,0
vda,2.40,0.00,0.01,0,0
vda,2.00,0.00,0.01,0,0
