2274043.4667,1113466.1333,54588.266667
2275684.0,1113464.0,54616.0
1616825.3333,1117257.0667,54632.8
863844.0,1121592.0,54652.0
863844.0,1121592.0,54652.0
845349.33333,1124901.3333,54661.333333
808360.0,1131520.0,54680.0
764926.66667,1144382.6667,54690.666667
678060.0,1170108.0,54712.0
678060.0,1170108.0,54712.0
667543.73333,1170302.1333,54716.266667
638624.0,1170836.0,54728.0
638624.0,1170836.0,54728.0
620394.66667,1181359.7333,54735.466667
570264.0,1210300.0,54756.0
551388.26667,1220838.6667,54759.2
499480.0,1249820.0,54768.0
499480.0,1249820.0,54768.0
510931.73333,1232142.1333,54775.466667
542424.0,1183528.0,54796.0
542424.0,1183528.0,54796.0
885368.0,1173099.2,54800.8
2257144.0,1131384.0,54820.0
