vda,29.00,0.00,0.12,0,0
vda,2.00,0.00,0.01,0,0
vda,0.00,0.00,0.00,0,0
vda,31.40,0.27,0.01,1,0
vda,3.00,0.07,0.01,0,0
vda,2.80,0.00,0.01,0,0
vda,2.40,0.00,0.01,0,0
vda,3.20,0.00,0.01,0,0
vda,1.80,0.00,0.01,0,0
vda,8.80,0.00,0.04,0,0
vda,2.00,0.00,0.01,0,0
vda,0.60,0.00,0.01,0,0
vda,288.40,3.62,0.01,18,0
vda,367.20,4.17,0.02,20,0
vda,258.60,9.32,0.05,46,0
vda,6.60,0.10,0.02,0,0
vda,136.60,1.27,0.00,6,0
vda,5.80,0.00,0.03,0,0
vda,7.00,0.00,0.04,0,0
vda,14.60,0.00,0.11,0,0
vda,14.80,0.00,0.06,0,0
vda,12.60,0.09,0.09,0,0
vda,6.60,0.00,0.03,0,0
vda,3.00,0.00,0.02,0,0
vda,2.40,0.00,0.01,0,0
vda,0.00,0.00,0.00,0,0
vda,1.80,0.00,0.01,0,0
vda,2.00,0.00,0.01,0,0
vda,6.40,0.00,0.03,0,0
vda,9.40,0.00,0.04,0,0
vda,2.20,0.00,0.01,0,0
