3378856.0,72196.0,6820.0
3378856.0,72196.0,6820.0
2628224.5333,273576.26667,6952.2666667
563988.0,827372.0,7316.0
447071.73333,719836.0,6299.4666667
125552.0,424112.0,3504.0
125552.0,424112.0,3504.0
121891.2,388103.2,3516.8
107248.0,244068.0,3568.0
107248.0,244068.0,3568.0
147953.6,216484.0,3581.6
310776.0,106148.0,3636.0
290469.33333,125936.8,3645.6
158476.0,254564.0,3708.0
158476.0,254564.0,3708.0
152696.8,256944.0,3720.0
129580.0,266464.0,3768.0
129580.0,266464.0,3768.0
127603.46667,269214.93333,3455.4666667
122168.0,276780.0,2596.0
120360.0,278633.6,2212.8
113128.0,286048.0,680.0
113128.0,286048.0,680.0
167487.46667,233437.86667,706.66666667
316976.0,88760.0,780.0
316976.0,88760.0,780.0
277965.86667,126258.66667,798.13333333
170688.0,229380.0,848.0
149660.0,246904.0,857.33333333
107604.0,281952.0,876.0
107604.0,281952.0,876.0
114337.86667,271521.06667,901.6
132856.0,242836.0,972.0
132856.0,242836.0,972.0
132999.2,242348.0,908.8
133572.0,240396.0,656.0
165839.73333,205353.86667,802.13333333
254576.0,108988.0,1204.0
254576.0,108988.0,1204.0
219929.6,138044.0,1220.0
124652.0,217948.0,1264.0
124652.0,217948.0,1264.0
129239.2,212978.4,1766.4
136120.0,205524.0,2520.0
136120.0,205524.0,2520.0
129796.8,225383.2,2644.8
120312.0,255172.0,2832.0
115027.2,260818.4,2484.8
107100.0,269288.0,1964.0
107100.0,269288.0,1964.0
1216085.3333,189082.66667,2128.0
3434056.0,28672.0,2456.0
