vda,1.00,0.00,0.01,0,0
vda,31.20,0.00,0.15,0,0
vda,2.80,0.00,0.01,0,0
vda,2.00,0.00,0.01,0,0
vda,23.60,0.12,0.03,0,0
vda,1.20,0.00,0.00,0,0
vda,2.20,0.00,0.01,0,0
vda,1.80,0.00,0.01,0,0
vda,0.00,0.00,0.00,0,0
vda,1.80,0.00,0.01,0,0
vda,3.00,0.00,0.01,0,0
vda,15.60,0.00,0.07,0,0
vda,339.80,4.19,0.00,20,0
vda,177.00,2.00,0.02,10,0
vda,350.00,4.67,0.01,23,0
vda,153.40,1.43,0.02,7,0
vda,7.60,0.00,0.03,0,0
vda,8.20,0.00,0.03,0,0
vda,19.20,0.00,0.14,0,0
vda,11.40,0.09,0.04,0,0
vda,6.40,0.00,0.02,0,0
vda,2.20,0.00,0.01,0,0
vda,10.20,0.00,0.05,0,0
vda,2.20,0.00,0.01,0,0
vda,0.00,0.00,0.00,0,0
vda,9.80,0.00,0.06,0,0
vda,2.00,0.00,0.01,0,0
vda,1.80,0.00,0.01,0,0
