vda,20.20,0.00,0.09,0,0
vda,0.80,0.00,0.00,0,0
vda,3.60,0.00,0.02,0,0
vda,1.80,0.00,0.01,0,0
vda,0.80,0.00,0.00,0,0
vda,0.80,0.00,0.00,0,0
vda,0.00,0.00,0.00,0,0
vda,2.20,0.01,0.01,0,0
vda,21.80,0.29,0.06,1,0
vda,54.60,9.37,0.03,46,0
vda,48.00,14.26,0.01,71,0
vda,81.00,25.16,0.01,125,0
vda,79.40,26.36,0.01,131,0
vda,81.60,26.74,0.00,133,0
vda,72.00,21.53,0.02,107,0
vda,258.80,21.52,0.11,107,0
vda,288.20,18.52,0.01,92,0
vda,313.60,20.03,0.01,100,0
vda,360.40,23.06,0.02,115,0
vda,355.40,22.30,0.06,111,0
vda,354.60,22.68,0.02,113,0
vda,353.00,22.68,0.01,113,0
vda,229.20,14.47,0.01,72,0
vda,65.80,1.34,0.02,6,0
vda,18.80,0.76,0.03,3,0
vda,16.40,0.39,0.05,1,0
vda,50.20,1.13,11.90,5,59
vda,18.80,0.76,0.03,3,0
vda,33.20,1.14,0.06,5,0
vda,15.60,0.76,0.01,3,0
vda,24.40,1.13,0.03,5,0
vda,17.80,0.76,0.02,3,0
vda,25.80,1.13,0.04,5,0
vda,23.80,0.76,0.09,3,0
vda,32.20,1.14,2.64,5,13
vda,38.80,0.76,6.18,3,30
vda,26.60,1.13,1.33,5,6
vda,22.40,0.38,5.28,1,26
vda,15.40,0.01,3.97,0,19
vda,22.20,0.01,7.01,0,35
vda,24.40,0.00,4.51,0,22
vda,21.60,0.00,7.90,0,39
vda,14.00,0.00,3.53,0,17
vda,9.80,0.00,6.15,0,30
vda,12.20,0.00,0.05,0,0
vda,8.00,0.00,0.03,0,0
vda,0.00,0.00,0.00,0,0
vda,4.60,0.00,0.05,0,0
vda,0.80,0.00,0.00,0,0
vda,0.80,0.01,0.00,0,0
vda,3.20,0.00,0.01,0,0
vda,19.20,1.13,0.01,5,0
vda,27.80,0.76,0.07,3,0
