vda,29.80,1.14,0.06,5,0
vda,13.80,0.76,0.01,3,0
vda,18.20,1.13,0.00,5,0
vda,12.40,0.76,0.00,3,0
vda,22.20,1.14,0.02,5,0
vda,12.60,0.76,0.00,3,0
vda,17.40,1.13,0.00,5,0
vda,152.00,2.56,0.00,12,0
vda,217.40,4.94,0.02,24,0
vda,78.00,24.76,0.02,123,0
vda,64.00,19.83,0.01,99,0
vda,87.40,22.93,0.07,114,0
vda,66.20,21.16,0.01,105,0
vda,75.40,20.34,0.04,101,0
vda,25.80,6.36,0.00,31,0
vda,20.80,1.13,0.06,5,0
vda,177.20,17.70,0.02,88,0
vda,171.80,10.96,0.01,54,0
vda,256.00,16.25,0.01,81,0
vda,335.00,21.16,0.04,105,0
vda,317.40,20.03,0.04,100,0
vda,392.60,25.32,0.00,126,0
vda,220.40,13.99,0.02,69,0
vda,361.08,23.01,0.02,115,0
vda,343.49,21.96,0.01,109,0
vda,326.00,21.19,0.01,105,0
vda,180.84,11.31,0.03,56,0
vda,20.80,1.14,0.02,5,0
vda,16.80,0.76,0.02,3,0
vda,28.60,1.13,0.04,5,0
vda,16.40,0.76,0.02,3,0
vda,22.20,1.13,0.02,5,0
vda,18.00,0.88,0.00,4,0
vda,28.60,0.78,0.07,3,0
vda,55.60,1.14,17.14,5,85
vda,75.00,0.76,17.58,3,87
vda,21.40,1.13,0.02,5,0
vda,11.60,0.40,0.00,2,0
vda,21.80,0.07,0.02,0,0
vda,11.20,0.04,0.00,0,0
vda,26.60,0.07,1.80,0,9
vda,14.40,0.05,0.02,0,0
vda,50.40,0.07,0.17,0,0
vda,22.40,0.10,0.03,0,0
vda,21.60,0.07,0.02,0,0
vda,14.60,0.04,0.01,0,0
vda,21.60,0.07,0.02,0,0
vda,15.80,0.04,0.02,0,0
vda,39.20,0.07,6.92,0,34
vda,45.40,0.04,6.96,0,34
vda,45.60,0.80,6.95,4,34
vda,28.20,0.76,6.97,3,34
vda,30.20,1.14,5.34,5,26
vda,30.20,0.77,5.35,3,26
vda,32.40,1.13,6.92,5,34
vda,26.80,0.76,7.05,3,35
vda,36.20,0.76,3.58,3,17
vda,23.60,1.13,0.02,5,0
vda,16.40,0.76,0.02,3,0
vda,28.00,1.13,0.05,5,0
vda,15.40,0.76,0.01,3,0
vda,27.80,1.13,6.91,5,34
vda,25.40,0.76,10.36,3,51
vda,38.00,1.13,7.01,5,35
vda,30.40,0.77,7.14,3,35
vda,30.20,1.14,7.09,5,35
vda,19.80,0.76,6.93,3,34
vda,31.80,1.14,7.07,5,35
vda,21.80,0.76,3.52,3,17
vda,35.00,1.13,0.09,5,0
vda,22.40,0.76,0.05,3,0
vda,21.80,1.13,0.02,5,0
vda,18.00,0.79,0.02,3,0
vda,43.20,1.13,6.99,5,34
vda,22.20,0.76,6.90,3,34
vda,29.40,1.14,6.96,5,34
vda,37.80,0.78,7.06,3,35
vda,28.60,1.14,7.23,5,36
vda,30.00,0.76,6.98,3,34
vda,25.60,0.76,5.31,3,26
vda,27.40,1.14,1.80,5,9
vda,20.20,0.76,7.00,3,34
vda,24.20,1.13,0.03,5,0
vda,16.80,0.76,0.02,3,0
vda,43.80,1.16,0.13,5,0
vda,28.20,0.76,6.95,3,34
vda,34.40,1.15,6.92,5,34
vda,21.60,0.77,6.95,3,34
vda,37.20,1.16,7.02,5,35
vda,58.20,0.80,9.19,4,45
vda,23.60,1.20,8.66,6,43
vda,45.80,0.80,7.31,4,36
vda,14.00,1.20,3.53,6,17
vda,8.00,0.81,0.02,4,0
vda,7.80,1.20,0.02,6,0
vda,7.60,0.80,0.02,4,0
vda,17.00,1.20,3.50,6,17
vda,27.20,0.80,6.94,4,34
vda,27.60,1.20,6.93,6,34
vda,28.20,0.80,7.02,4,35
vda,29.00,1.20,7.17,6,35
vda,18.80,0.80,7.10,4,35
vda,26.20,0.76,6.95,3,34
vda,32.80,1.15,7.09,5,35
vda,23.80,0.76,3.54,3,17
vda,24.00,1.13,0.03,5,0
vda,29.20,0.76,0.10,3,0
vda,21.60,1.14,0.02,5,0
vda,32.20,0.76,6.95,3,34
vda,25.00,1.13,6.90,5,34
vda,30.00,0.76,7.00,3,34
vda,28.60,1.13,7.01,5,35
vda,23.40,0.76,7.22,3,36
vda,37.80,1.15,6.98,5,34
vda,30.20,0.76,7.11,3,35
vda,30.60,1.13,7.02,5,35
vda,19.60,0.76,0.03,3,0
vda,22.80,1.13,0.03,5,0
vda,15.40,0.76,0.01,3,0
vda,27.60,1.13,3.51,5,17
vda,24.00,0.76,6.94,3,34
vda,42.20,1.13,7.01,5,35
vda,25.60,0.76,6.96,3,34
vda,48.80,1.16,10.79,5,53
vda,69.80,0.76,7.14,3,35
vda,17.80,0.76,7.06,3,35
vda,28.20,1.13,7.03,5,35
vda,18.40,0.76,0.03,3,0
vda,37.80,1.24,0.24,6,1
vda,11.60,0.83,0.04,4,0
vda,15.40,1.23,3.49,6,17
vda,23.20,0.80,6.93,4,34
vda,32.60,1.20,6.96,6,34
vda,22.00,0.80,3.53,4,17
vda,17.20,1.23,7.00,6,34
vda,30.80,0.80,7.26,4,36
vda,20.20,1.20,6.96,6,34
vda,17.80,0.80,7.08,4,35
vda,17.00,1.20,7.03,6,35
vda,8.00,0.80,0.02,4,0
vda,7.00,1.20,0.01,6,0
vda,7.20,0.82,0.02,4,0
vda,28.60,1.24,7.00,6,35
vda,17.60,0.83,6.94,4,34
vda,15.40,1.20,6.98,6,34
vda,12.40,0.80,7.01,4,35
vda,14.20,1.23,7.21,6,36
vda,13.60,0.80,6.95,4,34
vda,17.40,0.80,7.08,4,35
vda,13.20,1.20,7.02,6,35
vda,16.60,0.80,0.07,4,0
vda,4.20,1.20,0.00,6,0
vda,3.00,0.81,0.00,4,0
vda,48.00,1.18,0.16,5,0
vda,15.40,0.76,0.01,3,0
vda,18.60,1.13,0.01,5,0
vda,41.80,0.76,0.19,3,0
vda,18.40,1.14,0.00,5,0
vda,11.60,0.76,0.00,3,0
vda,19.80,1.13,0.01,5,0
vda,12.60,0.76,0.00,3,0
vda,17.40,1.13,0.00,5,0
