5423836.0,1174488.0,21616.0
5380962.4,1174533.3333,21619.733333
4780732.0,1175168.0,21672.0
4780732.0,1175168.0,21672.0
4723842.4,1192226.1333,21708.266667
4723842.4,1192226.1333,21708.266667
4632155.7333,1210280.0,21744.8
4045440.0,1254072.0,21812.0
4045440.0,1254072.0,21812.0
3934393.0667,1253684.2667,21821.066667
3212588.0,1251164.0,21880.0
3212588.0,1251164.0,21880.0
3197617.3333,1250903.2,21890.133333
3100308.0,1249208.0,21956.0
3100308.0,1249208.0,21956.0
3100579.2,1248431.2,21969.6
3101664.0,1245324.0,22024.0
3089834.6667,1244688.2667,22031.466667
3012944.0,1240556.0,22080.0
3012944.0,1240556.0,22080.0
3010191.7333,1240431.2,22083.466667
2971660.0,1238684.0,22132.0
2973701.6,1236252.0,22138.4
2986972.0,1220444.0,22180.0
2986972.0,1220444.0,22180.0
2984644.0,1217952.5333,22183.466667
2952052.0,1183072.0,22232.0
2952052.0,1183072.0,22232.0
2952301.6,1182074.1333,22242.133333
2953924.0,1175588.0,22308.0
2954460.2667,1175312.8,22312.8
2961968.0,1171460.0,22380.0
2961968.0,1171460.0,22380.0
2963056.0,1169981.6,22403.466667
2963056.0,1169981.6,22403.466667
2964008.0,1168688.0,22424.0
2964008.0,1168688.0,22424.0
2846828.0,1166796.0,22488.0
2846828.0,1166796.0,22488.0
2099852.0,1163072.0,22560.0
2099852.0,1163072.0,22560.0
2099852.0,1163072.0,22560.0
5432536.0,1164276.0,22628.0
