vda,27.20,0.00,0.12,0,0
vda,3.60,0.00,0.01,0,0
vda,1.80,0.00,0.01,0,0
vda,5.20,0.00,0.02,0,0
vda,2.00,0.00,0.01,0,0
vda,2.60,0.00,0.01,0,0
vda,2.40,0.00,0.01,0,0
vda,4.20,0.00,0.02,0,0
vda,2.20,0.00,0.01,0,0
vda,10.80,0.00,0.04,0,0
vda,10.40,0.00,0.05,0,0
vda,2.40,0.00,0.01,0,0
vda,361.00,4.42,0.02,22,0
vda,168.40,1.86,0.02,9,0
vda,352.00,4.73,0.02,23,0
vda,140.80,1.34,0.00,6,0
vda,11.20,0.09,0.05,0,0
vda,12.60,0.00,0.06,0,0
vda,2.80,0.00,0.01,0,0
vda,12.80,0.00,0.06,0,0
vda,3.00,0.00,0.01,0,0
vda,2.00,0.00,0.01,0,0
vda,0.00,0.00,0.00,0,0
vda,1.80,0.00,0.01,0,0
vda,2.00,0.00,0.01,0,0
vda,3.00,0.00,0.01,0,0
