vda,12.80,0.00,0.25,0,1
vda,3.20,0.00,0.01,0,0
vda,2.60,0.00,0.01,0,0
vda,3.60,0.00,0.02,0,0
vda,139.00,0.00,0.56,0,2
vda,3.60,0.00,0.01,0,0
vda,0.60,0.00,0.00,0,0
vda,5.00,0.00,0.02,0,0
vda,0.00,0.00,0.00,0,0
vda,205.40,0.00,0.82,0,4
vda,2.00,0.00,0.01,0,0
vda,1.20,0.00,0.00,0,0
vda,21.40,0.00,0.28,0,1
vda,3.60,0.00,0.01,0,0
vda,137.80,0.00,0.63,0,3
vda,3.40,0.00,0.01,0,0
vda,6.40,0.40,0.02,2,0
vda,4.60,0.01,0.01,0,0
vda,201.80,0.00,0.84,0,4
vda,9.60,0.00,0.04,0,0
vda,2.80,0.00,0.01,0,0
vda,8.00,0.00,0.03,0,0
vda,136.00,0.00,0.60,0,3
vda,3.20,0.00,0.01,0,0
vda,14.40,0.00,0.25,0,1
vda,0.00,0.00,0.00,0,0
vda,137.40,0.00,0.59,0,2
vda,5.00,0.00,0.02,0,0
vda,8.00,0.00,0.03,0,0
vda,3.20,0.00,0.01,0,0
vda,8.60,0.00,0.04,0,0
vda,6.80,0.00,0.03,0,0
vda,198.60,0.00,0.85,0,4
vda,7.20,0.00,0.03,0,0
vda,1.60,0.00,0.01,0,0
vda,1.40,0.00,0.01,0,0
vda,131.40,0.00,0.57,0,2
vda,20.80,0.00,0.28,0,1
vda,2.20,0.00,0.01,0,0
vda,5.20,0.00,0.02,0,0
vda,143.00,0.00,0.59,0,2
vda,0.40,0.00,0.00,0,0
vda,5.00,0.00,0.02,0,0
vda,1.20,0.00,0.00,0,0
vda,0.00,0.00,0.00,0,0
