5689040.0,1780956.0,18696.0
5579840.8,1780692.0,18751.733333
5540132.0,1780596.0,18772.0
2763069.0667,2427991.4667,18807.2
1753228.0,2663408.0,18820.0
1753228.0,2663408.0,18820.0
467957.6,3133132.8,18724.0
146640.0,3250564.0,18700.0
146640.0,3250564.0,18700.0
142348.8,2993972.0,6578.4
141276.0,2929824.0,3548.0
361044.26667,2700061.8667,3603.7333333
440960.0,2616512.0,3624.0
440960.0,2616512.0,3624.0
247395.2,2788019.2,3678.4
199004.0,2830896.0,3692.0
199004.0,2830896.0,3692.0
142953.86667,2886550.1333,3741.8666667
122572.0,2906788.0,3760.0
128001.33333,2857694.6667,3800.0
130716.0,2833148.0,3820.0
130716.0,2833148.0,3820.0
438716.0,2512294.6667,3878.6666667
592716.0,2351868.0,3908.0
592716.0,2351868.0,3908.0
460372.8,2488759.2,3946.4
372144.0,2580020.0,3972.0
232780.8,2717448.8,4005.6
139872.0,2809068.0,4028.0
139872.0,2809068.0,4028.0
143553.6,2800776.0,4066.4
146008.0,2795248.0,4092.0
146008.0,2795248.0,4092.0
593917.33333,2342165.3333,4137.3333333
817872.0,2115624.0,4160.0
635146.66667,2284941.3333,4202.6666667
543784.0,2369600.0,4224.0
543784.0,2369600.0,4224.0
404752.0,2497429.3333,4261.3333333
335236.0,2561344.0,4280.0
335236.0,2561344.0,4280.0
877738.4,2017970.4,4335.7333333
1075012.0,1820380.0,4356.0
4344649.3333,1610513.3333,4390.6666667
5979468.0,1505580.0,4408.0
5979468.0,1505580.0,4408.0
