vda,28.60,0.00,0.12,0,0
vda,1.40,0.00,0.01,0,0
vda,0.00,0.00,0.00,0,0
vda,0.60,0.00,0.00,0,0
vda,0.60,0.00,0.00,0,0
vda,0.80,0.00,0.01,0,0
vda,2.40,0.00,0.01,0,0
vda,10.40,0.00,0.04,0,0
vda,1.80,0.00,0.01,0,0
vda,10.00,0.00,0.04,0,0
vda,0.00,0.00,0.00,0,0
vda,1.00,0.00,0.00,0,0
vda,265.60,3.34,0.01,16,0
vda,359.40,4.10,0.09,20,0
vda,298.00,12.88,0.02,64,0
vda,68.20,15.58,0.01,77,0
vda,46.60,12.73,0.04,63,0
vda,21.80,5.98,0.01,29,0
vda,3.60,0.00,0.01,0,0
vda,12.40,0.00,0.06,0,0
vda,0.00,0.00,0.00,0,0
vda,1.80,0.00,0.01,0,0
vda,137.00,1.29,0.00,6,0
vda,19.60,0.04,1.22,0,6
vda,11.80,0.00,0.05,0,0
vda,10.60,0.00,0.04,0,0
vda,6.20,0.00,0.02,0,0
vda,4.80,0.09,0.03,0,0
vda,6.40,0.00,0.03,0,0
vda,16.00,0.00,0.09,0,0
vda,3.60,0.00,0.01,0,0
vda,0.00,0.00,0.00,0,0
vda,0.60,0.00,0.00,0,0
vda,0.80,0.00,0.00,0,0
vda,0.00,0.00,0.00,0,0
vda,3.40,0.00,0.01,0,0
