vda,25.00,0.80,146.40,4,732
vda,0.40,0.00,16.80,0,84
vda,5.20,0.00,72.00,0,360
vda,34.40,0.00,177.60,0,888
vda,49.80,0.00,208.00,0,1040
vda,41.20,0.00,170.40,0,852
vda,34.80,0.00,173.60,0,868
vda,23.80,0.00,136.80,0,684
vda,57.40,0.00,256.00,0,1280
vda,4.60,0.00,53.60,0,268
vda,9.20,0.00,88.00,0,440
vda,8.20,0.80,89.60,4,448
vda,40.40,0.00,203.20,0,1016
vda,35.80,0.00,188.80,0,944
vda,34.00,0.00,492.00,0,2460
vda,31.00,0.00,163.20,0,816
vda,35.40,0.00,147.20,0,736
vda,44.80,0.00,243.20,0,1216
vda,34.20,0.00,179.20,0,896
vda,1.40,0.00,12.00,0,60
vda,3.80,0.00,22.40,0,112
vda,0.00,0.00,0.00,0,0
