vda,27.20,0.00,0.14,0,0
vda,2.20,0.00,0.01,0,0
vda,0.00,0.00,0.00,0,0
vda,0.60,0.00,0.00,0,0
vda,0.80,0.00,0.01,0,0
vda,4.40,0.00,0.02,0,0
vda,1.40,0.00,0.01,0,0
vda,0.40,0.00,0.00,0,0
vda,5.60,0.00,0.02,0,0
vda,3.60,0.00,0.01,0,0
vda,0.60,0.00,0.01,0,0
vda,5.00,0.00,0.02,0,0
vda,17.40,0.00,0.10,0,0
vda,6.60,0.00,0.04,0,0
vda,12.60,0.00,0.10,0,0
vda,5.20,0.00,0.02,0,0
vda,10.20,0.00,0.05,0,0
vda,1.00,0.00,0.00,0,0
vda,0.80,0.00,0.00,0,0
vda,7.40,0.00,0.06,0,0
vda,0.80,0.00,0.00,0,0
vda,0.80,0.00,0.00,0,0
vda,8.20,0.00,0.04,0,0
vda,1.00,0.00,0.00,0,0
vda,9.60,0.00,0.04,0,0
