vda,22.80,0.00,0.09,0,0
vda,3.80,0.00,0.01,0,0
vda,33.20,0.34,0.02,1,0
vda,13.60,0.00,0.06,0,0
vda,0.00,0.00,0.00,0,0
vda,2.00,0.00,0.01,0,0
vda,1.80,0.00,0.01,0,0
vda,4.40,0.00,0.02,0,0
vda,2.20,0.00,0.01,0,0
vda,0.00,0.00,0.00,0,0
vda,1.80,0.00,0.01,0,0
vda,2.00,0.00,0.01,0,0
vda,375.00,4.55,0.02,22,0
vda,410.20,5.26,0.07,26,0
vda,157.40,11.89,0.02,59,0
vda,18.40,0.00,0.13,0,0
vda,143.80,1.82,0.02,9,0
vda,1.40,0.03,0.00,0,0
vda,16.60,0.00,1.02,0,5
vda,15.00,0.00,0.06,0,0
vda,10.80,0.09,0.05,0,0
vda,6.60,0.00,0.03,0,0
vda,1.80,0.00,0.01,0,0
vda,4.00,0.00,0.02,0,0
vda,10.18,0.00,0.07,0,0
vda,9.00,0.00,0.04,0,0
vda,0.00,0.00,0.00,0,0
vda,1.80,0.00,0.01,0,0
vda,4.80,0.00,0.02,0,0
vda,2.60,0.00,0.01,0,0
