3303168.0,165432.0,7164.0
3303168.0,165432.0,7164.0
2227630.1333,424306.93333,7412.2666667
998444.0,720164.0,7696.0
649296.8,690296.8,7726.4
125576.0,645496.0,7772.0
125576.0,645496.0,7772.0
187058.66667,542581.86667,7804.0
240856.0,452532.0,7832.0
240856.0,452532.0,7832.0
344787.73333,361831.2,7864.0
435728.0,282468.0,7892.0
435728.0,282468.0,7892.0
338776.53333,373328.8,7919.7333333
253944.0,452832.0,7944.0
217952.53333,482734.93333,7973.8666667
186460.0,508900.0,8000.0
186460.0,508900.0,8000.0
163948.0,529164.53333,8031.7333333
138220.0,552324.0,8068.0
138220.0,552324.0,8068.0
253392.26667,434817.86667,8106.4
354168.0,332000.0,8140.0
273053.86667,411697.33333,8164.2666667
180352.0,502780.0,8192.0
180352.0,502780.0,8192.0
154387.2,520407.73333,8228.2666667
131668.0,535832.0,8260.0
131668.0,535832.0,8260.0
119832.26667,546477.33333,8283.4666667
109476.0,555792.0,8304.0
256212.0,405355.2,8342.4
354036.0,305064.0,8368.0
354036.0,305064.0,8368.0
255163.2,408117.6,8411.2
189248.0,476820.0,8440.0
189248.0,476820.0,8440.0
295078.4,377227.2,8636.8
365632.0,310832.0,8768.0
247432.0,429980.0,8811.2
168632.0,509412.0,8840.0
168632.0,509412.0,8840.0
148546.4,528804.0,8868.8
135156.0,541732.0,8888.0
135156.0,541732.0,8888.0
140311.2,536519.2,8924.0
143748.0,533044.0,8948.0
291212.0,382300.0,8990.6666667
364944.0,306928.0,9012.0
364944.0,306928.0,9012.0
252021.33333,420597.33333,9054.6666667
195560.0,477432.0,9076.0
195560.0,477432.0,9076.0
152154.66667,514805.33333,9116.0
130452.0,533492.0,9136.0
129572.0,533121.33333,9170.6666667
129132.0,532936.0,9188.0
129132.0,532936.0,9188.0
133574.66667,527744.0,9217.3333333
135796.0,525148.0,9232.0
135796.0,525148.0,9232.0
406746.4,256945.6,9265.6
587380.0,78144.0,9288.0
587380.0,78144.0,9288.0
587380.0,78144.0,9288.0
587380.0,78144.0,9288.0
