vda,28.00,0.01,0.11,0,0
vda,31.20,0.11,0.03,0,0
vda,2.60,0.00,0.01,0,0
vda,29.00,0.24,0.01,1,0
vda,2.00,0.00,0.01,0,0
vda,1.80,0.00,0.01,0,0
vda,3.60,0.00,0.02,0,0
vda,10.00,0.00,0.04,0,0
vda,1.80,0.00,0.01,0,0
vda,3.80,0.00,0.01,0,0
vda,1.80,0.00,0.01,0,0
vda,1.80,0.00,0.01,0,0
vda,348.00,4.35,0.01,21,0
vda,422.80,5.53,0.05,27,0
vda,151.00,10.97,0.14,54,0
vda,71.40,0.73,0.01,3,0
vda,75.00,0.59,0.02,2,0
vda,12.40,0.00,1.09,0,5
vda,13.20,0.00,0.05,0,0
vda,6.00,0.00,0.02,0,0
vda,5.40,0.00,0.02,0,0
vda,8.20,0.09,0.04,0,0
vda,0.00,0.00,0.00,0,0
vda,2.60,0.00,0.01,0,0
vda,25.00,0.09,0.06,0,0
vda,2.60,0.00,0.01,0,0
vda,1.80,0.00,0.01,0,0
vda,0.00,0.00,0.00,0,0
vda,2.20,0.00,0.01,0,0
vda,2.60,0.00,0.01,0,0
vda,14.20,0.00,0.06,0,0
