vda,0.40,0.00,0.00,0,0
vda,1.60,0.00,0.01,0,0
vda,0.00,0.00,0.00,0,0
vda,0.60,0.00,0.00,0,0
vda,0.00,0.00,0.00,0,0
vda,1.40,0.00,0.01,0,0
vda,21.20,0.00,0.10,0,0
vda,368.60,4.49,0.03,22,0
vda,322.40,3.71,0.01,18,0
vda,218.80,4.28,0.02,21,0
vda,26.40,6.16,0.00,30,0
vda,10.20,2.93,0.02,14,0
vda,6.20,2.02,0.00,10,0
vda,12.40,0.00,0.06,0,0
vda,1.40,0.00,0.01,0,0
vda,4.00,0.00,0.06,0,0
vda,12.00,0.16,0.01,0,0
vda,137.80,1.12,0.05,5,0
vda,6.20,0.04,0.01,0,0
vda,3.20,0.00,0.01,0,0
vda,4.40,0.00,0.02,0,0
vda,0.00,0.00,0.00,0,0
vda,9.20,0.00,0.04,0,0
vda,4.40,0.00,0.03,0,0
vda,7.20,0.00,0.06,0,0
vda,4.40,0.00,0.02,0,0
vda,6.00,0.00,0.02,0,0
vda,18.60,0.00,2.51,0,12
vda,4.00,0.00,0.01,0,0
vda,0.00,0.00,0.00,0,0
vda,2.60,0.00,0.01,0,0
vda,6.20,0.00,0.02,0,0
vda,5.20,0.00,0.02,0,0
vda,5.80,0.00,0.03,0,0
vda,8.80,0.00,0.04,0,0
vda,0.00,0.00,0.00,0,0
vda,2.00,0.08,0.01,0,0
vda,19.40,0.00,0.09,0,0
vda,2.00,0.00,0.01,0,0
vda,0.80,0.00,0.00,0,0
vda,2.40,0.00,0.01,0,0
vda,1.00,0.00,0.00,0,0
vda,9.60,0.00,0.04,0,0
vda,1.20,0.00,0.00,0,0
vda,0.00,0.00,0.00,0,0
