vda,135.40,0.00,0.55,0,2
vda,5.60,0.00,0.02,0,0
vda,1.00,0.00,0.00,0,0
vda,1.20,0.00,0.00,0,0
vda,199.80,0.00,0.79,0,3
vda,5.60,0.00,0.02,0,0
vda,1.40,0.00,0.01,0,0
vda,1.60,0.00,0.01,0,0
vda,132.40,0.00,0.54,0,2
vda,8.20,0.00,0.23,0,1
vda,6.80,0.00,0.03,0,0
vda,3.20,0.00,0.01,0,0
vda,96.80,0.00,0.40,0,2
vda,70.60,0.00,0.29,0,1
vda,7.80,0.00,0.03,0,0
vda,1.40,0.00,0.01,0,0
vda,186.00,0.00,0.85,0,4
vda,8.20,0.00,0.03,0,0
vda,7.20,0.00,0.03,0,0
vda,7.60,0.00,0.03,0,0
vda,133.00,0.00,0.63,0,3
vda,10.20,0.00,0.24,0,1
vda,6.80,0.00,0.03,0,0
vda,0.00,0.00,0.00,0,0
vda,1.40,0.00,0.01,0,0
vda,207.00,0.00,0.82,0,4
vda,0.20,0.00,0.00,0,0
