data_points,dimensions,k,time
100000,1000,100,140
100000,1000,250,78
100000,1000,500,216
100000,1000,750,149
100000,1000,1000,352
100000,2000,100,119
100000,2000,250,146
100000,2000,500,252
100000,2000,750,333
100000,2000,1000,467
100000,3000,100,132
100000,3000,250,202
100000,3000,500,360
100000,3000,750,482
100000,3000,1000,678
100000,4000,100,175
100000,4000,250,277
100000,4000,500,479
100000,4000,750,649
100000,4000,1000,839
100000,5000,100,309
100000,5000,250,414
100000,5000,500,880
100000,5000,750,1117
100000,5000,1000,1304
100000,6000,100,260
100000,6000,250,407
100000,6000,500,659
100000,6000,750,919
100000,6000,1000,1272
