3498492.0,67372.0,2796.0
3395719.2,84171.466667,2985.0666667
1956900.0,319364.0,5632.0
1956900.0,319364.0,5632.0
1922987.4667,328501.6,5644.8
1702556.0,387896.0,5728.0
1702556.0,387896.0,5728.0
1638886.4,399544.0,5756.0
1384208.0,446136.0,5868.0
1373425.6,453759.46667,5885.0666667
1303340.0,503312.0,5996.0
1303340.0,503312.0,5996.0
1294413.6,509245.86667,6007.7333333
1236392.0,547816.0,6084.0
1236392.0,547816.0,6084.0
1241836.8,531468.0,6104.0
1263616.0,466076.0,6184.0
1260195.7333,463527.2,6192.5333333
1237964.0,446960.0,6248.0
1237964.0,446960.0,6248.0
1233080.8,452060.26667,6254.4
1201340.0,485212.0,6296.0
1201340.0,485212.0,6296.0
1206199.7333,480143.2,6337.6
1237788.0,447196.0,6608.0
1492944.2667,442123.46667,6614.9333333
3151460.0,409152.0,6660.0
