vda,2.40,0.01,0.01,0,0
vda,3.40,0.00,0.01,0,0
vda,4.20,0.00,0.02,0,0
vda,1.60,0.00,0.01,0,0
vda,1.80,0.00,0.01,0,0
vda,2.40,0.00,0.01,0,0
vda,25.60,0.00,0.11,0,0
vda,5.00,0.00,0.02,0,0
vda,127.20,13.21,0.02,66,0
vda,123.00,12.76,0.04,63,0
vda,345.20,21.96,0.03,109,0
vda,217.40,17.65,0.01,88,0
vda,65.20,23.60,0.02,117,0
vda,66.60,24.03,0.03,120,0
vda,66.60,24.01,0.07,120,0
vda,41.60,14.31,0.02,71,0
vda,15.00,1.60,0.04,7,0
vda,9.00,0.00,0.06,0,0
vda,6.60,0.00,0.03,0,0
vda,7.20,0.00,0.03,0,0
vda,13.80,0.00,0.06,0,0
vda,10.20,0.03,0.03,0,0
vda,7.60,0.00,0.03,0,0
vda,8.40,0.00,0.03,0,0
vda,11.00,0.00,0.08,0,0
vda,37.20,0.00,14.11,0,70
vda,19.80,0.00,7.94,0,39
vda,7.60,0.00,0.03,0,0
vda,6.60,0.00,0.03,0,0
vda,6.40,0.00,0.03,0,0
vda,7.00,0.04,0.02,0,0
vda,16.80,0.02,6.25,0,31
vda,18.20,0.00,0.07,0,0
vda,1.80,0.00,0.01,0,0
vda,1.60,0.00,0.01,0,0
vda,1.60,0.00,0.01,0,0
vda,1.60,0.00,0.01,0,0
vda,2.60,0.00,0.01,0,0
vda,6.60,0.00,0.04,0,0
vda,5.00,0.04,0.01,0,0
vda,1.80,0.00,0.01,0,0
