vda,2.80,0.00,0.01,0,0
vda,1.00,0.00,0.00,0,0
vda,0.00,0.00,0.00,0,0
vda,18.80,0.00,0.09,0,0
vda,1.60,0.00,0.01,0,0
vda,30.60,0.34,0.01,1,0
vda,0.00,0.00,0.00,0,0
vda,243.40,3.11,0.00,15,0
vda,269.40,3.08,0.01,15,0
vda,211.60,3.16,0.02,15,0
vda,234.40,2.44,0.02,12,0
vda,89.60,0.61,0.06,3,0
vda,19.40,0.09,0.09,0,0
vda,0.00,0.00,0.00,0,0
vda,0.80,0.00,0.00,0,0
vda,2.40,0.01,0.00,0,0
vda,16.80,0.00,0.08,0,0
vda,3.40,0.03,0.00,0,0
vda,0.00,0.00,0.00,0,0
vda,0.80,0.00,0.00,0,0
vda,8.60,0.00,0.04,0,0
vda,1.00,0.00,0.00,0,0
