vda,26.80,0.00,223.20,0,1116
vda,7.40,0.00,58.40,0,292
vda,0.00,0.00,0.00,0,0
vda,9.40,0.00,42.40,0,212
vda,2.00,0.00,33.60,0,168
vda,58.80,0.00,250.40,0,1252
vda,24.20,0.80,143.20,4,716
vda,60.20,0.00,310.40,0,1552
vda,36.20,0.00,163.20,0,816
vda,16.00,0.00,140.00,0,700
vda,22.60,0.00,160.80,0,804
vda,0.80,0.00,12.80,0,64
vda,0.60,0.00,11.20,0,56
vda,32.40,0.00,188.00,0,940
vda,57.20,0.00,245.60,0,1228
vda,38.00,0.00,288.00,0,1440
vda,45.40,0.00,188.00,0,940
vda,24.20,0.00,113.60,0,568
vda,10.20,2.40,56.80,12,284
