6202752.0,575336.0,129932.0
5966713.3333,579578.66667,129990.66667
5494636.0,588064.0,130108.0
5494636.0,588064.0,130108.0
5460041.8667,599149.86667,130120.8
5364908.0,629636.0,130156.0
5242051.4667,631968.8,130173.06667
4904196.0,638384.0,130220.0
4904196.0,638384.0,130220.0
4753601.8667,638519.46667,130239.2
4339468.0,638892.0,130292.0
4339468.0,638892.0,130292.0
4278237.6,639012.0,130300.0
4033316.0,639492.0,130332.0
4010672.8,639628.53333,130344.8
3948404.0,640004.0,130380.0
3948404.0,640004.0,130380.0
3910300.0,640242.66667,130393.33333
3834092.0,640720.0,130420.0
3834092.0,640720.0,130420.0
3832504.0,640892.0,130434.66667
3829328.0,641236.0,130464.0
3828201.6,641366.13333,130490.66667
3825104.0,641724.0,130564.0
3825104.0,641724.0,130564.0
3697889.3333,641965.33333,130590.66667
3443460.0,642448.0,130644.0
3443460.0,642448.0,130644.0
4334137.3333,642356.0,130662.66667
