3499144.0,67752.0,3272.0
3499144.0,67752.0,3272.0
3081864.0,85896.0,4086.6666667
2247304.0,122184.0,5716.0
2183706.1333,122184.0,5748.0
2008812.0,122184.0,5836.0
2008812.0,122184.0,5836.0
1950086.6667,148636.0,5961.3333333
1832636.0,201540.0,6212.0
1832636.0,201540.0,6212.0
1836050.6667,215520.0,6257.3333333
1842880.0,243480.0,6348.0
1863110.6667,222732.0,6412.0
1903572.0,181236.0,6540.0
1903572.0,181236.0,6540.0
1888398.6667,195312.8,6558.1333333
1846672.0,234024.0,6608.0
1846672.0,234024.0,6608.0
1824199.4667,228381.33333,6624.0
1762400.0,212864.0,6668.0
2088260.8,204508.8,6678.4
3391704.0,171088.0,6720.0
