3401660.0,75108.0,9020.0
3401660.0,75108.0,9020.0
1354700.8,554811.46667,9144.8
1039784.0,628612.0,9164.0
1039784.0,628612.0,9164.0
319080.0,692192.8,5391.2
138904.0,708088.0,4448.0
138904.0,708088.0,4448.0
116783.2,548999.2,4503.4666667
113380.0,524524.0,4512.0
320704.0,336096.8,4577.8666667
352600.0,307108.0,4588.0
352600.0,307108.0,4588.0
223195.2,434420.0,4632.8
190844.0,466248.0,4644.0
129365.6,510942.4,4695.2
113996.0,522116.0,4708.0
113996.0,522116.0,4708.0
115078.4,518164.8,4743.2
115472.0,516728.0,4756.0
115472.0,516728.0,4756.0
230054.4,393816.0,4807.2
258700.0,363088.0,4820.0
258700.0,363088.0,4820.0
129511.2,486404.26667,4872.0
109636.0,505376.0,4880.0
132321.86667,490088.0,4925.0666667
135812.0,487736.0,4932.0
135812.0,487736.0,4932.0
305656.26667,320867.2,4995.4666667
317788.0,308948.0,5000.0
317788.0,308948.0,5000.0
168361.33333,457075.46667,5067.2
157688.0,467656.0,5072.0
132331.2,484101.33333,5142.9333333
130520.0,485276.0,5148.0
130520.0,485276.0,5148.0
114806.4,501303.2,5211.4666667
113684.0,502448.0,5216.0
113684.0,502448.0,5216.0
238900.0,369791.46667,5275.7333333
247844.0,360316.0,5280.0
126506.93333,479946.93333,5339.7333333
117840.0,488492.0,5344.0
117840.0,488492.0,5344.0
123092.0,451888.0,5412.0
123092.0,451888.0,5412.0
123092.0,451888.0,5412.0
253362.93333,318283.2,5460.5333333
262668.0,308740.0,5464.0
145168.0,415328.0,5520.0
145168.0,415328.0,5520.0
145168.0,415328.0,5520.0
527504.0,69976.0,5584.0
527504.0,69976.0,5584.0
527504.0,69976.0,5584.0
527504.0,69976.0,5584.0
527504.0,69976.0,5584.0
3215862.4,71346.133333,5692.2666667
3407888.0,71444.0,5700.0
