vda,1.20,0.00,0.01,0,0
vda,25.00,0.00,0.12,0,0
vda,0.80,0.00,0.00,0,0
vda,0.00,0.00,0.00,0,0
vda,0.60,0.00,0.00,0,0
vda,0.00,0.00,0.00,0,0
vda,1.60,0.00,0.01,0,0
vda,1.40,0.00,0.01,0,0
vda,1.00,0.00,0.00,0,0
vda,1.80,0.00,0.01,0,0
vda,1.00,0.00,0.00,0,0
vda,0.00,0.00,0.00,0,0
vda,261.40,3.25,0.01,16,0
vda,260.20,2.97,0.01,14,0
vda,255.49,3.64,0.02,18,0
vda,260.80,2.47,0.06,12,0
vda,19.20,0.10,0.07,0,0
vda,6.80,0.00,0.03,0,0
vda,17.80,0.00,0.10,0,0
vda,0.80,0.00,0.00,0,0
vda,0.00,0.00,0.00,0,0
vda,0.60,0.00,0.00,0,0
vda,0.00,0.00,0.00,0,0
vda,0.80,0.00,0.00,0,0
vda,0.60,0.00,0.01,0,0
vda,3.20,0.00,0.01,0,0
