vda,2.80,0.00,0.01,0,0
vda,0.00,0.00,0.00,0,0
vda,22.40,0.00,0.09,0,0
vda,0.00,0.00,0.00,0,0
vda,35.60,0.34,0.03,1,0
vda,4.00,0.00,0.02,0,0
vda,8.00,0.00,0.03,0,0
vda,2.60,0.00,0.01,0,0
vda,1.80,0.00,0.01,0,0
vda,4.59,0.00,0.02,0,0
vda,2.40,0.00,0.01,0,0
vda,0.00,0.00,0.00,0,0
vda,343.60,4.21,0.03,21,0
vda,401.80,5.30,0.02,26,0
vda,140.60,1.48,0.02,7,0
vda,156.40,1.32,0.14,6,0
vda,8.40,0.00,0.03,0,0
vda,13.80,0.00,0.05,0,0
vda,8.00,0.08,0.04,0,0
vda,0.00,0.00,0.00,0,0
vda,1.80,0.00,0.01,0,0
vda,2.40,0.00,0.01,0,0
vda,2.40,0.00,0.01,0,0
vda,8.40,0.00,0.07,0,0
vda,0.40,0.00,0.00,0,0
vda,4.60,0.00,0.02,0,0
vda,2.00,0.00,0.01,0,0
