vda,25.20,0.00,0.13,0,0
vda,2.20,0.00,0.01,0,0
vda,1.20,0.00,0.01,0,0
vda,0.80,0.00,0.00,0,0
vda,2.40,0.00,0.01,0,0
vda,0.00,0.00,0.00,0,0
vda,2.60,0.00,0.01,0,0
vda,4.00,0.00,0.02,0,0
vda,6.00,0.00,0.02,0,0
vda,15.80,0.76,0.02,3,0
vda,0.00,0.00,0.00,0,0
vda,10.00,0.00,0.05,0,0
vda,72.60,4.16,0.04,20,0
vda,184.20,11.72,0.03,58,0
vda,133.80,8.31,0.07,41,0
vda,3.00,0.00,0.01,0,0
vda,2.40,0.00,0.01,0,0
vda,0.00,0.00,0.00,0,0
vda,181.00,11.72,0.00,58,0
vda,187.00,11.72,0.04,58,0
vda,25.20,1.13,0.04,5,0
vda,4.20,0.00,0.02,0,0
vda,5.20,0.00,0.02,0,0
vda,4.60,0.00,0.02,0,0
vda,6.80,0.00,0.03,0,0
vda,5.40,0.00,0.03,0,0
vda,4.00,0.00,0.04,0,0
vda,9.38,0.00,4.49,0,22
vda,9.80,0.00,6.83,0,34
vda,6.20,0.00,0.02,0,0
vda,20.40,0.00,0.09,0,0
vda,6.40,0.00,0.03,0,0
vda,6.00,0.00,0.03,0,0
vda,9.80,0.00,0.07,0,0
vda,5.60,0.00,0.02,0,0
vda,4.60,0.00,0.02,0,0
vda,30.40,0.00,27.14,0,135
vda,30.60,0.00,18.21,0,91
vda,3.40,0.00,0.01,0,0
vda,5.20,0.00,0.02,0,0
vda,6.40,0.00,0.03,0,0
vda,6.60,0.00,0.03,0,0
vda,4.60,0.00,0.03,0,0
vda,8.80,0.00,4.55,0,22
vda,17.00,0.00,2.29,0,11
vda,17.40,0.00,4.63,0,23
vda,7.60,0.00,6.79,0,33
vda,12.40,0.00,9.12,0,45
vda,8.00,0.00,2.27,0,11
vda,10.40,0.00,6.80,0,34
vda,15.00,0.00,9.02,0,45
vda,24.40,0.00,9.19,0,45
vda,8.20,0.00,2.24,0,11
vda,0.00,0.00,0.00,0,0
vda,28.60,0.00,0.12,0,0
vda,3.80,0.00,0.01,0,0
vda,8.00,0.00,2.23,0,11
vda,15.20,0.00,9.16,0,45
vda,22.80,0.00,9.13,0,45
vda,9.60,0.00,4.54,0,22
vda,20.40,0.00,6.81,0,34
vda,21.20,0.00,9.03,0,45
vda,11.00,0.00,9.13,0,45
vda,1.60,0.00,0.01,0,0
vda,11.00,0.00,0.05,0,0
vda,6.00,0.00,0.04,0,0
vda,1.60,0.00,0.01,0,0
vda,1.00,0.00,0.00,0,0
vda,0.00,0.00,0.00,0,0
vda,8.80,0.00,0.04,0,0
vda,1.00,0.00,0.00,0,0
vda,0.00,0.00,0.00,0,0
vda,2.20,0.00,0.01,0,0
