data_points,dimensions,k,diskio_in
150000,1000,100,4162
150000,1000,250,2135
150000,1000,500,1672
150000,1000,750,1790
150000,1000,1000,2330
150000,2000,100,6833
150000,2000,250,4584
150000,2000,500,5522
150000,2000,750,6667
150000,2000,1000,7134
150000,3000,100,9738
150000,3000,250,9717
150000,3000,500,9860
150000,3000,750,10214
150000,3000,1000,13516
150000,4000,100,12794
150000,4000,250,14907
150000,4000,500,22242
150000,4000,750,26754
150000,4000,1000,31386
150000,5000,100,19042
150000,5000,250,27188
150000,5000,500,35106
150000,5000,750,41517
150000,5000,1000,52148
150000,6000,100,28762
150000,6000,250,41774
150000,6000,500,70163
150000,6000,750,68887
150000,6000,1000,164242
