vda,22.00,1.13,0.02,5,0
vda,14.60,0.76,0.01,3,0
vda,19.40,1.13,0.01,5,0
vda,12.40,0.76,0.00,3,0
vda,17.40,1.13,0.00,5,0
vda,12.60,0.76,0.00,3,0
vda,34.60,1.13,0.08,5,0
vda,15.20,0.76,0.01,3,0
vda,122.60,12.28,0.03,61,0
vda,136.60,15.31,0.01,76,0
vda,377.00,24.19,0.01,120,0
vda,175.60,21.98,0.01,109,0
vda,264.00,17.70,0.00,88,0
vda,81.60,23.11,0.03,115,0
vda,291.80,22.17,0.10,110,0
vda,123.80,15.23,0.01,76,0
vda,127.80,22.11,0.04,110,0
vda,313.60,20.03,0.01,100,0
vda,8.40,0.38,0.01,1,0
vda,2.00,0.00,0.01,0,0
vda,12.40,0.00,0.06,0,0
vda,10.20,0.00,0.05,0,0
vda,6.40,0.00,0.03,0,0
vda,8.40,0.00,0.03,0,0
vda,7.60,0.00,0.03,0,0
vda,20.20,0.38,0.06,1,0
vda,25.40,0.76,0.07,3,0
vda,25.40,1.13,0.03,5,0
vda,27.40,0.76,4.30,3,21
vda,49.80,1.14,12.99,5,64
vda,16.80,0.76,0.02,3,0
vda,22.20,1.13,0.02,5,0
vda,18.60,0.76,0.03,3,0
vda,26.40,1.13,0.03,5,0
vda,19.80,0.76,0.05,3,0
vda,30.94,1.13,0.07,5,0
vda,11.60,0.76,0.00,3,0
vda,18.40,1.13,0.00,5,0
vda,6.40,0.38,0.00,1,0
vda,1.80,0.00,0.01,0,0
vda,2.40,0.00,0.01,0,0
vda,12.00,0.00,0.05,0,0
vda,1.00,0.00,0.00,0,0
