vda,0.20,0.00,0.00,0,0
vda,1.60,0.00,0.01,0,0
vda,0.60,0.00,0.00,0,0
vda,0.80,0.00,0.01,0,0
vda,1.00,0.00,0.00,0,0
vda,4.20,0.00,0.02,0,0
vda,11.60,0.00,0.07,0,0
vda,0.40,0.00,0.00,0,0
vda,5.59,0.00,0.02,0,0
vda,2.40,0.00,0.02,0,0
vda,2.60,0.00,0.01,0,0
vda,2.60,0.00,0.01,0,0
vda,4.40,0.00,0.02,0,0
vda,8.60,0.00,0.06,0,0
vda,4.80,0.00,0.07,0,0
vda,6.20,0.00,0.03,0,0
vda,3.80,0.00,0.01,0,0
vda,4.00,0.00,0.02,0,0
vda,3.40,0.00,0.01,0,0
vda,1.00,0.00,2.20,0,11
vda,9.40,0.00,2.24,0,11
vda,10.80,0.00,2.30,0,11
vda,6.00,0.00,1.14,0,5
vda,5.60,0.00,2.23,0,11
vda,5.00,0.00,2.21,0,11
vda,1.00,0.00,2.26,0,11
vda,10.40,0.00,1.17,0,5
vda,12.00,0.00,2.28,0,11
vda,5.60,0.00,2.21,0,11
vda,5.00,0.00,2.27,0,11
vda,8.20,0.00,1.15,0,5
vda,1.40,0.00,2.22,0,11
vda,13.20,0.00,0.05,0,0
vda,5.00,0.00,0.03,0,0
vda,10.20,0.00,0.07,0,0
vda,2.60,0.00,2.22,0,11
vda,5.40,0.00,4.47,0,22
vda,5.20,0.00,1.15,0,5
vda,3.00,0.00,0.01,0,0
vda,2.80,0.00,4.42,0,22
vda,5.40,0.00,2.28,0,11
vda,16.00,0.00,1.21,0,6
vda,5.00,0.00,2.23,0,11
vda,10.80,0.00,0.05,0,0
vda,4.00,0.00,0.02,0,0
vda,3.80,0.00,0.02,0,0
vda,4.40,0.00,2.23,0,11
vda,2.80,0.00,2.20,0,11
vda,5.80,0.00,2.29,0,11
vda,7.00,0.00,1.17,0,5
vda,8.40,0.00,2.25,0,11
vda,7.20,0.00,4.48,0,22
vda,3.20,0.00,1.14,0,5
vda,1.20,0.00,0.01,0,0
vda,8.00,0.00,0.03,0,0
vda,0.20,0.00,0.00,0,0
vda,5.60,0.00,0.03,0,0
vda,0.60,0.00,0.01,0,0
vda,4.00,0.00,0.02,0,0
vda,2.00,0.00,0.01,0,0
vda,0.00,0.00,0.00,0,0
vda,0.60,0.00,0.00,0,0
vda,1.80,0.00,0.01,0,0
