2481517.6,3560507.4667,178342.4
2480628.0,3560644.0,178352.0
2480628.0,3560644.0,178352.0
1996605.6,3571063.2,178374.4
1875600.0,3573668.0,178380.0
1836869.3333,3581582.6667,178396.0
1817504.0,3585540.0,178404.0
1817504.0,3585540.0,178404.0
1558916.0,3595073.3333,178427.46667
1464884.0,3598540.0,178436.0
1464884.0,3598540.0,178436.0
1238652.8,3599070.4,178446.4
1203848.0,3599152.0,178448.0
790225.6,3600729.6,178476.8
686820.0,3601124.0,178484.0
686820.0,3601124.0,178484.0
640317.6,3600058.4,178516.0
628692.0,3599792.0,178524.0
628692.0,3599792.0,178524.0
553405.06667,3600452.0,178544.53333
526028.0,3600692.0,178552.0
342803.2,3601017.6,178566.66667
276176.0,3601136.0,178572.0
276176.0,3601136.0,178572.0
250770.4,3601731.4667,178592.53333
241532.0,3601948.0,178600.0
241532.0,3601948.0,178600.0
2173698.1333,3284617.0667,178611.73333
2876304.0,3169224.0,178616.0
