vda,0.00,0.00,0.00,0,0
vda,2.00,0.00,0.01,0,0
vda,139.20,0.00,0.56,0,2
vda,4.60,0.03,0.01,0,0
vda,5.60,0.00,0.02,0,0
vda,0.00,0.00,0.00,0,0
vda,13.20,0.21,0.23,1,1
vda,17.80,0.10,0.05,0,0
vda,4.80,0.00,0.02,0,0
vda,211.60,2.43,0.89,12,4
vda,69.60,21.73,0.00,108,0
vda,54.60,18.09,0.02,90,0
vda,25.60,8.95,0.01,44,0
vda,155.80,6.51,0.56,32,2
vda,10.40,2.87,0.01,14,0
vda,7.00,2.41,0.00,12,0
vda,149.40,2.43,0.58,12,2
vda,14.80,3.61,0.02,18,0
vda,19.60,4.41,0.23,22,1
vda,12.60,3.98,0.01,19,0
vda,21.20,6.10,0.02,30,0
vda,200.20,5.20,0.76,26,3
vda,14.20,0.10,0.05,0,0
vda,7.80,0.00,0.03,0,0
vda,5.20,0.00,0.02,0,0
vda,149.40,0.00,0.84,0,4
vda,0.20,0.00,0.00,0,0
vda,1.20,0.00,0.00,0,0
vda,1.20,0.00,0.00,0,0
vda,5.00,0.00,0.02,0,0
vda,8.00,0.00,0.23,0,1
vda,10.00,0.05,0.04,0,0
vda,174.40,0.09,0.68,0,3
vda,26.80,0.00,0.12,0,0
