vda,2.80,0.00,0.01,0,0
vda,0.00,0.00,0.00,0,0
vda,0.60,0.00,0.00,0,0
vda,1.40,0.00,0.01,0,0
vda,1.00,0.00,0.00,0,0
vda,3.20,0.00,0.01,0,0
vda,23.60,0.00,0.10,0,0
vda,0.00,0.00,0.00,0,0
vda,0.60,0.00,0.00,0,0
vda,0.80,0.00,0.01,0,0
vda,1.00,0.00,0.00,0,0
vda,0.00,0.00,0.00,0,0
vda,264.40,3.29,0.01,16,0
vda,337.60,4.01,0.02,20,0
vda,317.20,12.63,0.02,63,0
vda,44.60,10.49,0.02,52,0
vda,28.20,7.95,0.01,39,0
vda,142.00,1.32,0.02,6,0
vda,6.40,0.00,0.02,0,0
vda,13.60,0.01,0.05,0,0
vda,21.60,0.00,0.17,0,0
vda,6.40,0.00,0.03,0,0
vda,11.60,0.00,0.04,0,0
vda,6.00,0.00,0.02,0,0
vda,0.20,0.00,0.00,0,0
vda,6.20,0.09,0.03,0,0
vda,7.00,0.00,0.03,0,0
vda,8.20,0.00,0.05,0,0
vda,1.00,0.00,0.00,0,0
vda,0.00,0.00,0.00,0,0
vda,8.20,0.00,0.03,0,0
vda,3.80,0.00,0.02,0,0
vda,2.60,0.00,0.01,0,0
vda,11.20,0.00,0.05,0,0
