3183516.0,357096.0,6156.0
3183516.0,357096.0,6156.0
3183516.0,357096.0,6156.0
1209910.6667,884676.53333,6285.0666667
492236.0,1076524.0,6332.0
234178.4,846296.8,6383.2
169664.0,788740.0,6396.0
169664.0,788740.0,6396.0
249976.26667,719781.06667,6451.4666667
262332.0,709172.0,6460.0
262332.0,709172.0,6460.0
139868.53333,817273.06667,6855.2
121028.0,833904.0,6916.0
118162.13333,826224.53333,6960.0
117120.0,823432.0,6976.0
117120.0,823432.0,6976.0
107782.4,822222.4,7030.4
105448.0,821920.0,7044.0
105448.0,821920.0,7044.0
407905.6,513328.0,7098.4
483520.0,436180.0,7112.0
374875.2,556399.73333,7164.8
335368.0,600116.0,7184.0
335368.0,600116.0,7184.0
216151.46667,715630.66667,7574.1333333
172800.0,757636.0,7716.0
172800.0,757636.0,7716.0
382979.2,546173.6,7767.2
435524.0,493308.0,7780.0
289618.93333,619792.8,7838.9333333
267172.0,639252.0,7848.0
267172.0,639252.0,7848.0
2934293.6,260192.8,7910.4
3344620.0,201876.0,7920.0
