vda,0.40,0.00,0.00,0,0
vda,0.80,0.00,0.00,0,0
vda,0.00,0.00,0.00,0,0
vda,0.60,0.00,0.00,0,0
vda,0.80,0.00,0.01,0,0
vda,21.00,0.00,0.10,0,0
vda,3.40,0.00,0.01,0,0
vda,0.60,0.00,0.00,0,0
vda,0.00,0.00,0.00,0,0
vda,0.60,0.00,0.00,0,0
vda,2.20,0.00,0.01,0,0
vda,1.40,0.00,0.01,0,0
vda,270.80,3.40,0.00,17,0
vda,254.00,2.82,0.03,14,0
vda,339.80,4.60,0.01,22,0
vda,160.80,1.54,0.02,7,0
vda,17.80,0.01,0.06,0,0
vda,16.00,0.00,0.06,0,0
vda,10.80,0.09,0.05,0,0
vda,1.00,0.00,0.00,0,0
vda,10.80,0.00,0.07,0,0
vda,1.60,0.00,0.01,0,0
vda,0.60,0.00,0.01,0,0
vda,1.00,0.00,0.00,0,0
vda,9.60,0.00,0.04,0,0
vda,1.00,0.00,0.00,0,0
vda,0.80,0.00,0.00,0,0
