vda,3.00,0.00,0.01,0,0
vda,0.80,0.00,0.00,0,0
vda,1.00,0.00,0.00,0,0
vda,0.00,0.00,0.00,0,0
vda,0.60,0.00,0.00,0,0
vda,0.80,0.00,0.01,0,0
vda,24.40,0.00,0.11,0,0
vda,264.60,3.28,0.01,16,0
vda,343.60,4.10,0.01,20,0
vda,307.20,17.70,0.02,88,0
vda,93.80,17.83,0.01,89,0
vda,56.20,17.00,0.01,84,0
vda,18.60,5.20,0.01,26,0
vda,18.40,0.40,0.14,2,0
vda,21.80,7.30,0.01,36,0
vda,0.40,0.00,0.00,0,0
vda,19.20,4.86,0.03,24,0
vda,146.60,4.74,0.01,23,0
vda,9.40,0.02,0.87,0,4
vda,6.00,0.03,0.02,0,0
vda,4.60,0.00,0.02,0,0
vda,3.20,0.00,0.01,0,0
vda,5.60,0.00,0.02,0,0
vda,5.60,0.00,0.02,0,0
vda,4.40,0.00,0.02,0,0
vda,10.60,0.00,1.30,0,6
vda,7.20,0.00,0.87,0,4
vda,8.20,0.00,1.29,0,6
vda,16.00,0.00,0.06,0,0
vda,4.80,0.00,0.02,0,0
vda,5.60,0.00,0.03,0,0
vda,7.00,0.00,0.03,0,0
vda,10.20,0.00,0.08,0,0
vda,7.40,0.00,0.03,0,0
vda,4.40,0.08,2.14,0,10
vda,7.60,0.00,0.03,0,0
vda,0.60,0.00,0.01,0,0
vda,1.00,0.00,0.00,0,0
vda,8.20,0.00,0.03,0,0
vda,8.20,0.00,0.04,0,0
vda,0.00,0.00,0.00,0,0
vda,0.80,0.00,0.00,0,0
vda,1.00,0.00,0.01,0,0
vda,2.00,0.00,0.01,0,0
