vda,21.80,0.07,0.09,0,0
vda,2.00,0.00,0.01,0,0
vda,0.00,0.00,0.00,0,0
vda,0.60,0.00,0.00,0,0
vda,0.80,0.00,0.00,0,0
vda,0.00,0.00,0.00,0,0
vda,1.40,0.00,0.01,0,0
vda,332.60,4.09,0.01,20,0
vda,288.60,3.34,0.04,16,0
vda,306.80,14.70,0.02,73,0
vda,151.20,2.09,0.01,10,0
vda,8.60,0.04,0.02,0,0
vda,13.80,0.00,0.05,0,0
vda,7.60,0.09,0.04,0,0
vda,0.80,0.00,0.01,0,0
vda,8.40,0.00,0.07,0,0
vda,8.20,0.00,0.03,0,0
vda,0.00,0.00,0.00,0,0
vda,0.60,0.00,0.00,0,0
vda,2.60,0.00,0.01,0,0
vda,0.80,0.00,0.01,0,0
vda,1.40,0.00,0.01,0,0
vda,18.60,0.21,0.00,1,0
vda,3.60,0.00,0.01,0,0
vda,0.00,0.00,0.00,0,0
vda,0.60,0.00,0.00,0,0
vda,19.00,0.00,0.08,0,0
