vda,1.00,0.00,0.01,0,0
vda,25.20,0.00,0.12,0,0
vda,2.00,0.00,0.01,0,0
vda,1.80,0.00,0.01,0,0
vda,1.80,0.00,0.01,0,0
vda,2.00,0.00,0.01,0,0
vda,3.20,0.00,0.02,0,0
vda,2.00,0.00,0.01,0,0
vda,1.60,0.00,0.01,0,0
vda,4.00,0.00,0.02,0,0
vda,2.00,0.00,0.01,0,0
vda,0.00,0.00,0.00,0,0
vda,301.20,3.77,0.01,18,0
vda,310.40,3.63,0.02,18,0
vda,296.20,9.11,0.02,45,0
vda,145.60,1.35,0.06,6,0
vda,13.60,0.07,0.02,0,0
vda,12.00,0.00,0.05,0,0
vda,16.40,0.00,0.07,0,0
vda,0.80,0.00,0.02,0,0
vda,8.40,0.00,0.08,0,0
vda,4.40,0.09,0.01,0,0
vda,10.40,0.00,0.08,0,0
vda,1.80,0.00,0.01,0,0
vda,2.40,0.00,0.01,0,0
vda,9.20,0.00,0.04,0,0
vda,0.00,0.00,0.00,0,0
vda,4.40,0.00,0.02,0,0
vda,2.20,0.00,0.01,0,0
vda,5.20,0.00,0.03,0,0
vda,2.20,0.00,0.01,0,0
