vda,23.40,0.00,0.12,0,0
vda,4.60,0.00,0.02,0,0
vda,0.20,0.00,0.00,0,0
vda,32.00,0.24,0.02,1,0
vda,2.20,0.00,0.01,0,0
vda,0.00,0.00,0.00,0,0
vda,2.60,0.00,0.01,0,0
vda,2.40,0.00,0.01,0,0
vda,3.60,0.00,0.01,0,0
vda,1.80,0.00,0.01,0,0
vda,8.80,0.00,0.04,0,0
vda,2.00,0.00,0.01,0,0
vda,298.60,3.69,0.02,18,0
vda,374.00,4.35,0.02,21,0
vda,201.20,2.94,0.02,14,0
vda,144.80,1.31,0.03,6,0
vda,8.80,0.00,0.03,0,0
vda,18.60,0.09,0.15,0,0
vda,3.80,0.00,0.01,0,0
vda,0.00,0.00,0.00,0,0
vda,2.00,0.00,0.01,0,0
vda,4.00,0.00,0.02,0,0
vda,2.00,0.00,0.01,0,0
vda,15.80,0.09,0.01,0,0
vda,7.40,0.00,0.04,0,0
vda,2.20,0.00,0.01,0,0
