data_points,dimensions,k,diskio_out
25000,10,10,16
25000,10,100,15
25000,10,200,15
25000,10,300,10
25000,10,400,13
25000,10,500,14
25000,10,600,19
25000,10,700,22
25000,10,800,11
25000,10,900,18
25000,10,1000,16
25000,10,1200,20
25000,10,1400,11
25000,10,1600,23
25000,50,10,15
25000,50,100,19
25000,50,200,14
25000,50,300,19
25000,50,400,19
25000,50,500,17
25000,50,600,26
25000,50,700,16
25000,50,800,14
25000,50,900,19
25000,50,1000,18
25000,50,1200,19
25000,50,1400,17
25000,50,1600,13
25000,100,10,17
25000,100,100,14
25000,100,200,16
25000,100,300,14
25000,100,400,22
25000,100,500,18
25000,100,600,15
25000,100,700,16
25000,100,800,19
25000,100,900,25
25000,100,1000,11
25000,100,1200,18
25000,100,1400,21
25000,100,1600,27
25000,250,10,17
25000,250,100,21
25000,250,200,21
25000,250,300,18
25000,250,400,14
25000,250,500,21
25000,250,600,22
25000,250,700,27
25000,250,800,30
25000,250,900,35
25000,250,1000,18
25000,250,1200,58
25000,250,1400,35
25000,250,1600,31
25000,500,10,17
25000,500,100,21
25000,500,200,13
25000,500,300,24
25000,500,400,18
25000,500,500,24
25000,500,600,19
25000,500,700,53
25000,500,800,39
25000,500,900,92
25000,500,1000,52
25000,500,1200,47
25000,500,1400,79
25000,500,1600,42
25000,750,10,18
25000,750,100,15
25000,750,200,16
25000,750,300,28
25000,750,400,27
25000,750,500,24
25000,750,600,38
25000,750,700,46
25000,750,800,48
25000,750,900,89
25000,750,1000,41
25000,750,1200,113
25000,750,1400,87
25000,750,1600,192
25000,1000,10,12
25000,1000,100,23
25000,1000,200,75
25000,1000,300,60
25000,1000,400,45
25000,1000,500,70
25000,1000,600,58
25000,1000,700,63
25000,1000,800,17
25000,1000,900,63
25000,1000,1000,54
25000,1000,1200,127
25000,1000,1400,83
25000,1000,1600,367
