data_points,dimensions,k,time
25000,10,10,28
25000,10,100,29
25000,10,200,30
25000,10,300,30
25000,10,400,31
25000,10,500,32
25000,10,600,31
25000,10,700,31
25000,10,800,32
25000,10,900,32
25000,10,1000,32
25000,10,1200,40
25000,10,1400,32
25000,10,1600,34
25000,50,10,28
25000,50,100,29
25000,50,200,29
25000,50,300,30
25000,50,400,31
25000,50,500,32
25000,50,600,33
25000,50,700,32
25000,50,800,34
25000,50,900,34
25000,50,1000,34
25000,50,1200,35
25000,50,1400,36
25000,50,1600,38
25000,100,10,29
25000,100,100,30
25000,100,200,31
25000,100,300,32
25000,100,400,34
25000,100,500,33
25000,100,600,35
25000,100,700,35
25000,100,800,36
25000,100,900,38
25000,100,1000,37
25000,100,1200,38
25000,100,1400,41
25000,100,1600,41
25000,250,10,30
25000,250,100,34
25000,250,200,34
25000,250,300,36
25000,250,400,38
25000,250,500,39
25000,250,600,42
25000,250,700,43
25000,250,800,45
25000,250,900,47
25000,250,1000,47
25000,250,1200,50
25000,250,1400,53
25000,250,1600,55
25000,500,10,31
25000,500,100,36
25000,500,200,38
25000,500,300,42
25000,500,400,44
25000,500,500,46
25000,500,600,50
25000,500,700,51
25000,500,800,58
25000,500,900,59
25000,500,1000,62
25000,500,1200,67
25000,500,1400,72
25000,500,1600,78
25000,750,10,31
25000,750,100,36
25000,750,200,42
25000,750,300,45
25000,750,400,51
25000,750,500,54
25000,750,600,59
25000,750,700,63
25000,750,800,69
25000,750,900,72
25000,750,1000,77
25000,750,1200,84
25000,750,1400,94
25000,750,1600,105
25000,1000,10,33
25000,1000,100,41
25000,1000,200,45
25000,1000,300,51
25000,1000,400,54
25000,1000,500,61
25000,1000,600,70
25000,1000,700,74
25000,1000,800,79
25000,1000,900,84
25000,1000,1000,94
25000,1000,1200,104
25000,1000,1400,116
25000,1000,1600,128
