vda,2.80,0.00,0.01,0,0
vda,1.00,0.00,0.00,0,0
vda,0.80,0.00,0.01,0,0
vda,25.60,0.00,0.11,0,0
vda,1.00,0.00,0.00,0,0
vda,0.00,0.00,0.00,0,0
vda,1.00,0.00,0.00,0,0
vda,10.80,0.00,0.05,0,0
vda,0.00,0.00,0.00,0,0
vda,1.20,0.00,0.00,0,0
vda,9.60,0.00,0.04,0,0
vda,1.00,0.00,0.00,0,0
vda,290.00,3.62,0.00,18,0
vda,260.20,2.70,0.07,13,0
vda,338.60,4.47,0.02,22,0
vda,171.00,1.65,0.02,8,0
vda,6.00,0.03,0.02,0,0
vda,13.00,0.01,0.04,0,0
vda,12.40,0.00,0.05,0,0
vda,6.60,0.00,0.03,0,0
vda,15.40,0.09,0.15,0,0
vda,0.00,0.00,0.00,0,0
vda,6.60,0.00,0.03,0,0
vda,7.20,0.00,0.03,0,0
vda,0.80,0.00,0.00,0,0
vda,0.80,0.00,0.01,0,0
vda,1.20,0.00,0.00,0,0
vda,10.00,0.00,0.04,0,0
vda,2.20,0.00,0.01,0,0
vda,1.00,0.00,0.00,0,0
