vda,0.20,0.00,0.00,0,0
vda,1.40,0.00,0.01,0,0
vda,0.00,0.00,0.00,0,0
vda,0.60,0.00,0.00,0,0
vda,1.80,0.00,0.01,0,0
vda,1.40,0.00,0.01,0,0
vda,11.00,0.00,0.06,0,0
vda,5.40,0.00,0.02,0,0
vda,5.20,0.00,0.02,0,0
vda,21.00,0.38,0.13,1,0
vda,4.20,0.00,0.02,0,0
vda,80.60,5.30,0.00,26,0
vda,108.80,6.80,0.01,34,0
vda,2.80,0.00,0.01,0,0
vda,2.80,0.00,0.01,0,0
vda,1.40,0.00,0.01,0,0
vda,3.40,0.00,0.02,0,0
vda,10.40,0.00,0.05,0,0
vda,4.00,0.00,0.02,0,0
vda,0.20,0.00,0.00,0,0
vda,3.20,0.00,0.01,0,0
vda,3.80,0.00,0.02,0,0
vda,4.80,0.00,0.02,0,0
vda,13.80,0.00,4.43,0,22
vda,11.20,0.00,2.26,0,11
vda,5.20,0.00,1.12,0,5
vda,7.40,0.00,2.20,0,11
vda,9.80,0.00,4.49,0,22
vda,7.00,0.00,0.03,0,0
vda,15.00,0.00,0.06,0,0
vda,4.40,0.00,0.02,0,0
vda,8.60,0.00,0.08,0,0
vda,3.20,0.00,0.01,0,0
vda,11.40,0.00,0.05,0,0
vda,0.20,0.00,0.00,0,0
vda,7.40,0.00,2.19,0,10
vda,10.20,0.00,4.48,0,22
vda,6.60,0.00,1.14,0,5
vda,13.00,0.00,2.23,0,11
vda,10.60,0.00,4.50,0,22
vda,6.00,0.00,1.13,0,5
vda,6.20,0.00,2.20,0,11
vda,7.60,0.00,4.48,0,22
vda,8.80,0.00,1.15,0,5
vda,7.00,0.00,2.21,0,11
vda,12.80,0.00,4.52,0,22
vda,13.40,0.00,0.05,0,0
vda,1.00,0.00,0.00,0,0
vda,7.40,0.00,0.03,0,0
vda,0.40,0.00,0.00,0,0
vda,6.60,0.00,0.03,0,0
vda,1.00,0.00,0.01,0,0
vda,7.80,0.00,0.05,0,0
vda,1.00,0.00,0.00,0,0
vda,0.80,0.00,0.00,0,0
vda,1.20,0.00,0.00,0,0
vda,1.40,0.00,0.01,0,0
vda,2.00,0.00,0.01,0,0
