vda,0.60,0.00,0.00,0,0
vda,1.60,0.00,0.01,0,0
vda,0.80,0.00,0.00,0,0
vda,27.20,0.27,0.00,1,0
vda,3.20,0.07,0.01,0,0
vda,2.20,0.00,0.01,0,0
vda,25.60,0.00,0.12,0,0
vda,287.20,3.62,0.00,18,0
vda,300.00,3.63,0.01,18,0
vda,283.20,3.65,0.02,18,0
vda,2.80,0.01,0.01,0,0
vda,12.60,0.51,0.01,2,0
vda,6.60,0.01,0.02,0,0
vda,5.40,0.00,0.03,0,0
vda,29.80,10.51,0.02,52,0
vda,16.60,0.09,0.05,0,0
vda,4.60,0.00,0.02,0,0
vda,12.80,0.00,0.06,0,0
vda,1.20,0.00,0.00,0,0
vda,2.40,0.00,0.01,0,0
vda,7.20,1.23,0.02,6,0
vda,4.00,0.80,0.01,4,0
vda,142.60,1.28,0.03,6,0
vda,13.00,0.02,1.14,0,5
vda,7.20,0.03,0.02,0,0
vda,4.00,0.00,0.01,0,0
vda,5.80,0.00,0.02,0,0
vda,11.20,0.00,0.04,0,0
vda,3.20,0.00,0.01,0,0
vda,5.40,0.00,0.03,0,0
vda,4.60,0.00,0.05,0,0
vda,3.00,0.00,0.01,0,0
vda,11.40,0.00,0.04,0,0
vda,5.80,0.00,0.02,0,0
vda,0.00,0.00,0.00,0,0
vda,6.80,0.00,0.03,0,0
vda,4.80,0.00,0.02,0,0
vda,10.00,0.02,0.05,0,0
vda,6.60,0.00,0.03,0,0
vda,12.60,0.00,1.15,0,5
vda,4.80,0.00,1.13,0,5
vda,9.00,0.00,0.04,0,0
vda,1.60,0.00,0.01,0,0
vda,2.60,0.08,0.01,0,0
vda,10.40,0.00,0.04,0,0
vda,0.00,0.00,0.00,0,0
vda,0.60,0.00,0.00,0,0
vda,0.80,0.00,0.01,0,0
vda,1.00,0.00,0.00,0,0
vda,8.00,0.00,0.03,0,0
vda,0.20,0.00,0.00,0,0
vda,5.80,0.00,0.03,0,0
vda,1.80,0.00,0.01,0,0
