vda,31.80,0.34,0.01,1,0
vda,23.60,0.00,0.11,0,0
vda,1.80,0.00,0.01,0,0
vda,0.20,0.00,0.00,0,0
vda,1.80,0.00,0.01,0,0
vda,1.80,0.00,0.01,0,0
vda,2.80,0.00,0.01,0,0
vda,2.40,0.00,0.01,0,0
vda,2.80,0.00,0.01,0,0
vda,0.00,0.00,0.00,0,0
vda,1.80,0.00,0.01,0,0
vda,4.00,0.00,0.02,0,0
vda,362.00,4.49,0.01,22,0
vda,387.00,5.14,0.02,25,0
vda,137.20,3.08,0.02,15,0
vda,145.80,1.32,0.04,6,0
vda,6.20,0.00,0.02,0,0
vda,16.20,0.09,0.07,0,0
vda,13.40,0.00,0.06,0,0
vda,11.20,0.05,0.01,0,0
vda,3.00,0.00,0.01,0,0
vda,0.00,0.00,0.00,0,0
vda,9.60,0.00,0.07,0,0
vda,2.00,0.00,0.01,0,0
vda,0.80,0.00,0.01,0,0
vda,2.20,0.00,0.01,0,0
