vda,1.40,0.00,0.01,0,0
vda,29.60,0.00,0.13,0,0
vda,2.80,0.00,0.01,0,0
vda,29.00,0.24,0.01,1,0
vda,2.80,0.00,0.01,0,0
vda,2.00,0.00,0.01,0,0
vda,11.20,0.00,0.05,0,0
vda,2.40,0.00,0.01,0,0
vda,1.80,0.00,0.01,0,0
vda,3.80,0.00,0.01,0,0
vda,0.00,0.00,0.00,0,0
vda,1.80,0.00,0.01,0,0
vda,288.20,3.50,0.02,17,0
vda,240.20,2.72,0.03,13,0
vda,254.00,13.21,0.02,66,0
vda,202.20,19.99,0.00,99,0
vda,86.00,22.80,0.03,113,0
vda,139.60,1.28,0.02,6,0
vda,7.40,0.03,0.03,0,0
vda,19.00,0.02,0.08,0,0
vda,5.60,0.00,0.02,0,0
vda,4.60,0.00,0.07,0,0
vda,4.40,0.00,0.02,0,0
vda,11.20,0.00,0.09,0,0
vda,4.20,0.00,0.02,0,0
vda,5.60,0.00,0.03,0,0
vda,8.00,0.00,0.03,0,0
vda,2.80,0.00,0.01,0,0
vda,11.60,0.00,0.05,0,0
vda,0.20,0.00,0.00,0,0
vda,4.80,0.00,0.02,0,0
vda,10.20,0.00,1.46,0,7
vda,8.80,0.00,0.04,0,0
vda,3.00,0.00,0.01,0,0
vda,4.00,0.00,0.02,0,0
vda,2.40,0.00,0.01,0,0
vda,3.80,0.08,0.02,0,0
vda,6.60,0.00,0.03,0,0
vda,12.00,0.00,0.06,0,0
vda,17.20,0.09,0.01,0,0
vda,2.40,0.00,0.01,0,0
vda,11.80,0.00,0.05,0,0
vda,4.80,0.00,0.02,0,0
vda,2.00,0.00,0.01,0,0
vda,0.00,0.00,0.00,0,0
