vda,21.20,0.00,0.09,0,0
vda,2.20,0.00,0.01,0,0
vda,27.40,0.24,0.00,1,0
vda,1.40,0.00,0.01,0,0
vda,1.00,0.00,0.00,0,0
vda,0.00,0.00,0.00,0,0
vda,1.40,0.00,0.01,0,0
vda,2.40,0.00,0.01,0,0
vda,0.00,0.00,0.00,0,0
vda,7.80,0.00,0.03,0,0
vda,0.00,0.00,0.00,0,0
vda,2.40,0.00,0.01,0,0
vda,279.80,3.34,0.07,16,0
vda,256.20,2.88,0.01,14,0
vda,296.80,4.09,0.03,20,0
vda,120.80,22.60,0.00,112,0
vda,148.20,4.70,0.01,23,0
vda,7.00,0.04,0.02,0,0
vda,6.40,0.00,0.03,0,0
vda,20.40,0.01,0.11,0,0
vda,6.00,0.00,0.07,0,0
vda,6.40,0.00,0.03,0,0
vda,26.80,0.09,0.05,0,0
vda,3.60,0.09,0.01,0,0
vda,7.80,0.00,0.03,0,0
vda,0.00,0.00,0.00,0,0
vda,10.40,0.00,0.06,0,0
vda,0.00,0.00,0.00,0,0
vda,13.20,0.00,0.06,0,0
vda,2.80,0.00,0.01,0,0
vda,3.80,0.00,0.02,0,0
vda,0.00,0.00,0.00,0,0
