vda,9.60,0.00,0.07,0,0
vda,18.80,0.00,0.07,0,0
vda,174.80,0.00,0.68,0,3
vda,7.20,0.00,0.03,0,0
vda,1.40,0.00,0.01,0,0
vda,8.60,0.00,0.04,0,0
vda,0.20,0.00,0.00,0,0
vda,137.40,0.00,0.55,0,2
vda,5.60,0.00,0.02,0,0
vda,0.00,0.00,0.00,0,0
vda,1.20,0.00,0.00,0,0
vda,11.00,0.00,0.24,0,1
vda,4.80,0.00,0.02,0,0
vda,9.00,0.00,0.04,0,0
vda,207.60,0.00,0.82,0,4
vda,0.80,0.00,0.00,0,0
vda,4.20,0.00,0.02,0,0
vda,11.40,0.00,0.04,0,0
vda,142.20,0.00,0.69,0,3
vda,4.80,0.00,0.02,0,0
vda,7.40,0.00,0.03,0,0
vda,3.00,0.00,0.01,0,0
vda,136.60,0.00,0.63,0,3
vda,20.00,0.00,0.27,0,1
vda,2.40,0.00,0.01,0,0
vda,4.80,0.00,0.02,0,0
vda,200.20,0.00,0.81,0,4
vda,0.20,0.00,0.00,0,0
vda,7.20,0.00,0.03,0,0
vda,1.80,0.00,0.01,0,0
vda,134.60,0.00,0.55,0,2
vda,3.00,0.00,0.01,0,0
