vda,0.60,0.00,0.00,0,0
vda,0.80,0.00,0.00,0,0
vda,0.60,0.00,0.00,0,0
vda,19.00,0.00,0.09,0,0
vda,31.80,0.34,0.01,1,0
vda,1.00,0.00,0.00,0,0
vda,10.20,0.00,0.05,0,0
vda,208.80,2.51,0.01,12,0
vda,298.20,3.67,0.00,18,0
vda,217.40,3.12,0.03,15,0
vda,159.20,1.70,0.01,8,0
vda,143.80,1.33,0.02,6,0
vda,11.20,0.00,0.05,0,0
vda,11.80,0.00,0.07,0,0
vda,12.40,0.00,0.07,0,0
vda,13.00,0.09,0.05,0,0
vda,9.20,0.00,0.04,0,0
vda,0.00,0.00,0.00,0,0
vda,1.00,0.00,0.01,0,0
vda,1.00,0.00,0.00,0,0
vda,7.40,0.00,0.05,0,0
vda,1.20,0.00,0.00,0,0
vda,1.40,0.00,0.01,0,0
vda,2.00,0.00,0.01,0,0
