1761412.0,1729468.0,38636.0
1554877.6,1729596.0,38680.8
1245076.0,1729788.0,38748.0
1245076.0,1729788.0,38748.0
988453.6,1729791.2,38762.4
603520.0,1729796.0,38784.0
460085.33333,1735830.9333,38797.066667
296160.0,1742728.0,38812.0
296160.0,1742728.0,38812.0
316700.8,1748043.2,38831.2
347512.0,1756016.0,38860.0
347512.0,1756016.0,38860.0
353128.8,1749904.5333,38886.133333
359548.0,1742920.0,38916.0
359548.0,1742920.0,38916.0
346429.06667,1755217.6,38927.2
331436.0,1769272.0,38940.0
341922.93333,1757021.0667,38958.666667
353908.0,1743020.0,38980.0
353908.0,1743020.0,38980.0
1010214.9333,1736753.6,38998.666667
