vda,30.40,0.80,234.40,4,1172
vda,41.60,0.80,176.00,4,880
vda,7.80,1.60,83.20,8,416
vda,37.20,0.00,196.80,0,984
vda,58.40,0.00,241.60,0,1208
vda,27.80,1.60,121.60,8,608
vda,45.00,455.20,136.00,2276,680
vda,1.40,0.80,26.40,4,132
vda,11.00,48.80,68.00,244,340
vda,52.60,792.80,187.20,3964,936
vda,57.80,1944.80,141.60,9724,708
vda,44.20,1312.00,167.20,6560,836
vda,60.80,132.00,285.60,660,1428
vda,29.40,0.00,136.00,0,680
vda,1.40,0.00,74.40,0,372
vda,14.00,0.00,105.60,0,528
vda,1.40,0.00,41.60,0,208
vda,1.00,1.60,26.40,8,132
vda,48.80,0.00,244.80,0,1224
vda,36.60,0.00,152.80,0,764
vda,41.40,0.80,233.60,4,1168
vda,37.80,0.00,196.00,0,980
vda,49.20,0.00,221.60,0,1108
vda,35.80,0.80,456.00,4,2280
vda,1.20,0.00,68.00,0,340
vda,1.40,0.00,19.20,0,96
vda,3.40,2.40,54.40,12,272
vda,56.00,0.00,237.60,0,1188
vda,44.60,0.00,223.20,0,1116
vda,39.20,0.00,452.00,0,2260
vda,71.00,0.80,355.20,4,1776
vda,21.80,0.00,110.40,0,552
vda,13.60,0.80,61.60,4,308
vda,1.00,0.00,36.80,0,184
vda,12.20,0.00,61.60,0,308
vda,27.60,0.00,165.60,0,828
vda,63.87,0.00,261.08,0,1308
vda,46.20,0.00,220.00,0,1100
vda,14.40,1.60,73.60,8,368
