vda,1.20,0.00,0.01,0,0
vda,30.20,0.00,0.13,0,0
vda,2.80,0.00,0.01,0,0
vda,1.80,0.00,0.01,0,0
vda,0.00,0.00,0.00,0,0
vda,1.80,0.00,0.01,0,0
vda,4.00,0.00,0.02,0,0
vda,2.20,0.00,0.01,0,0
vda,1.80,0.00,0.01,0,0
vda,3.40,0.00,0.01,0,0
vda,1.80,0.00,0.01,0,0
vda,1.80,0.00,0.01,0,0
vda,292.00,3.54,0.02,17,0
vda,378.40,4.19,0.05,20,0
vda,288.20,25.43,0.01,127,0
vda,44.60,13.80,0.00,69,0
vda,145.00,1.28,0.05,6,0
vda,6.80,0.04,0.02,0,0
vda,9.40,0.00,0.04,0,0
vda,7.00,0.00,0.04,0,0
vda,6.60,0.00,0.07,0,0
vda,5.00,0.00,0.02,0,0
vda,15.40,0.00,0.06,0,0
vda,4.40,0.00,0.02,0,0
vda,8.20,0.00,0.08,0,0
vda,2.20,0.00,0.01,0,0
vda,7.40,0.00,0.04,0,0
vda,5.20,0.00,0.02,0,0
vda,1.80,0.00,0.01,0,0
vda,7.40,0.08,0.03,0,0
vda,3.00,0.00,0.01,0,0
vda,15.20,0.00,0.07,0,0
vda,1.80,0.00,0.01,0,0
vda,1.80,0.00,0.01,0,0
vda,2.80,0.00,0.01,0,0
vda,2.60,0.00,0.01,0,0
vda,10.80,0.00,0.05,0,0
vda,2.40,0.00,0.01,0,0
