vda,3.80,0.00,0.02,0,0
vda,29.60,0.00,0.13,0,0
vda,2.20,0.00,0.01,0,0
vda,1.80,0.00,0.01,0,0
vda,0.00,0.00,0.00,0,0
vda,4.40,0.00,0.02,0,0
vda,2.60,0.00,0.01,0,0
vda,4.20,0.00,0.02,0,0
vda,3.20,0.00,0.01,0,0
vda,2.00,0.00,0.01,0,0
vda,0.00,0.00,0.00,0,0
vda,1.80,0.00,0.01,0,0
vda,282.00,3.48,0.01,17,0
vda,333.20,3.93,0.02,19,0
vda,269.40,3.60,0.03,17,0
vda,11.80,0.01,0.04,0,0
vda,138.20,1.32,0.00,6,0
vda,6.40,0.00,0.03,0,0
vda,13.00,0.00,0.05,0,0
vda,19.60,0.09,0.09,0,0
vda,6.80,0.00,0.03,0,0
vda,15.60,0.00,0.12,0,0
vda,2.20,0.00,0.01,0,0
vda,2.00,0.00,0.01,0,0
vda,1.80,0.00,0.01,0,0
vda,1.80,0.00,0.01,0,0
vda,1.80,0.00,0.01,0,0
vda,3.00,0.00,0.01,0,0
vda,3.40,0.00,0.01,0,0
