vda,2.20,0.00,0.01,0,0
vda,1.80,0.00,0.01,0,0
vda,1.00,0.00,0.00,0,0
vda,0.00,0.00,0.00,0,0
vda,0.60,0.00,0.00,0,0
vda,19.40,0.00,0.09,0,0
vda,1.40,0.00,0.01,0,0
vda,4.80,0.03,0.02,0,0
vda,17.80,4.07,0.03,20,0
vda,13.80,4.23,0.01,21,0
vda,57.20,21.10,0.01,105,0
vda,53.80,20.40,0.01,102,0
vda,72.20,24.59,0.04,122,0
vda,28.60,10.40,0.01,52,0
vda,37.80,8.48,0.12,42,0
vda,61.00,21.83,0.02,109,0
vda,35.20,12.80,0.01,64,0
vda,2.40,0.01,0.01,0,0
vda,1.40,0.00,0.01,0,0
vda,121.20,0.97,0.05,4,0
vda,9.20,0.04,0.02,0,0
vda,15.60,0.00,3.26,0,16
vda,8.40,0.00,3.86,0,19
vda,4.20,0.00,0.02,0,0
vda,4.00,0.00,0.02,0,0
vda,2.80,0.00,0.01,0,0
vda,5.00,0.03,0.00,0,0
vda,17.40,0.01,7.26,0,36
vda,18.20,0.01,0.07,0,0
vda,3.00,0.00,0.01,0,0
vda,4.20,0.00,0.02,0,0
vda,21.60,0.00,8.09,0,40
vda,13.40,0.00,9.83,0,49
vda,3.60,0.00,0.01,0,0
vda,1.80,0.00,0.01,0,0
vda,3.80,0.00,0.01,0,0
vda,0.00,0.00,0.00,0,0
vda,17.60,0.00,8.86,0,44
vda,14.20,0.04,10.94,0,54
vda,4.60,0.00,0.02,0,0
vda,2.60,0.00,0.01,0,0
vda,1.60,0.00,0.01,0,0
vda,0.00,0.00,0.00,0,0
vda,20.80,0.00,6.48,0,32
vda,12.80,0.00,9.79,0,48
vda,5.80,0.00,0.02,0,0
vda,4.40,0.00,0.02,0,0
vda,6.60,0.13,0.01,0,0
vda,8.40,0.00,0.04,0,0
vda,3.00,0.00,0.01,0,0
vda,12.20,0.00,7.19,0,35
vda,10.20,0.00,3.62,0,18
vda,9.20,0.00,5.53,0,27
vda,15.20,0.00,3.25,0,16
vda,26.40,0.00,18.28,0,91
vda,0.20,0.00,0.00,0,0
vda,28.00,0.11,0.09,0,0
vda,3.80,0.00,0.01,0,0
vda,4.20,0.00,0.02,0,0
vda,31.60,0.00,8.93,0,44
vda,16.20,0.00,10.88,0,54
vda,0.20,0.00,0.00,0,0
vda,0.80,0.00,0.00,0,0
vda,1.60,0.00,0.01,0,0
vda,0.00,0.00,0.00,0,0
vda,15.60,0.02,7.25,0,36
vda,15.20,0.07,9.08,0,45
vda,5.60,0.00,0.02,0,0
vda,0.00,0.00,0.00,0,0
vda,2.60,0.00,0.01,0,0
vda,1.60,0.00,0.01,0,0
vda,19.40,0.00,2.48,0,12
vda,9.40,0.00,6.43,0,32
vda,5.80,0.00,10.83,0,54
vda,4.19,0.00,0.02,0,0
vda,6.20,0.01,0.02,0,0
vda,2.40,0.00,0.01,0,0
vda,15.20,0.00,0.06,0,0
vda,12.40,0.00,0.09,0,0
vda,0.00,0.00,0.00,0,0
vda,27.20,0.00,6.48,0,32
vda,18.60,0.00,7.82,0,39
vda,3.60,0.00,0.01,0,0
vda,1.80,0.00,0.01,0,0
vda,4.60,0.02,0.01,0,0
vda,4.60,0.00,0.02,0,0
vda,28.00,0.00,8.89,0,44
vda,15.60,0.00,11.07,0,55
vda,3.80,0.00,0.01,0,0
vda,0.00,0.00,0.00,0,0
vda,1.80,0.00,0.01,0,0
vda,0.80,0.00,0.00,0,0
vda,0.00,0.00,0.00,0,0
vda,11.00,0.00,7.10,0,35
vda,12.20,0.06,3.67,0,18
vda,1.20,0.00,1.86,0,9
vda,2.20,0.00,0.01,0,0
vda,3.40,0.01,0.00,0,0
vda,8.20,0.00,0.03,0,0
vda,0.80,0.00,0.01,0,0
vda,1.20,0.00,0.00,0,0
vda,11.80,0.00,0.06,0,0
vda,0.00,0.00,0.00,0,0
vda,1.20,0.00,0.00,0,0
vda,1.40,0.00,0.01,0,0
vda,4.80,0.05,0.01,0,0
