vda,0.40,0.00,0.00,0,0
vda,1.80,0.00,0.01,0,0
vda,0.80,0.00,0.00,0,0
vda,0.00,0.00,0.00,0,0
vda,0.60,0.00,0.00,0,0
vda,0.80,0.00,0.01,0,0
vda,23.20,0.00,0.10,0,0
vda,316.00,3.95,0.01,19,0
vda,413.20,5.44,0.01,27,0
vda,159.20,4.11,0.03,20,0
vda,141.00,2.04,0.01,10,0
vda,12.20,0.03,0.05,0,0
vda,11.00,0.09,0.05,0,0
vda,10.40,0.00,0.06,0,0
vda,0.20,0.00,0.00,0,0
vda,8.20,0.00,0.03,0,0
vda,1.20,0.00,0.00,0,0
vda,0.60,0.00,0.01,0,0
vda,1.00,0.00,0.00,0,0
vda,1.60,0.00,0.01,0,0
vda,5.00,0.00,0.02,0,0
vda,0.00,0.00,0.00,0,0
