vda,0.20,0.00,0.00,0,0
vda,2.40,0.00,0.01,0,0
vda,1.80,0.00,0.01,0,0
vda,2.60,0.00,0.01,0,0
vda,25.60,0.00,0.11,0,0
vda,2.20,0.00,0.01,0,0
vda,2.40,0.00,0.01,0,0
vda,432.20,5.25,0.02,26,0
vda,428.60,5.42,0.02,27,0
vda,123.80,23.60,0.03,118,0
vda,23.00,6.43,0.02,32,0
vda,146.00,1.29,0.04,6,0
vda,1.40,0.01,0.00,0,0
vda,7.20,0.03,0.03,0,0
vda,11.40,0.00,0.09,0,0
vda,11.60,0.00,0.05,0,0
vda,5.60,0.00,0.02,0,0
vda,14.80,0.00,5.97,0,29
vda,23.00,0.09,0.03,0,0
vda,9.00,0.00,0.04,0,0
vda,5.20,0.00,0.02,0,0
vda,0.00,0.00,0.00,0,0
vda,10.60,0.00,0.04,0,0
vda,5.60,0.00,0.03,0,0
vda,23.40,0.00,0.13,0,0
vda,5.40,0.00,0.02,0,0
vda,5.20,0.00,0.02,0,0
vda,8.40,0.00,2.67,0,13
vda,10.80,0.00,0.70,0,3
vda,5.80,0.00,0.03,0,0
vda,4.20,0.00,0.02,0,0
vda,11.20,0.00,0.06,0,0
vda,7.20,0.00,0.03,0,0
vda,0.00,0.00,0.00,0,0
vda,3.00,0.08,0.01,0,0
vda,7.60,0.00,0.03,0,0
vda,9.00,0.00,0.04,0,0
vda,2.00,0.00,0.01,0,0
vda,8.00,0.00,0.04,0,0
vda,4.00,0.00,0.02,0,0
vda,0.20,0.00,0.00,0,0
vda,12.80,0.00,0.05,0,0
vda,0.00,0.00,0.00,0,0
vda,2.20,0.00,0.01,0,0
vda,3.80,0.00,0.02,0,0
vda,2.40,0.00,0.01,0,0
vda,2.20,0.00,0.01,0,0
vda,15.40,0.00,0.07,0,0
