vda,19.80,0.76,0.03,3,0
vda,17.40,1.13,0.00,5,0
vda,13.20,0.76,0.01,3,0
vda,27.20,1.13,0.23,5,1
vda,15.20,0.76,0.01,3,0
vda,110.00,0.43,0.43,2,2
vda,0.20,0.00,0.00,0,0
vda,7.00,0.00,0.03,0,0
vda,48.60,0.00,0.20,0,0
vda,86.00,0.40,0.41,2,2
vda,3.40,0.00,0.01,0,0
vda,7.80,0.38,0.01,1,0
vda,108.60,0.00,0.43,0,2
vda,4.60,0.00,0.02,0,0
vda,0.00,0.00,0.00,0,0
vda,15.20,0.03,0.25,0,1
vda,5.00,0.00,0.02,0,0
vda,99.40,0.00,0.45,0,2
vda,19.60,0.76,0.03,3,0
vda,14.00,0.79,0.01,3,0
vda,99.00,1.10,0.35,5,1
vda,19.40,0.76,0.03,3,0
vda,19.00,1.13,0.01,5,0
vda,140.20,0.76,0.55,3,2
vda,21.40,1.14,0.02,5,0
vda,14.80,0.76,0.01,3,0
vda,114.40,1.13,0.41,5,2
vda,24.80,0.76,0.25,3,1
vda,23.60,1.13,0.02,5,0
vda,12.80,0.76,0.01,3,0
vda,106.40,1.14,0.39,5,1
vda,8.60,0.38,0.01,1,0
vda,23.20,1.13,0.02,5,0
vda,133.20,0.76,0.51,3,2
vda,19.60,1.13,0.01,5,0
vda,15.40,0.76,0.01,3,0
vda,23.20,1.13,0.02,5,0
vda,14.20,0.76,0.01,3,0
vda,117.40,1.13,0.43,5,2
vda,30.40,0.76,0.27,3,1
vda,17.40,1.13,0.00,5,0
vda,14.60,0.76,0.01,3,0
vda,112.00,1.13,0.40,5,1
vda,16.00,0.76,0.01,3,0
vda,5.80,0.00,0.02,0,0
vda,134.60,0.00,0.54,0,2
vda,1.80,0.00,0.01,0,0
vda,0.20,0.00,0.00,0,0
