vda,4.00,0.07,0.01,0,0
vda,25.40,0.00,0.12,0,0
vda,3.60,0.00,0.01,0,0
vda,1.80,0.00,0.01,0,0
vda,2.00,0.00,0.01,0,0
vda,1.80,0.00,0.01,0,0
vda,1.80,0.00,0.01,0,0
vda,5.20,0.00,0.02,0,0
vda,2.20,0.00,0.01,0,0
vda,2.60,0.00,0.01,0,0
vda,4.20,0.00,0.02,0,0
vda,2.00,0.00,0.01,0,0
vda,281.60,3.38,0.07,16,0
vda,341.00,4.01,0.02,20,0
vda,295.60,9.15,0.02,45,0
vda,148.20,1.32,0.10,6,0
vda,14.00,0.09,0.05,0,0
vda,7.60,0.00,0.04,0,0
vda,0.00,0.00,0.00,0,0
vda,1.80,0.00,0.01,0,0
vda,2.40,0.00,0.01,0,0
vda,2.60,0.00,0.01,0,0
vda,8.80,0.00,0.04,0,0
vda,2.00,0.00,0.01,0,0
vda,1.80,0.00,0.01,0,0
vda,1.80,0.00,0.01,0,0
