vda,15.40,0.81,0.01,4,0
vda,18.60,1.13,0.00,5,0
vda,14.20,0.76,0.01,3,0
vda,18.80,1.13,0.01,5,0
vda,36.40,0.76,0.10,3,0
vda,17.20,1.13,0.00,5,0
vda,12.80,0.76,0.00,3,0
vda,21.80,1.13,0.02,5,0
vda,38.60,5.28,0.12,26,0
vda,41.80,9.56,0.01,47,0
vda,13.00,1.16,0.00,5,0
vda,20.00,1.13,0.01,5,0
vda,73.20,18.26,0.08,91,0
vda,43.00,9.74,0.01,48,0
vda,14.60,0.76,0.01,3,0
vda,26.60,1.13,2.59,5,12
vda,18.00,0.76,0.03,3,0
vda,20.60,1.13,0.01,5,0
vda,18.40,0.79,0.01,3,0
vda,23.60,1.13,0.02,5,0
vda,32.60,0.76,3.38,3,16
vda,35.20,1.13,4.01,5,20
vda,18.00,0.76,0.03,3,0
vda,16.80,0.76,0.02,3,0
vda,22.60,1.13,0.02,5,0
vda,17.40,0.76,0.02,3,0
vda,49.40,1.13,18.46,5,92
vda,19.40,0.76,0.03,3,0
vda,23.00,1.13,0.02,5,0
vda,15.60,0.76,0.01,3,0
vda,22.80,1.13,0.02,5,0
vda,11.60,0.76,0.00,3,0
vda,57.00,1.13,17.29,5,86
vda,19.60,0.76,0.03,3,0
vda,17.60,0.99,0.01,4,0
vda,8.60,0.52,0.00,2,0
vda,9.80,0.01,0.04,0,0
vda,2.00,0.00,0.01,0,0
vda,1.60,0.00,0.01,0,0
vda,7.60,0.00,0.05,0,0
vda,0.60,0.00,0.00,0,0
vda,0.40,0.00,0.00,0,0
vda,1.40,0.00,0.01,0,0
vda,7.20,0.00,0.03,0,0
