vda,1.20,0.00,0.01,0,0
vda,48.40,0.27,0.10,1,0
vda,4.60,0.07,0.01,0,0
vda,2.00,0.00,0.01,0,0
vda,13.80,0.00,0.06,0,0
vda,0.00,0.00,0.00,0,0
vda,1.80,0.00,0.01,0,0
vda,2.00,0.00,0.01,0,0
vda,1.80,0.00,0.01,0,0
vda,2.00,0.00,0.01,0,0
vda,2.99,0.00,0.01,0,0
vda,2.80,0.00,0.01,0,0
vda,269.40,3.33,0.03,16,0
vda,358.00,4.05,0.08,20,0
vda,268.40,3.61,0.02,18,0
vda,138.20,1.32,0.00,6,0
vda,4.80,0.00,0.02,0,0
vda,26.20,0.09,0.26,0,1
vda,6.60,0.00,0.03,0,0
vda,1.80,0.00,0.01,0,0
vda,0.00,0.00,0.00,0,0
vda,7.20,0.00,0.04,0,0
vda,4.00,0.00,0.02,0,0
vda,2.00,0.00,0.01,0,0
vda,1.80,0.00,0.01,0,0
vda,2.00,0.00,0.01,0,0
