vda,0.40,0.00,0.00,0,0
vda,2.60,0.00,0.01,0,0
vda,23.60,0.00,0.10,0,0
vda,3.20,0.00,0.01,0,0
vda,2.00,0.00,0.01,0,0
vda,1.80,0.00,0.01,0,0
vda,11.60,0.00,0.05,0,0
vda,463.60,5.64,0.02,28,0
vda,440.40,8.67,0.11,43,0
vda,46.00,8.16,0.03,40,0
vda,106.80,2.20,0.02,10,0
vda,54.20,0.35,0.55,1,2
vda,14.40,0.00,0.06,0,0
vda,11.20,0.00,0.04,0,0
vda,9.80,0.00,0.04,0,0
vda,8.80,0.09,0.05,0,0
vda,0.00,0.00,0.00,0,0
vda,2.59,0.00,0.01,0,0
vda,7.20,0.00,0.04,0,0
vda,1.80,0.00,0.01,0,0
vda,8.80,0.00,0.04,0,0
vda,2.20,0.00,0.01,0,0
vda,1.40,0.00,0.01,0,0
vda,2.20,0.00,0.01,0,0
vda,13.40,0.00,0.06,0,0
vda,0.00,0.00,0.00,0,0
vda,11.40,0.00,0.05,0,0
vda,0.00,0.00,0.00,0,0
vda,1.80,0.00,0.01,0,0
