vda,29.00,0.27,0.01,1,0
vda,36.33,0.07,0.15,0,0
vda,0.00,0.00,0.00,0,0
vda,2.00,0.00,0.01,0,0
vda,1.80,0.00,0.01,0,0
vda,1.80,0.00,0.01,0,0
vda,2.80,0.00,0.01,0,0
vda,453.80,5.53,0.02,27,0
vda,71.00,0.69,0.02,3,0
vda,368.40,4.83,0.00,24,0
vda,152.60,1.33,0.05,6,0
vda,6.60,0.00,0.03,0,0
vda,12.80,0.00,0.05,0,0
vda,10.40,0.00,0.06,0,0
vda,4.80,0.00,0.02,0,0
vda,5.80,0.09,0.05,0,0
vda,13.40,0.00,0.05,0,0
vda,1.80,0.00,0.01,0,0
vda,0.80,0.00,0.01,0,0
vda,2.00,0.00,0.01,0,0
vda,5.80,0.03,0.01,0,0
vda,2.40,0.00,0.01,0,0
vda,5.00,0.00,0.03,0,0
vda,0.00,0.00,0.00,0,0
vda,10.20,0.00,0.05,0,0
vda,2.40,0.00,0.01,0,0
vda,2.20,0.00,0.01,0,0
vda,1.80,0.00,0.01,0,0
vda,11.40,0.00,0.05,0,0
