vda,31.60,0.00,0.15,0,0
vda,1.60,0.00,0.01,0,0
vda,0.00,0.00,0.00,0,0
vda,1.40,0.00,0.01,0,0
vda,1.00,0.00,0.00,0,0
vda,0.00,0.00,0.00,0,0
vda,4.40,0.00,0.02,0,0
vda,4.60,0.00,0.02,0,0
vda,4.40,0.00,0.02,0,0
vda,2.80,0.00,0.02,0,0
vda,0.00,0.00,0.00,0,0
vda,0.60,0.00,0.00,0,0
vda,2.80,0.00,0.01,0,0
vda,12.60,0.00,0.07,0,0
vda,1.40,0.00,0.01,0,0
vda,6.40,0.00,0.08,0,0
vda,1.00,0.00,0.00,0,0
vda,0.00,0.00,0.00,0,0
vda,2.40,0.00,0.01,0,0
vda,1.00,0.00,0.01,0,0
vda,3.80,0.00,0.02,0,0
vda,5.20,0.00,0.02,0,0
vda,7.20,0.00,0.03,0,0
vda,1.00,0.00,0.00,0,0
vda,2.20,0.00,0.01,0,0
vda,4.40,0.00,0.02,0,0
vda,2.60,0.00,0.01,0,0
vda,4.20,0.00,0.03,0,0
vda,3.00,0.00,0.01,0,0
vda,15.20,0.00,4.13,0,20
vda,2.99,0.00,0.01,0,0
vda,3.60,0.00,0.01,0,0
vda,0.00,0.00,0.00,0,0
vda,3.00,0.00,0.01,0,0
vda,3.60,0.00,0.01,0,0
vda,3.80,0.00,0.02,0,0
vda,2.60,0.00,0.01,0,0
vda,6.00,0.00,2.77,0,13
vda,5.40,0.00,1.37,0,6
vda,3.80,0.00,0.01,0,0
vda,7.20,0.00,0.03,0,0
vda,3.60,0.00,0.02,0,0
vda,3.40,0.00,0.01,0,0
vda,1.20,0.00,2.75,0,13
vda,11.80,0.00,0.06,0,0
vda,11.40,0.00,1.40,0,7
vda,0.00,0.00,0.00,0,0
vda,3.40,0.00,0.02,0,0
vda,2.80,0.00,0.01,0,0
vda,1.20,0.00,2.75,0,13
vda,4.80,0.00,0.02,0,0
vda,10.20,0.00,0.04,0,0
vda,0.20,0.00,0.00,0,0
vda,2.60,0.00,0.02,0,0
vda,10.20,0.00,0.04,0,0
vda,6.00,0.00,2.77,0,13
vda,2.80,0.00,0.01,0,0
vda,1.00,0.00,1.36,0,6
vda,9.60,0.00,0.07,0,0
vda,4.00,0.00,0.02,0,0
vda,1.20,0.00,0.00,0,0
vda,8.80,0.00,1.43,0,7
vda,5.20,0.00,1.37,0,6
vda,3.00,0.00,1.36,0,6
vda,3.00,0.00,0.01,0,0
vda,2.00,0.00,0.01,0,0
vda,5.00,0.00,0.02,0,0
vda,6.60,0.00,0.03,0,0
vda,13.00,0.00,2.80,0,14
vda,4.00,0.00,1.37,0,6
vda,2.20,0.00,0.01,0,0
vda,1.20,0.00,0.01,0,0
vda,1.20,0.00,0.00,0,0
vda,1.80,0.00,0.01,0,0
vda,6.60,0.00,0.03,0,0
vda,2.60,0.00,2.75,0,13
vda,5.80,0.00,1.38,0,6
vda,3.80,0.00,0.02,0,0
vda,1.40,0.00,0.01,0,0
vda,1.40,0.00,0.01,0,0
vda,0.40,0.00,0.00,0,0
vda,5.20,0.00,2.77,0,13
vda,10.80,0.00,0.04,0,0
vda,4.00,0.00,1.37,0,6
vda,1.20,0.00,0.00,0,0
vda,3.00,0.00,0.01,0,0
vda,3.80,0.00,0.01,0,0
vda,0.20,0.00,0.00,0,0
vda,13.40,0.00,0.07,0,0
vda,1.20,0.00,0.00,0,0
vda,1.40,0.00,0.01,0,0
vda,1.20,0.00,0.00,0,0
vda,7.80,0.00,0.03,0,0
vda,6.40,0.00,0.04,0,0
vda,3.00,0.00,0.01,0,0
vda,11.20,0.00,0.05,0,0
vda,1.00,0.00,0.00,0,0
vda,0.00,0.00,0.00,0,0
vda,0.60,0.00,0.00,0,0
vda,0.00,0.00,0.00,0,0
vda,0.60,0.00,0.00,0,0
