vda,0.40,0.00,0.00,0,0
vda,1.60,0.00,0.01,0,0
vda,0.60,0.00,0.00,0,0
vda,0.80,0.00,0.00,0,0
vda,0.00,0.00,0.00,0,0
vda,1.60,0.00,0.01,0,0
vda,21.60,0.00,0.10,0,0
vda,415.20,5.03,0.03,25,0
vda,360.00,4.83,0.02,24,0
vda,137.80,4.43,0.01,22,0
vda,10.00,0.11,0.00,0,0
vda,2.80,0.00,0.02,0,0
vda,1.00,0.00,0.00,0,0
vda,5.60,0.00,0.03,0,0
vda,12.60,1.36,0.04,6,0
vda,26.60,9.55,0.06,47,0
vda,3.00,0.00,0.01,0,0
vda,4.60,0.81,0.01,4,0
vda,14.80,5.27,0.00,26,0
vda,134.40,1.28,0.00,6,0
vda,11.20,0.05,0.04,0,0
vda,4.20,0.00,0.02,0,0
vda,24.80,0.09,0.04,0,0
vda,17.00,0.00,0.08,0,0
vda,3.80,0.00,0.01,0,0
vda,0.00,0.00,0.00,0,0
vda,10.00,0.01,0.04,0,0
vda,5.80,0.00,0.73,0,3
vda,14.80,0.03,0.78,0,3
vda,2.20,0.00,0.74,0,3
vda,4.00,0.00,0.02,0,0
vda,21.00,0.27,0.05,1,0
vda,6.20,0.00,0.02,0,0
vda,17.20,0.00,0.08,0,0
vda,1.20,0.00,0.00,0,0
vda,9.60,0.00,0.07,0,0
vda,1.20,0.00,0.00,0,0
vda,0.40,0.00,0.00,0,0
vda,0.60,0.00,0.00,0,0
vda,1.00,0.00,0.00,0,0
