vda,0.60,0.00,0.00,0,0
vda,1.60,0.00,0.01,0,0
vda,0.80,0.00,0.00,0,0
vda,30.80,0.06,0.10,0,0
vda,29.80,0.27,0.01,1,0
vda,3.00,0.07,0.01,0,0
vda,10.80,0.21,0.01,1,0
vda,363.80,4.44,0.01,22,0
vda,183.40,2.09,0.01,10,0
vda,325.80,5.17,0.02,25,0
vda,104.00,31.02,0.03,155,0
vda,45.80,7.06,0.08,35,0
vda,49.20,17.73,0.01,88,0
vda,3.80,0.00,0.02,0,0
vda,1.00,0.00,0.00,0,0
vda,4.20,0.00,0.07,0,0
vda,2.40,0.40,0.00,2,0
vda,3.60,0.00,0.02,0,0
vda,2.40,0.00,0.01,0,0
vda,0.40,0.00,0.00,0,0
vda,1.20,0.00,0.00,0,0
vda,12.00,0.36,0.05,1,0
vda,8.80,2.85,0.00,14,0
vda,7.20,2.83,0.00,14,0
vda,15.20,4.03,0.02,20,0
vda,14.60,0.97,0.01,4,0
vda,128.80,1.12,0.01,5,0
vda,3.60,0.01,0.02,0,0
vda,4.20,0.01,0.01,0,0
vda,0.00,0.00,0.00,0,0
vda,10.40,0.00,0.04,0,0
vda,6.40,0.03,0.03,0,0
vda,4.40,0.01,0.01,0,0
vda,3.80,0.00,0.02,0,0
vda,3.60,0.00,2.68,0,13
vda,4.20,0.00,0.02,0,0
vda,1.00,0.00,2.68,0,13
vda,9.20,0.00,0.04,0,0
vda,5.60,0.00,0.05,0,0
vda,3.20,0.00,0.02,0,0
vda,13.60,0.00,0.06,0,0
vda,3.80,0.00,0.02,0,0
vda,0.00,0.00,0.00,0,0
vda,2.80,0.00,0.01,0,0
vda,4.00,0.00,0.02,0,0
vda,4.00,0.00,0.02,0,0
vda,5.40,0.00,0.04,0,0
vda,3.00,0.00,2.70,0,13
vda,5.20,0.00,2.72,0,13
vda,4.20,0.00,0.02,0,0
vda,8.80,0.00,0.04,0,0
vda,6.60,0.00,0.03,0,0
vda,1.60,0.00,0.01,0,0
vda,12.20,0.00,2.75,0,13
vda,0.00,0.00,0.00,0,0
vda,5.80,0.00,2.73,0,13
vda,3.00,0.00,0.01,0,0
vda,7.20,0.00,0.03,0,0
vda,8.38,0.00,0.03,0,0
vda,3.40,0.00,2.71,0,13
vda,10.20,0.00,2.75,0,13
vda,4.20,0.00,0.02,0,0
vda,2.40,0.00,0.01,0,0
vda,2.00,0.00,0.01,0,0
vda,2.20,0.00,0.01,0,0
vda,1.60,0.00,2.70,0,13
vda,5.20,0.00,2.73,0,13
vda,3.80,0.00,0.02,0,0
vda,5.60,0.00,0.03,0,0
vda,8.80,0.00,0.04,0,0
vda,1.20,0.00,0.00,0,0
vda,7.20,0.00,0.03,0,0
vda,3.60,0.00,0.01,0,0
vda,3.60,0.00,0.02,0,0
vda,0.00,0.00,0.00,0,0
vda,7.80,0.00,0.04,0,0
vda,5.40,0.00,0.02,0,0
vda,3.00,0.00,0.01,0,0
vda,0.00,0.00,0.00,0,0
vda,3.60,0.00,0.02,0,0
vda,2.00,0.00,0.01,0,0
vda,9.00,0.00,0.04,0,0
vda,5.20,0.00,0.03,0,0
vda,0.20,0.00,0.00,0,0
vda,8.80,0.00,0.03,0,0
vda,0.20,0.00,0.00,0,0
vda,1.20,0.00,0.00,0,0
vda,2.80,0.00,0.01,0,0
vda,4.80,0.00,0.02,0,0
vda,4.40,0.00,0.03,0,0
vda,1.00,0.00,0.00,0,0
vda,8.40,0.00,0.03,0,0
vda,1.20,0.08,0.00,0,0
vda,7.20,0.00,0.03,0,0
vda,1.20,0.00,0.00,0,0
vda,0.00,0.00,0.00,0,0
vda,6.20,0.00,0.03,0,0
vda,1.20,0.00,0.00,0,0
vda,0.00,0.00,0.00,0,0
vda,1.80,0.00,0.01,0,0
vda,1.00,0.00,0.00,0,0
vda,0.20,0.00,0.00,0,0
