3493956.0,67144.0,2984.0
3493956.0,67144.0,2984.0
3230178.4,114072.8,3548.0
2175068.0,301788.0,5804.0
2105631.2,324477.6,5818.4
1827884.0,415236.0,5876.0
1827884.0,415236.0,5876.0
1811521.3333,423528.8,5888.8
1705164.0,477432.0,5972.0
1702514.1333,480196.53333,5981.0666667
1665416.0,518900.0,6108.0
1665416.0,518900.0,6108.0
1665660.2667,518000.0,6118.1333333
1669080.0,505400.0,6260.0
1669080.0,505400.0,6260.0
1669080.0,505400.0,6260.0
1669080.0,505400.0,6260.0
1625005.3333,512828.26667,6345.3333333
1625005.3333,512828.26667,6345.3333333
1586440.0,519328.0,6420.0
1574619.7333,522104.8,6424.5333333
1409136.0,560980.0,6488.0
1409136.0,560980.0,6488.0
1437485.8667,531403.46667,6522.1333333
1437485.8667,531403.46667,6522.1333333
1462292.0,505524.0,6552.0
1449336.0,519376.0,6600.0
1449336.0,519376.0,6600.0
1449336.0,519376.0,6600.0
1462160.0,505548.0,6656.0
1462160.0,505548.0,6656.0
1569938.6667,503708.53333,6659.4666667
