3482895.2,3035458.1333,26747.733333
3328116.0,3035720.0,26752.0
3328116.0,3035720.0,26752.0
1458182.1333,3035876.0,26790.133333
1170500.0,3035900.0,26796.0
1170500.0,3035900.0,26796.0
805591.2,3143004.0,26824.8
714364.0,3169780.0,26832.0
642028.0,3254433.0667,26861.333333
615724.0,3285216.0,26872.0
615724.0,3285216.0,26872.0
621442.4,3285673.6,26929.6
622872.0,3285788.0,26944.0
622872.0,3285788.0,26944.0
479700.8,3408636.0,26992.0
443908.0,3439348.0,27004.0
343725.86667,3545628.5333,27039.2
307296.0,3584276.0,27052.0
307296.0,3584276.0,27052.0
524777.6,3345460.0,27103.2
579148.0,3285756.0,27116.0
579148.0,3285756.0,27116.0
482949.33333,3384442.1333,27151.2
447968.0,3420328.0,27164.0
261472.53333,3532938.6667,27202.133333
193656.0,3573888.0,27216.0
193656.0,3573888.0,27216.0
153866.66667,3624557.3333,27250.666667
133972.0,3649892.0,27268.0
133972.0,3649892.0,27268.0
391220.0,3381617.3333,27294.666667
519844.0,3247480.0,27308.0
460731.46667,3316744.8,27349.066667
439236.0,3341932.0,27364.0
439236.0,3341932.0,27364.0
3517930.6667,3003991.4667,27408.0
