3585772.0,42504.0,4612.0
3585772.0,42504.0,4612.0
2750398.6667,276182.66667,5242.6666667
1079652.0,743540.0,6504.0
1079652.0,743540.0,6504.0
709992.8,710234.4,6243.2
155504.0,660276.0,5852.0
134196.0,494295.73333,6113.3333333
109844.0,304604.0,6412.0
109844.0,304604.0,6412.0
127256.26667,319203.2,6441.8666667
147156.0,335888.0,6476.0
147156.0,335888.0,6476.0
180427.46667,295024.8,6511.4666667
218452.0,248324.0,6552.0
177480.8,284228.0,4988.8
116024.0,338084.0,2644.0
116024.0,338084.0,2644.0
115740.8,342800.8,2688.8
115316.0,349876.0,2756.0
115316.0,349876.0,2756.0
129081.33333,327812.0,2781.3333333
156612.0,283684.0,2832.0
149817.33333,289486.66667,2225.0666667
131132.0,305444.0,556.0
131132.0,305444.0,556.0
132695.73333,296918.13333,518.66666667
136996.0,273472.0,416.0
132951.2,277989.6,651.2
116772.0,296060.0,1592.0
116772.0,296060.0,1592.0
119027.2,291106.4,1840.0
128048.0,271292.0,2832.0
128048.0,271292.0,2832.0
127212.0,271771.2,2708.0
123868.0,273688.0,2212.0
172263.73333,219871.46667,1965.6
305352.0,71876.0,1288.0
305352.0,71876.0,1288.0
266700.8,109903.2,1301.6
112096.0,262012.0,1356.0
112096.0,262012.0,1356.0
115212.0,263300.8,1368.8
127676.0,268456.0,1420.0
125290.93333,271179.2,1187.4666667
118732.0,278668.0,548.0
118732.0,278668.0,548.0
123650.4,271581.06667,848.8
137176.0,252092.0,1676.0
137176.0,252092.0,1676.0
137176.0,252092.0,1676.0
137176.0,252092.0,1676.0
135937.06667,250463.2,1688.2666667
127884.0,239876.0,1768.0
127884.0,239876.0,1768.0
127884.0,239876.0,1768.0
127884.0,239876.0,1768.0
127884.0,239876.0,1768.0
124159.2,232332.53333,1322.1333333
124159.2,232332.53333,1322.1333333
352137.06667,212421.86667,967.46666667
3589456.0,26080.0,1464.0
3589456.0,26080.0,1464.0
