vda,1.20,0.00,0.00,0,0
vda,1.80,0.00,0.01,0,0
vda,0.00,0.00,0.00,0,0
vda,0.80,0.00,0.00,0,0
vda,1.40,0.00,0.01,0,0
vda,1.80,0.00,0.01,0,0
vda,22.00,0.00,0.10,0,0
vda,7.80,0.00,0.03,0,0
vda,4.20,0.00,0.02,0,0
vda,0.00,0.00,0.00,0,0
vda,7.00,0.00,0.10,0,0
vda,2.20,0.00,0.01,0,0
vda,4.80,1.20,0.01,6,0
vda,3.40,0.00,0.01,0,0
vda,2.80,0.00,0.01,0,0
vda,0.00,0.00,0.00,0,0
vda,1.60,0.00,0.01,0,0
vda,16.60,0.00,0.07,0,0
vda,1.80,0.00,0.01,0,0
vda,0.40,0.00,0.00,0,0
vda,2.60,0.00,0.01,0,0
vda,0.00,0.00,0.00,0,0
vda,11.40,0.00,0.05,0,0
vda,8.40,0.00,0.03,0,0
vda,10.20,0.00,0.07,0,0
vda,12.60,0.00,0.05,0,0
vda,9.80,0.00,0.04,0,0
vda,7.20,0.00,0.04,0,0
vda,8.40,0.00,0.04,0,0
vda,4.80,0.00,0.02,0,0
vda,7.20,0.00,0.03,0,0
vda,2.40,0.00,0.01,0,0
vda,9.20,0.00,0.05,0,0
vda,0.00,0.00,0.00,0,0
vda,1.00,0.00,0.01,0,0
vda,2.20,0.00,0.01,0,0
vda,8.60,0.00,0.03,0,0
vda,0.00,0.00,0.00,0,0
