vda,2.60,0.00,0.01,0,0
vda,21.60,0.00,0.09,0,0
vda,0.00,0.00,0.00,0,0
vda,1.40,0.00,0.01,0,0
vda,0.00,0.00,0.00,0,0
vda,13.20,0.00,0.05,0,0
vda,3.00,0.00,0.01,0,0
vda,0.00,0.00,0.00,0,0
vda,4.00,0.00,0.02,0,0
vda,0.00,0.00,0.00,0,0
vda,1.00,0.00,0.00,0,0
vda,0.00,0.00,0.00,0,0
vda,320.00,3.94,0.02,19,0
vda,202.20,2.25,0.01,11,0
vda,356.60,4.70,0.02,23,0
vda,167.80,1.41,0.17,7,0
vda,7.60,0.03,0.02,0,0
vda,8.00,0.01,0.02,0,0
vda,13.40,0.00,0.05,0,0
vda,6.60,0.00,0.03,0,0
vda,7.60,0.09,0.03,0,0
vda,7.60,0.00,0.03,0,0
vda,8.20,0.00,0.06,0,0
vda,0.20,0.00,0.00,0,0
vda,2.00,0.00,0.01,0,0
vda,1.00,0.00,0.00,0,0
vda,9.40,0.00,0.04,0,0
vda,1.20,0.00,0.00,0,0
vda,1.00,0.00,0.00,0,0
vda,0.00,0.00,0.00,0,0
