2502284.0,918944.0,16724.0
2400188.5333,929384.0,16737.866667
970852.0,1075544.0,16932.0
970852.0,1075544.0,16932.0
856247.73333,1112280.0,16939.466667
111320.0,1351064.0,16988.0
111320.0,1351064.0,16988.0
118661.06667,1349302.9333,16993.333333
221436.0,1324648.0,17068.0
220815.2,1323138.1333,17072.0
212124.0,1302000.0,17128.0
212124.0,1302000.0,17128.0
198224.26667,1314269.8667,17138.133333
107876.0,1394024.0,17204.0
107876.0,1394024.0,17204.0
108578.93333,1393174.9333,17160.266667
113148.0,1387656.0,16876.0
112838.13333,1387668.2667,16884.0
110824.0,1387748.0,16936.0
110824.0,1387748.0,16936.0
116852.0,1384939.2,16770.4
140964.0,1373704.0,16108.0
140964.0,1373704.0,16108.0
140348.8,1379081.6,16041.6
137888.0,1400592.0,15776.0
164845.86667,1373025.0667,15784.533333
340072.0,1193840.0,15840.0
340072.0,1193840.0,15840.0
335002.13333,1198428.2667,15844.266667
264024.0,1262664.0,15904.0
264024.0,1262664.0,15904.0
258812.26667,1267253.8667,15907.733333
185848.0,1331512.0,15960.0
199308.8,1317741.3333,15964.0
387760.0,1124952.0,16020.0
387760.0,1124952.0,16020.0
387760.0,1124952.0,16020.0
387760.0,1124952.0,16020.0
387760.0,1124952.0,16020.0
