vda,0.40,0.00,0.00,0,0
vda,33.20,0.34,0.02,1,0
vda,2.20,0.00,0.01,0,0
vda,0.80,0.00,0.01,0,0
vda,5.20,0.00,0.02,0,0
vda,1.80,0.00,0.01,0,0
vda,24.60,0.00,0.11,0,0
vda,0.00,0.00,0.00,0,0
vda,1.80,0.00,0.01,0,0
vda,3.00,0.00,0.01,0,0
vda,1.80,0.00,0.01,0,0
vda,12.60,0.00,0.05,0,0
vda,360.60,4.38,0.02,21,0
vda,163.20,1.84,0.02,9,0
vda,332.00,4.28,0.13,21,0
vda,73.80,0.91,0.02,4,0
vda,118.80,0.95,0.02,4,0
vda,11.40,0.00,0.04,0,0
vda,6.20,0.00,0.02,0,0
vda,9.80,0.00,0.04,0,0
vda,5.80,0.00,0.03,0,0
vda,9.40,0.09,0.09,0,0
vda,2.00,0.00,0.01,0,0
vda,0.00,0.00,0.00,0,0
vda,1.80,0.00,0.01,0,0
vda,1.80,0.00,0.01,0,0
vda,0.60,0.00,0.01,0,0
vda,2.40,0.00,0.01,0,0
vda,12.80,0.00,0.06,0,0
vda,1.80,0.00,0.01,0,0
