vda,0.80,0.00,0.01,0,0
vda,24.80,0.00,0.12,0,0
vda,2.00,0.00,0.01,0,0
vda,0.00,0.00,0.00,0,0
vda,2.60,0.00,0.02,0,0
vda,1.40,0.00,0.01,0,0
vda,10.20,0.00,0.05,0,0
vda,327.40,4.02,0.01,20,0
vda,352.00,3.75,0.07,18,0
vda,256.00,7.02,0.02,35,0
vda,145.60,1.96,0.01,9,0
vda,13.60,0.00,0.81,0,4
vda,15.00,0.00,0.06,0,0
vda,9.60,0.00,0.04,0,0
vda,7.00,0.09,0.03,0,0
vda,6.60,0.00,0.03,0,0
vda,1.00,0.00,0.00,0,0
vda,1.60,0.00,0.01,0,0
vda,8.00,0.00,0.08,0,0
vda,0.00,0.00,0.00,0,0
vda,0.80,0.00,0.00,0,0
vda,0.40,0.00,0.00,0,0
vda,8.40,0.00,0.03,0,0
vda,1.80,0.00,0.01,0,0
vda,2.00,0.00,0.01,0,0
vda,4.40,0.00,0.02,0,0
vda,1.20,0.00,0.00,0,0
vda,0.00,0.00,0.00,0,0
vda,0.60,0.00,0.00,0,0
