1001926.4,1197709.6,8439.2
920244.0,1198012.0,8468.0
920244.0,1198012.0,8468.0
600340.0,1277352.8,8512.8
520364.0,1297188.0,8524.0
467317.6,1297543.2,8575.2
454056.0,1297632.0,8588.0
454056.0,1297632.0,8588.0
442171.2,1298022.4,8652.0
439200.0,1298120.0,8668.0
439200.0,1298120.0,8668.0
420454.4,1298241.6,8725.6
415768.0,1298272.0,8740.0
413620.8,1298419.2,8794.4
413084.0,1298456.0,8808.0
413084.0,1298456.0,8808.0
413084.0,1298456.0,8808.0
413084.0,1298456.0,8808.0
413084.0,1298456.0,8808.0
1062937.3333,1192386.6667,8661.3333333
