vda,2.20,0.80,0.00,4,0
vda,5.20,1.22,0.01,6,0
vda,21.36,0.82,0.09,4,0
vda,4.80,1.23,0.01,6,0
vda,2.80,0.80,0.00,4,0
vda,3.00,1.20,0.00,6,0
vda,2.60,0.80,0.00,4,0
vda,7.40,0.83,0.02,4,0
vda,40.60,14.39,0.02,71,0
vda,46.20,15.40,0.03,77,0
vda,65.80,25.80,0.00,129,0
vda,65.40,26.00,0.00,130,0
vda,66.00,24.00,0.02,120,0
vda,53.40,19.18,0.02,95,0
vda,148.60,21.21,0.08,106,0
vda,24.40,4.76,0.01,23,0
vda,21.60,1.13,0.03,5,0
vda,14.40,0.76,0.01,3,0
vda,36.00,1.14,1.89,5,9
vda,23.60,0.76,3.35,3,16
vda,22.40,1.13,0.02,5,0
vda,34.00,0.76,0.09,3,0
vda,24.80,1.13,0.03,5,0
vda,17.80,0.76,0.02,3,0
vda,25.00,1.13,0.04,5,0
vda,23.60,0.76,0.11,3,0
vda,25.00,0.76,0.05,3,0
vda,6.80,0.00,0.94,0,4
vda,12.60,0.00,3.09,0,15
vda,11.20,0.00,3.40,0,16
vda,5.80,0.00,2.48,0,12
vda,14.80,0.00,0.06,0,0
vda,5.40,0.00,0.03,0,0
vda,1.20,0.00,0.00,0,0
vda,0.80,0.00,0.00,0,0
vda,0.00,0.00,0.00,0,0
vda,0.60,0.00,0.00,0,0
vda,1.80,0.00,0.01,0,0
vda,1.80,0.00,0.01,0,0
vda,2.80,0.42,0.00,2,0
