vda,84.00,0.77,0.15,3,0
vda,9.80,0.03,0.03,0,0
vda,6.40,0.00,0.03,0,0
vda,2.00,0.00,0.01,0,0
vda,1.80,0.00,0.01,0,0
vda,2.20,0.00,0.01,0,0
vda,3.80,0.00,0.02,0,0
vda,22.60,0.00,0.10,0,0
vda,2.40,0.00,0.01,0,0
vda,1.80,0.00,0.01,0,0
vda,1.80,0.00,0.01,0,0
vda,0.00,0.00,0.00,0,0
vda,353.60,4.35,0.01,21,0
vda,384.40,5.16,0.02,25,0
vda,163.80,7.94,0.02,39,0
vda,145.80,1.30,0.04,6,0
vda,7.60,0.03,0.02,0,0
vda,9.20,0.00,0.04,0,0
vda,8.80,0.00,0.06,0,0
vda,11.98,0.00,0.05,0,0
vda,8.20,0.00,0.08,0,0
vda,7.80,0.09,0.03,0,0
vda,1.80,0.00,0.01,0,0
vda,13.20,0.00,0.10,0,0
vda,3.00,0.00,0.01,0,0
vda,3.40,0.03,0.01,0,0
vda,13.20,0.00,0.06,0,0
vda,2.00,0.00,0.01,0,0
vda,0.00,0.00,0.00,0,0
vda,2.00,0.00,0.01,0,0
