4356256.0,3084140.0,20896.0
4291329.6,3066977.8667,20920.266667
4217128.0,3047364.0,20948.0
2847870.1333,3114606.9333,20966.666667
1283004.0,3191456.0,20988.0
1283004.0,3191456.0,20988.0
672277.6,3312868.2667,21020.0
137892.0,3419104.0,21048.0
137892.0,3419104.0,21048.0
208264.26667,3243886.9333,21084.266667
269840.0,3090572.0,21116.0
213963.2,3178716.8,21156.8
176712.0,3237480.0,21184.0
176712.0,3237480.0,21184.0
154132.8,3252611.7333,21213.866667
134376.0,3265852.0,21240.0
141945.33333,3250116.0,21269.866667
150596.0,3232132.0,21304.0
150596.0,3232132.0,21304.0
2363824.2667,2912416.8,21335.733333
4893228.0,2547028.0,21372.0
