vda,41.20,0.00,188.00,0,940
vda,34.00,0.00,176.80,0,884
vda,19.80,0.00,189.60,0,948
vda,6.40,0.00,25.60,0,128
vda,27.60,0.00,138.40,0,692
vda,44.60,0.80,192.80,4,964
vda,0.80,0.00,45.51,0,228
vda,10.60,0.00,42.40,0,212
vda,36.80,0.00,183.20,0,916
vda,32.80,1.60,138.40,8,692
vda,48.40,0.00,249.60,0,1248
vda,43.80,0.00,218.40,0,1092
vda,21.00,1.60,113.60,8,568
vda,16.20,0.00,106.40,0,532
vda,45.20,0.00,446.40,0,2232
vda,2.40,0.00,23.20,0,116
vda,4.60,0.00,54.40,0,272
vda,37.20,33.60,152.00,168,760
vda,20.80,0.00,86.40,0,432
vda,24.80,2.40,112.00,12,560
vda,24.60,0.00,141.60,0,708
vda,33.40,0.80,140.00,4,700
vda,19.40,0.00,131.20,0,656
vda,10.00,0.00,78.40,0,392
vda,49.00,0.00,608.80,0,3044
vda,29.20,0.00,121.60,0,608
vda,41.20,0.00,187.20,0,936
vda,23.00,0.00,101.60,0,508
vda,42.80,0.00,210.40,0,1052
vda,12.60,0.00,54.40,0,272
vda,29.20,0.80,134.40,4,672
vda,38.60,0.00,187.20,0,936
vda,37.80,0.00,431.20,0,2156
vda,39.40,1.60,276.80,8,1384
vda,17.60,0.00,107.20,0,536
vda,50.80,5.60,245.60,28,1228
vda,28.80,0.00,121.60,0,608
vda,47.40,0.00,225.60,0,1128
vda,12.40,0.00,52.00,0,260
vda,0.80,0.00,80.80,0,404
vda,37.60,2.40,191.20,12,956
vda,30.20,0.00,360.00,0,1800
vda,18.40,5.60,117.60,28,588
vda,50.60,0.00,246.40,0,1232
