vda,50.80,1.24,0.13,6,0
vda,16.60,0.76,0.02,3,0
vda,18.00,1.13,0.00,5,0
vda,11.60,0.76,0.00,3,0
vda,12.60,0.76,0.01,3,0
vda,18.80,1.13,0.00,5,0
vda,13.40,0.76,0.01,3,0
vda,190.00,3.22,0.02,16,0
vda,212.60,12.43,0.04,62,0
vda,69.00,18.43,0.01,92,0
vda,40.80,6.26,0.12,31,0
vda,17.80,1.14,0.00,5,0
vda,14.20,0.76,0.01,3,0
vda,25.20,1.13,0.04,5,0
vda,13.80,0.76,0.01,3,0
vda,21.80,1.16,0.02,5,0
vda,17.40,0.78,0.02,3,0
vda,21.00,1.14,0.01,5,0
vda,16.80,0.76,0.02,3,0
vda,24.00,1.13,0.03,5,0
vda,44.60,0.76,14.52,3,72
vda,31.00,1.13,0.05,5,0
vda,17.20,0.76,0.02,3,0
vda,22.40,1.13,0.02,5,0
vda,17.40,0.76,0.02,3,0
vda,23.00,1.13,0.02,5,0
vda,35.60,0.76,10.02,3,50
vda,23.00,0.77,7.31,3,36
vda,25.20,1.13,0.03,5,0
vda,17.00,0.76,0.02,3,0
vda,22.40,1.13,0.02,5,0
vda,15.00,0.76,0.01,3,0
vda,24.00,1.13,0.03,5,0
vda,37.20,0.76,5.40,3,27
vda,21.20,1.13,2.65,5,13
vda,23.75,0.76,0.05,3,0
vda,18.40,1.13,0.00,5,0
vda,11.60,0.76,0.00,3,0
vda,19.00,1.13,0.01,5,0
vda,12.40,0.76,0.00,3,0
vda,23.80,1.13,0.04,5,0
vda,12.80,0.76,0.00,3,0
vda,25.20,1.13,0.03,5,0
vda,11.40,0.76,0.00,3,0
