vda,3.00,0.00,0.01,0,0
vda,20.80,0.00,0.09,0,0
vda,2.20,0.00,0.01,0,0
vda,0.00,0.00,0.00,0,0
vda,5.20,0.00,0.03,0,0
vda,2.60,0.00,0.01,0,0
vda,1.80,0.00,0.01,0,0
vda,0.00,0.00,0.00,0,0
vda,13.80,0.00,0.06,0,0
vda,2.40,0.00,0.01,0,0
vda,1.80,0.00,0.01,0,0
vda,2.00,0.00,0.01,0,0
vda,380.24,4.66,0.00,23,0
vda,157.80,1.76,0.02,8,0
vda,345.20,4.59,0.02,22,0
vda,27.60,0.18,0.08,0,0
vda,137.00,1.16,0.03,5,0
vda,0.00,0.00,0.00,0,0
vda,7.00,0.00,0.03,0,0
vda,12.80,0.00,0.06,0,0
vda,7.60,0.00,0.08,0,0
vda,6.60,0.09,0.02,0,0
vda,7.40,0.00,0.06,0,0
vda,9.00,0.00,0.04,0,0
vda,0.00,0.00,0.00,0,0
vda,1.80,0.00,0.01,0,0
vda,3.00,0.00,0.01,0,0
vda,4.40,0.00,0.02,0,0
vda,2.20,0.00,0.01,0,0
vda,4.00,0.00,0.02,0,0
