vda,4.00,1.21,0.00,6,0
vda,4.40,0.80,0.01,4,0
vda,3.60,1.20,0.00,6,0
vda,4.00,0.80,0.01,4,0
vda,19.80,1.13,0.01,5,0
vda,11.60,0.76,0.00,3,0
vda,29.40,1.13,0.06,5,0
vda,37.60,2.74,0.01,13,0
vda,326.80,4.36,0.02,21,0
vda,326.00,5.57,0.02,27,0
vda,88.60,26.10,0.01,130,0
vda,145.60,14.87,0.01,74,0
vda,130.80,16.53,0.02,82,0
vda,76.80,23.43,0.01,117,0
vda,108.20,1.71,0.01,8,0
vda,70.60,1.51,0.10,7,0
vda,17.80,0.76,0.03,3,0
vda,10.00,1.22,0.03,6,0
vda,32.80,0.83,4.73,4,23
vda,16.60,1.23,0.05,6,0
vda,8.60,0.80,0.03,4,0
vda,8.40,1.20,0.02,6,0
vda,10.00,0.86,0.04,4,0
vda,10.40,1.23,0.03,6,0
vda,2.40,0.80,0.01,4,0
vda,10.60,1.20,0.05,6,0
vda,3.00,0.80,0.00,4,0
vda,3.00,1.20,0.00,6,0
vda,8.80,0.80,0.03,4,0
vda,5.00,1.20,0.01,6,0
vda,2.80,0.82,0.01,4,0
vda,3.60,0.83,0.01,4,0
