vda,1.20,0.00,0.01,0,0
vda,28.80,0.00,0.13,0,0
vda,2.80,0.00,0.01,0,0
vda,2.00,0.00,0.01,0,0
vda,4.60,0.00,0.02,0,0
vda,2.00,0.00,0.01,0,0
vda,1.00,0.00,0.01,0,0
vda,2.40,0.00,0.01,0,0
vda,4.00,0.00,0.02,0,0
vda,2.00,0.00,0.01,0,0
vda,9.00,0.00,0.04,0,0
vda,1.80,0.00,0.01,0,0
vda,286.60,3.63,0.00,18,0
vda,226.20,2.55,0.03,12,0
vda,242.20,3.47,0.01,17,0
vda,270.20,2.65,0.05,13,0
vda,11.00,0.04,0.03,0,0
vda,15.20,0.00,0.06,0,0
vda,8.80,0.09,0.04,0,0
vda,14.80,0.00,0.09,0,0
vda,3.20,0.00,0.01,0,0
vda,2.20,0.00,0.01,0,0
vda,2.40,0.00,0.01,0,0
vda,2.00,0.00,0.01,0,0
vda,0.00,0.00,0.00,0,0
vda,2.60,0.00,0.01,0,0
vda,4.20,0.00,0.02,0,0
