2682712.0,858256.0,25972.0
2682712.0,858256.0,25972.0
1490688.2667,860523.2,26138.4
1307300.0,860872.0,26164.0
1307300.0,860872.0,26164.0
1302491.7333,866245.33333,26205.6
1301752.0,867072.0,26212.0
1301752.0,867072.0,26212.0
1369202.9333,870680.8,26250.133333
1379580.0,871236.0,26256.0
1239266.4,896443.46667,26308.266667
1229244.0,898244.0,26312.0
1229244.0,898244.0,26312.0
1026001.3333,923892.0,26364.266667
1011484.0,925724.0,26368.0
1011484.0,925724.0,26368.0
1034283.4667,900673.33333,26420.266667
1035912.0,898884.0,26424.0
1031900.8,900728.53333,26428.8
975744.0,926552.0,26496.0
948441.6,941363.73333,26521.6
948441.6,941363.73333,26521.6
924552.0,954324.0,26544.0
924552.0,954324.0,26544.0
884048.0,982016.0,26592.0
884048.0,982016.0,26592.0
884048.0,982016.0,26592.0
908676.0,926740.0,26648.0
908676.0,926740.0,26648.0
908504.0,954432.0,26704.0
908504.0,954432.0,26704.0
908504.0,954432.0,26704.0
869248.0,982172.0,26760.0
869248.0,982172.0,26760.0
815771.73333,1008070.1333,26804.8
811952.0,1009920.0,26808.0
811952.0,1009920.0,26808.0
940001.6,906581.33333,26860.266667
949148.0,899200.0,26864.0
949148.0,899200.0,26864.0
