vda,0.60,0.00,0.00,0,0
vda,1.00,0.00,0.00,0,0
vda,20.20,0.00,0.10,0,0
vda,1.60,0.00,0.01,0,0
vda,0.80,0.00,0.00,0,0
vda,2.00,0.00,0.01,0,0
vda,1.00,0.00,0.00,0,0
vda,303.00,3.80,0.03,18,0
vda,467.60,6.00,0.01,30,0
vda,141.40,1.54,0.02,7,0
vda,33.40,0.41,0.01,2,0
vda,112.60,0.92,0.02,4,0
vda,11.20,0.00,0.04,0,0
vda,7.20,0.00,0.03,0,0
vda,12.40,0.09,0.08,0,0
vda,10.40,0.00,0.04,0,0
vda,0.00,0.00,0.00,0,0
vda,0.60,0.00,0.00,0,0
vda,1.40,0.00,0.01,0,0
vda,0.60,0.00,0.01,0,0
vda,1.80,0.00,0.01,0,0
vda,15.40,0.00,0.06,0,0
vda,1.20,0.00,0.00,0,0
