vda,0.60,0.00,0.00,0,0
vda,23.80,0.00,0.11,0,0
vda,31.00,0.27,0.01,1,0
vda,4.00,0.07,0.01,0,0
vda,2.00,0.00,0.01,0,0
vda,1.80,0.00,0.01,0,0
vda,0.00,0.00,0.00,0,0
vda,2.60,0.00,0.01,0,0
vda,2.40,0.00,0.01,0,0
vda,10.60,0.00,0.04,0,0
vda,1.80,0.00,0.01,0,0
vda,1.80,0.00,0.01,0,0
vda,373.60,4.59,0.02,22,0
vda,368.60,4.91,0.03,24,0
vda,167.00,8.31,0.02,41,0
vda,139.40,1.28,0.02,6,0
vda,13.00,0.04,0.05,0,0
vda,11.60,0.00,0.05,0,0
vda,7.00,0.00,0.03,0,0
vda,28.40,0.00,4.01,0,20
vda,4.00,0.00,0.02,0,0
vda,1.80,0.09,0.00,0,0
vda,6.40,0.00,0.03,0,0
vda,2.40,0.00,0.01,0,0
vda,2.00,0.00,0.01,0,0
vda,15.20,0.00,0.08,0,0
vda,2.60,0.00,0.01,0,0
vda,2.00,0.00,0.01,0,0
vda,4.80,0.00,0.02,0,0
vda,2.00,0.00,0.01,0,0
