vda,0.20,0.00,0.00,0,0
vda,2.20,0.00,0.01,0,0
vda,2.40,0.00,0.01,0,0
vda,2.00,0.00,0.01,0,0
vda,3.20,0.00,0.01,0,0
vda,1.60,0.00,0.01,0,0
vda,27.20,0.02,0.11,0,0
vda,3.20,0.00,0.01,0,0
vda,27.80,8.00,0.04,40,0
vda,73.40,8.58,0.01,42,0
vda,130.60,8.32,0.01,41,0
vda,8.80,0.00,0.04,0,0
vda,0.20,0.00,0.00,0,0
vda,4.00,0.00,0.03,0,0
vda,6.40,0.00,0.09,0,0
vda,5.60,0.00,0.02,0,0
vda,7.80,0.02,0.03,0,0
vda,0.00,0.00,0.00,0,0
vda,18.40,0.00,3.28,0,16
vda,5.00,0.00,3.71,0,18
vda,4.40,0.00,0.02,0,0
vda,3.60,0.00,0.01,0,0
vda,2.40,0.00,0.01,0,0
vda,4.60,0.00,0.02,0,0
vda,11.40,0.00,5.64,0,28
vda,12.40,0.00,6.45,0,32
vda,6.60,0.01,0.02,0,0
vda,2.60,0.00,0.01,0,0
vda,3.60,0.00,0.01,0,0
vda,3.80,0.00,0.01,0,0
vda,1.00,0.00,0.01,0,0
vda,10.80,0.00,0.06,0,0
vda,15.40,0.00,3.54,0,17
vda,9.80,0.00,3.50,0,17
vda,6.20,0.04,3.41,0,17
vda,6.00,0.00,0.02,0,0
vda,17.00,0.00,0.07,0,0
vda,0.20,0.00,0.00,0,0
vda,9.00,0.00,3.53,0,17
vda,6.00,0.00,0.02,0,0
vda,3.80,0.00,3.49,0,17
vda,7.00,0.00,3.51,0,17
vda,5.40,0.00,3.42,0,17
vda,5.20,0.00,0.02,0,0
vda,8.40,0.00,1.75,0,8
vda,14.20,0.04,0.06,0,0
vda,10.00,0.00,3.51,0,17
vda,4.60,0.00,0.02,0,0
vda,8.00,0.00,3.51,0,17
vda,3.00,0.00,3.49,0,17
vda,6.00,0.00,1.72,0,8
vda,14.00,0.00,1.75,0,8
vda,3.00,0.00,0.01,0,0
vda,16.20,0.00,3.55,0,17
vda,5.80,0.00,0.03,0,0
vda,11.00,0.00,3.50,0,17
vda,11.00,0.00,3.51,0,17
vda,0.00,0.00,0.00,0,0
vda,8.60,0.00,3.41,0,17
vda,5.20,0.00,0.02,0,0
vda,17.00,0.00,0.08,0,0
vda,11.00,0.00,1.64,0,8
vda,13.40,0.00,2.75,0,13
vda,3.00,0.00,2.68,0,13
vda,5.60,0.00,0.82,0,4
vda,8.80,0.02,4.31,0,21
vda,7.40,0.00,1.83,0,9
vda,5.20,0.00,0.04,0,0
vda,4.00,0.00,0.02,0,0
vda,4.80,0.00,0.81,0,4
vda,9.20,0.00,2.71,0,13
vda,8.00,0.00,1.75,0,8
vda,11.20,0.00,1.78,0,8
vda,13.20,0.00,3.52,0,17
vda,16.40,0.00,3.45,0,17
vda,4.40,0.00,0.02,0,0
vda,5.40,0.02,0.02,0,0
vda,8.20,0.00,3.52,0,17
vda,0.00,0.00,0.00,0,0
vda,8.00,0.00,3.51,0,17
vda,8.00,0.00,3.51,0,17
vda,5.20,0.00,3.41,0,17
vda,7.60,0.00,0.03,0,0
vda,17.20,0.00,0.07,0,0
vda,2.40,0.00,0.01,0,0
vda,4.00,0.00,3.51,0,17
vda,17.80,0.27,3.51,1,17
vda,2.80,0.00,0.01,0,0
vda,6.40,0.00,3.51,0,17
vda,11.40,0.00,3.44,0,17
vda,2.80,0.00,0.01,0,0
vda,5.40,0.00,0.03,0,0
vda,5.20,0.00,3.52,0,17
vda,32.40,0.00,0.13,0,0
vda,2.60,0.00,3.48,0,17
vda,4.40,0.00,3.50,0,17
vda,9.20,0.00,0.06,0,0
vda,7.20,0.00,3.42,0,17
vda,1.80,0.00,0.01,0,0
vda,0.40,0.00,0.00,0,0
vda,8.00,0.00,0.03,0,0
vda,1.80,0.00,0.01,0,0
vda,9.00,0.00,0.04,0,0
vda,6.40,0.00,0.04,0,0
vda,2.00,0.00,0.01,0,0
vda,5.60,0.00,0.02,0,0
vda,2.00,0.01,0.01,0,0
vda,1.80,0.00,0.01,0,0
