vda,0.60,0.00,0.00,0,0
vda,2.40,0.00,0.01,0,0
vda,2.00,0.00,0.01,0,0
vda,33.00,0.34,0.02,1,0
vda,2.00,0.00,0.01,0,0
vda,0.80,0.00,0.01,0,0
vda,27.40,0.00,0.12,0,0
vda,421.20,5.14,0.02,25,0
vda,450.40,5.73,0.02,28,0
vda,85.40,16.82,0.02,84,0
vda,12.40,0.12,0.02,0,0
vda,151.00,1.27,0.02,6,0
vda,7.60,0.03,0.02,0,0
vda,5.80,0.00,0.02,0,0
vda,18.80,0.00,0.09,0,0
vda,8.00,0.00,0.08,0,0
vda,9.80,0.00,0.04,0,0
vda,20.40,0.00,0.09,0,0
vda,6.20,0.00,0.02,0,0
vda,7.80,0.00,0.03,0,0
vda,13.00,0.00,0.05,0,0
vda,15.00,0.09,0.11,0,0
vda,2.00,0.00,0.01,0,0
vda,3.00,0.00,0.01,0,0
vda,0.00,0.00,0.00,0,0
vda,2.00,0.00,0.01,0,0
vda,1.80,0.00,0.01,0,0
vda,9.00,0.00,0.04,0,0
vda,6.80,0.00,0.03,0,0
vda,3.00,0.00,0.01,0,0
vda,1.80,0.00,0.01,0,0
vda,2.40,0.00,0.01,0,0
vda,2.20,0.00,0.01,0,0
vda,1.80,0.00,0.01,0,0
vda,2.40,0.00,0.01,0,0
