vda,35.20,0.00,236.00,0,1180
vda,58.80,0.00,256.00,0,1280
vda,48.40,0.00,204.00,0,1020
vda,55.80,0.00,231.20,0,1156
vda,32.60,0.00,184.00,0,920
vda,3.80,4.00,14.40,20,72
vda,17.60,589.60,6.40,2948,32
vda,8.80,4.00,79.20,20,396
vda,11.20,0.00,73.60,0,368
vda,3.00,0.80,15.20,4,76
vda,53.40,0.00,261.60,0,1308
vda,38.60,0.00,192.80,0,964
vda,51.00,0.00,226.40,0,1132
vda,29.40,0.00,165.60,0,828
vda,14.80,0.00,112.80,0,564
vda,53.20,0.00,642.40,0,3212
vda,6.80,0.00,41.60,0,208
vda,0.40,0.00,19.20,0,96
vda,0.00,0.00,0.00,0,0
vda,37.20,0.00,185.60,0,928
vda,30.20,0.00,135.20,0,676
vda,23.20,0.00,112.00,0,560
vda,11.20,0.00,96.00,0,480
vda,13.20,0.00,88.80,0,444
vda,21.20,0.00,124.00,0,620
vda,46.80,0.00,1026.40,0,5132
vda,10.80,0.00,512.80,0,2564
vda,7.40,0.80,35.20,4,176
vda,4.00,0.00,47.20,0,236
vda,60.60,0.00,252.00,0,1260
vda,57.80,0.80,267.20,4,1336
vda,50.00,0.80,225.60,4,1128
vda,33.80,0.00,152.80,0,764
vda,3.60,0.80,14.40,4,72
