vda,3.40,0.00,0.01,0,0
vda,1.00,0.00,0.00,0,0
vda,0.00,0.00,0.00,0,0
vda,0.60,0.00,0.00,0,0
vda,0.80,0.00,0.01,0,0
vda,20.20,0.00,0.10,0,0
vda,2.60,0.00,0.01,0,0
vda,0.80,0.00,0.00,0,0
vda,4.80,0.22,0.00,1,0
vda,34.80,1.23,0.03,6,0
vda,78.20,20.93,0.03,104,0
vda,56.60,16.33,0.00,81,0
vda,58.60,18.36,0.01,91,0
vda,91.00,26.73,0.04,133,0
vda,78.40,26.36,0.01,131,0
vda,332.00,21.19,0.11,105,0
vda,313.00,20.03,0.02,100,0
vda,175.20,11.34,0.00,56,0
vda,20.60,0.78,0.03,3,0
vda,24.00,1.13,0.03,5,0
vda,18.00,0.76,0.03,3,0
vda,18.60,0.76,0.03,3,0
vda,31.20,1.13,0.08,5,0
vda,18.40,0.76,0.03,3,0
vda,31.60,1.13,0.06,5,0
vda,25.20,0.76,1.28,3,6
vda,30.40,1.13,1.43,5,7
vda,21.60,0.76,1.12,3,5
vda,32.60,1.13,1.92,5,9
vda,37.20,0.76,0.16,3,0
vda,23.00,1.13,0.02,5,0
vda,11.60,0.76,0.00,3,0
vda,18.00,1.13,0.00,5,0
vda,19.20,0.76,0.04,3,0
vda,18.40,1.13,0.00,5,0
vda,13.20,0.76,0.01,3,0
vda,17.60,1.13,0.00,5,0
vda,20.40,0.78,0.03,3,0
