vda,3.60,0.00,0.01,0,0
vda,2.60,0.01,0.00,0,0
vda,2.60,0.02,0.01,0,0
vda,1.00,0.00,0.00,0,0
vda,1.60,0.00,0.01,0,0
vda,0.60,0.00,0.00,0,0
vda,14.20,0.00,0.07,0,0
vda,355.20,6.60,0.01,33,0
vda,271.80,3.30,0.02,16,0
vda,296.40,18.36,0.02,91,0
vda,59.20,18.06,0.01,90,0
vda,69.80,23.66,0.03,118,0
vda,87.20,27.09,0.02,135,0
vda,79.20,28.53,0.02,142,0
vda,63.20,23.35,0.01,116,0
vda,75.60,27.46,0.06,137,0
vda,68.60,25.78,0.01,128,0
vda,75.40,27.85,0.01,139,0
vda,69.40,24.35,0.05,121,0
vda,79.80,27.60,0.04,137,0
vda,67.20,25.40,0.01,127,0
vda,67.40,24.60,0.01,123,0
vda,69.20,26.60,0.00,133,0
vda,69.40,26.21,0.00,131,0
vda,71.00,26.63,0.01,133,0
vda,72.40,26.18,0.03,130,0
vda,71.00,26.21,0.01,131,0
vda,79.00,27.80,0.03,138,0
vda,73.60,27.81,0.01,139,0
vda,67.80,26.20,0.00,131,0
vda,73.80,27.01,0.01,135,0
vda,75.20,26.70,0.01,133,0
vda,74.80,25.82,0.03,129,0
vda,79.00,28.96,0.01,144,0
vda,68.20,25.51,0.01,127,0
vda,74.60,28.52,0.00,142,0
vda,84.40,30.77,0.02,153,0
vda,63.00,23.35,0.01,116,0
vda,84.80,29.25,0.03,146,0
vda,66.60,24.76,0.02,123,0
vda,70.40,27.01,0.00,135,0
vda,73.00,27.41,0.01,137,0
vda,11.40,1.32,0.02,6,0
vda,1.80,0.00,0.01,0,0
vda,1.00,0.00,0.00,0,0
vda,0.00,0.00,0.00,0,0
vda,2.40,0.00,0.01,0,0
vda,0.00,0.00,0.00,0,0
vda,20.20,0.16,0.04,0,0
vda,3.00,0.00,0.01,0,0
vda,5.80,0.03,0.00,0,0
vda,138.00,1.15,0.01,5,0
vda,11.00,0.16,0.02,0,0
vda,3.20,0.03,0.01,0,0
vda,6.40,0.00,0.03,0,0
vda,34.20,0.00,24.02,0,120
vda,5.40,0.00,0.02,0,0
vda,4.80,0.00,0.02,0,0
vda,19.40,0.00,7.85,0,39
vda,11.40,0.00,16.85,0,84
vda,5.60,0.03,0.02,0,0
vda,3.60,0.00,0.01,0,0
vda,16.60,0.05,6.41,0,32
vda,23.00,0.09,20.93,0,104
vda,5.00,0.00,0.02,0,0
vda,3.80,0.00,0.01,0,0
vda,32.80,0.00,25.06,0,125
vda,4.00,0.00,0.02,0,0
vda,3.60,0.00,0.01,0,0
vda,27.00,0.00,25.60,0,128
vda,4.00,0.00,0.02,0,0
vda,0.20,0.00,0.00,0,0
vda,7.00,0.06,0.02,0,0
vda,1.00,0.00,0.00,0,0
vda,0.00,0.00,0.00,0,0
vda,10.20,0.05,0.46,0,2
vda,14.80,0.00,6.48,0,32
vda,12.00,0.02,7.43,0,37
vda,8.80,0.00,2.19,0,10
vda,1.00,0.00,0.00,0,0
vda,2.20,0.04,0.00,0,0
vda,79.60,0.00,96.03,0,480
vda,29.00,0.00,45.42,0,227
vda,10.80,0.00,0.04,0,0
vda,29.20,0.00,17.18,0,85
vda,8.60,0.00,4.33,0,21
vda,4.60,0.00,0.02,0,0
vda,24.60,0.00,21.40,0,106
vda,4.00,0.00,0.02,0,0
vda,3.80,0.00,0.01,0,0
vda,34.20,0.00,21.39,0,106
vda,12.60,0.15,0.03,0,0
vda,37.00,0.00,19.25,0,96
vda,6.60,0.00,2.08,0,10
vda,4.00,0.00,0.02,0,0
vda,33.60,0.34,21.07,1,105
vda,0.20,0.00,0.00,0,0
vda,4.00,0.00,0.02,0,0
vda,21.00,0.00,21.25,0,106
vda,7.00,0.00,0.03,0,0
vda,3.60,0.00,0.01,0,0
vda,0.80,0.00,0.00,0,0
vda,3.60,0.01,0.01,0,0
vda,1.20,0.00,0.00,0,0
vda,2.20,0.00,0.94,0,4
vda,7.60,0.00,6.49,0,32
vda,11.60,0.00,7.57,0,37
vda,3.40,0.00,0.01,0,0
vda,16.60,0.00,6.50,0,32
vda,12.60,0.00,14.30,0,71
vda,4.40,0.00,0.02,0,0
vda,28.20,0.00,20.67,0,103
vda,6.80,0.00,0.03,0,0
vda,29.60,0.02,12.56,0,62
vda,15.80,0.00,6.28,0,31
vda,8.80,0.00,2.17,0,10
vda,37.00,0.00,17.14,0,85
vda,17.60,0.00,4.32,0,21
vda,4.40,0.00,0.02,0,0
vda,39.20,0.00,14.88,0,74
vda,18.40,0.00,6.53,0,32
vda,9.00,0.00,2.19,0,10
vda,33.20,0.03,8.61,0,43
vda,22.00,0.00,11.08,0,55
vda,4.00,0.00,0.02,0,0
vda,0.00,0.00,0.00,0,0
vda,0.60,0.00,0.00,0,0
vda,170.00,3.35,0.00,16,0
vda,277.80,5.05,2.19,25,10
vda,399.40,7.84,6.50,39,32
vda,419.00,7.47,9.75,37,48
vda,200.80,3.80,0.01,18,0
vda,41.60,0.04,0.16,0,0
vda,8.00,0.06,0.02,0,0
vda,52.80,0.00,10.83,0,54
vda,21.00,0.00,10.83,0,54
vda,4.80,0.00,0.02,0,0
vda,26.80,0.00,20.65,0,103
vda,3.60,0.00,0.01,0,0
vda,7.58,0.00,3.26,0,16
vda,18.20,0.00,17.45,0,87
vda,0.20,0.00,0.00,0,0
vda,30.20,0.02,20.57,0,102
vda,6.00,0.00,0.02,0,0
vda,4.20,0.00,0.02,0,0
vda,18.80,0.00,20.53,0,102
vda,4.20,0.00,0.02,0,0
vda,17.60,0.00,20.48,0,102
vda,6.20,0.00,0.02,0,0
vda,4.20,0.00,0.02,0,0
vda,3.40,0.00,0.01,0,0
vda,0.00,0.00,0.00,0,0
vda,0.80,0.03,0.00,0,0
vda,5.00,0.01,0.62,0,3
vda,5.20,0.00,4.34,0,21
vda,11.20,0.00,8.58,0,42
vda,3.20,0.00,5.50,0,27
vda,2.40,0.00,0.01,0,0
vda,3.80,0.00,0.01,0,0
vda,5.80,0.00,0.02,0,0
vda,15.80,0.00,20.47,0,102
vda,6.60,0.00,0.03,0,0
vda,18.20,0.00,20.39,0,101
vda,11.20,0.04,0.04,0,0
vda,7.20,0.04,0.02,0,0
vda,30.60,0.00,8.88,0,44
vda,32.60,0.00,12.77,0,63
vda,5.40,0.00,0.02,0,0
vda,41.00,0.00,15.03,0,75
vda,15.80,0.00,6.48,0,32
vda,23.80,0.00,8.52,0,42
vda,26.60,0.00,12.85,0,64
vda,26.20,0.23,0.06,1,0
vda,14.20,0.00,8.66,0,43
vda,42.40,0.00,13.34,0,66
vda,8.00,0.00,0.03,0,0
vda,3.00,0.00,0.01,0,0
vda,0.00,0.00,0.00,0,0
vda,171.40,3.45,0.00,17,0
vda,189.40,3.55,0.03,17,0
vda,227.80,4.22,8.65,21,43
vda,257.80,4.58,9.76,22,48
vda,194.00,3.54,0.02,17,0
vda,46.60,0.03,0.18,0,0
vda,4.20,0.00,0.02,0,0
vda,53.40,0.00,13.05,0,65
vda,25.00,0.00,8.61,0,43
vda,5.80,0.00,0.02,0,0
vda,31.80,0.00,17.42,0,87
vda,9.40,0.00,4.48,0,22
vda,24.00,0.00,20.37,0,101
vda,8.40,0.00,0.04,0,0
vda,3.60,0.00,0.01,0,0
vda,20.20,0.00,20.17,0,100
vda,9.40,0.00,0.04,0,0
vda,7.40,0.00,2.17,0,10
vda,22.00,0.00,18.10,0,90
vda,0.20,0.00,0.00,0,0
vda,17.60,0.00,20.27,0,101
vda,6.60,0.00,0.03,0,0
vda,11.80,0.00,17.90,0,89
vda,10.00,0.00,2.21,0,11
vda,0.60,0.05,0.00,0,0
vda,6.80,0.09,0.01,0,0
vda,3.40,0.00,0.01,0,0
vda,0.80,0.00,0.00,0,0
vda,1.60,0.00,1.19,0,5
vda,8.20,0.00,0.05,0,0
vda,2.20,0.00,0.01,0,0
vda,9.60,0.00,0.04,0,0
vda,4.00,0.00,2.22,0,11
vda,18.80,0.04,17.38,0,86
vda,23.20,0.44,0.01,2,0
vda,24.80,0.00,6.39,0,31
vda,12.20,0.00,13.02,0,65
vda,38.80,0.00,15.12,0,75
vda,15.20,0.00,4.35,0,21
vda,5.60,0.00,0.02,0,0
vda,39.60,0.00,17.03,0,85
vda,12.20,0.00,4.32,0,21
vda,6.40,0.02,0.02,0,0
vda,42.60,0.03,19.25,0,96
vda,18.80,0.00,2.18,0,10
vda,36.40,0.00,10.82,0,54
vda,18.00,0.00,8.91,0,44
vda,23.80,0.00,4.50,0,22
vda,41.40,0.00,15.06,0,75
vda,0.00,0.00,0.00,0,0
vda,0.60,0.00,0.00,0,0
vda,154.80,3.23,0.00,16,0
vda,254.00,4.69,0.01,23,0
vda,299.20,5.99,0.01,29,0
vda,317.60,6.18,5.53,30,27
vda,290.80,5.27,0.06,26,0
vda,1.60,0.00,0.01,0,0
vda,3.60,0.00,0.01,0,0
vda,24.40,0.00,4.43,0,22
vda,39.40,0.01,17.12,0,85
vda,9.00,0.00,0.04,0,0
vda,68.20,0.05,21.94,0,109
vda,2.60,0.08,0.00,0,0
vda,20.00,0.02,4.29,0,21
vda,52.00,0.02,17.05,0,85
vda,15.20,0.00,0.06,0,0
vda,77.60,0.05,19.38,0,96
vda,11.60,0.00,0.04,0,0
vda,26.40,0.01,8.48,0,42
vda,58.00,0.05,12.92,0,64
vda,19.40,0.16,0.05,0,0
vda,38.20,0.04,10.93,0,54
vda,36.60,0.01,8.99,0,44
vda,29.20,0.03,4.38,0,21
vda,72.40,0.09,16.31,0,81
vda,14.20,0.00,0.06,0,0
vda,0.60,0.00,0.00,0,0
vda,429.60,8.67,0.00,43,0
vda,540.00,9.85,0.01,49,0
vda,654.40,11.98,0.18,59,0
vda,657.40,13.15,0.01,65,0
vda,419.00,7.77,0.01,38,0
vda,23.20,0.00,0.21,0,1
vda,4.00,0.00,0.02,0,0
vda,28.60,0.00,19.13,0,95
vda,5.80,0.00,0.02,0,0
vda,4.00,0.00,0.02,0,0
vda,17.80,0.00,19.19,0,95
vda,0.20,0.00,0.00,0,0
vda,39.60,0.12,13.68,0,68
vda,10.60,0.00,2.10,0,10
vda,13.20,0.00,4.34,0,21
vda,39.60,0.00,14.92,0,74
vda,16.80,0.00,6.45,0,32
vda,34.20,0.00,12.82,0,64
vda,18.00,0.00,6.43,0,32
vda,5.60,0.00,0.02,0,0
vda,33.40,0.00,10.85,0,54
vda,25.60,0.08,11.01,0,55
vda,4.20,0.00,0.02,0,0
vda,48.60,0.00,21.63,0,108
vda,4.00,0.00,0.02,0,0
vda,90.00,1.88,0.00,9,0
vda,421.20,8.37,0.01,41,0
vda,472.00,9.00,0.00,44,0
vda,437.80,8.54,0.00,42,0
vda,740.80,14.56,3.41,72,17
vda,328.80,5.98,0.04,29,0
vda,2.60,0.00,0.01,0,0
vda,9.80,0.06,0.03,0,0
vda,23.40,0.00,6.53,0,32
vda,34.20,0.00,12.85,0,64
vda,15.00,0.00,4.44,0,22
vda,40.80,0.00,15.19,0,75
vda,0.60,0.00,0.00,0,0
vda,24.00,0.01,6.56,0,32
vda,38.60,0.01,12.87,0,64
vda,34.60,0.01,8.44,0,42
vda,49.60,0.20,10.81,1,54
vda,26.20,0.09,6.51,0,32
vda,31.80,0.01,8.50,0,42
vda,26.40,0.01,5.40,0,27
vda,28.40,0.02,9.77,0,48
vda,36.80,0.02,8.64,0,43
vda,41.60,0.05,11.13,0,55
vda,51.40,0.02,10.78,0,53
vda,2.00,0.00,0.01,0,0
vda,0.00,0.00,0.00,0,0
vda,1.20,0.05,0.00,0,0
vda,382.80,7.65,0.01,38,0
vda,564.60,10.39,0.04,51,0
vda,659.60,12.56,5.50,62,27
vda,833.20,15.60,2.26,78,11
vda,857.40,15.44,0.23,77,1
vda,42.40,0.70,0.00,3,0
vda,0.00,0.00,0.00,0,0
vda,0.60,0.00,0.00,0,0
vda,1.60,0.00,0.02,0,0
vda,6.00,0.11,0.02,0,0
vda,22.40,0.00,0.24,0,1
vda,0.00,0.00,0.00,0,0
vda,0.60,0.00,0.00,0,0
vda,0.00,0.00,0.00,0,0
vda,99.00,2.18,0.01,10,0
vda,35.00,0.00,0.14,0,0
vda,6.60,0.00,0.03,0,0
vda,18.20,0.00,0.14,0,0
vda,0.60,0.00,0.00,0,0
vda,0.40,0.05,0.00,0,0
vda,3.40,0.04,0.01,0,0
vda,1.60,0.00,0.01,0,0
vda,0.00,0.00,0.00,0,0
vda,0.60,0.00,0.00,0,0
