vda,0.40,0.00,0.00,0,0
vda,1.60,0.00,0.01,0,0
vda,0.00,0.00,0.00,0,0
vda,0.80,0.00,0.00,0,0
vda,0.80,0.00,0.01,0,0
vda,2.20,0.00,0.01,0,0
vda,18.20,0.00,0.08,0,0
vda,375.00,4.54,0.02,22,0
vda,380.40,5.16,0.01,25,0
vda,164.80,9.09,0.02,45,0
vda,9.00,0.09,0.01,0,0
vda,3.00,0.00,0.01,0,0
vda,0.00,0.00,0.00,0,0
vda,11.20,0.01,0.05,0,0
vda,140.00,1.32,0.01,6,0
vda,8.60,0.00,0.08,0,0
vda,17.60,0.09,0.08,0,0
vda,5.80,0.00,0.02,0,0
vda,0.00,0.00,0.00,0,0
vda,0.60,0.00,0.00,0,0
vda,14.60,0.00,0.11,0,0
vda,0.00,0.00,0.00,0,0
vda,1.60,0.00,0.01,0,0
vda,1.80,0.00,0.01,0,0
vda,1.00,0.00,0.00,0,0
vda,2.20,0.00,0.01,0,0
vda,0.00,0.00,0.00,0,0
vda,3.20,0.00,0.01,0,0
vda,1.40,0.00,0.01,0,0
vda,18.00,0.00,0.07,0,0
