vda,26.40,0.00,0.11,0,0
vda,3.00,0.00,0.01,0,0
vda,1.80,0.00,0.01,0,0
vda,0.00,0.00,0.00,0,0
vda,1.80,0.00,0.01,0,0
vda,1.80,0.00,0.01,0,0
vda,2.80,0.00,0.01,0,0
vda,445.60,5.41,0.04,27,0
vda,80.40,0.80,0.02,4,0
vda,393.60,4.83,0.14,24,0
vda,144.80,1.33,0.02,6,0
vda,6.40,0.00,0.03,0,0
vda,17.80,0.00,0.12,0,0
vda,9.00,0.00,0.04,0,0
vda,8.80,0.09,0.03,0,0
vda,10.00,0.00,0.07,0,0
vda,1.80,0.00,0.01,0,0
vda,0.20,0.00,0.00,0,0
vda,3.80,0.00,0.01,0,0
vda,2.20,0.00,0.01,0,0
vda,1.80,0.00,0.01,0,0
vda,2.80,0.00,0.01,0,0
vda,3.20,0.00,0.01,0,0
vda,1.80,0.00,0.01,0,0
vda,7.20,0.00,0.03,0,0
vda,2.00,0.00,0.01,0,0
vda,1.80,0.00,0.01,0,0
vda,2.80,0.00,0.01,0,0
