vda,1.00,0.00,0.01,0,0
vda,56.80,0.34,0.12,1,0
vda,0.40,0.00,0.00,0,0
vda,2.80,0.00,0.01,0,0
vda,1.80,0.00,0.01,0,0
vda,1.80,0.00,0.01,0,0
vda,2.80,0.00,0.01,0,0
vda,2.40,0.00,0.01,0,0
vda,11.00,0.00,0.05,0,0
vda,2.20,0.00,0.01,0,0
vda,1.80,0.00,0.01,0,0
vda,12.80,0.00,0.06,0,0
vda,375.00,4.53,0.02,22,0
vda,432.00,5.67,0.02,28,0
vda,107.40,8.14,0.00,40,0
vda,141.20,1.80,0.01,8,0
vda,7.00,0.03,0.02,0,0
vda,9.60,0.00,0.04,0,0
vda,19.40,0.00,0.11,0,0
vda,9.80,0.00,0.06,0,0
vda,7.20,0.00,0.08,0,0
vda,4.60,0.00,0.02,0,0
vda,8.20,0.09,0.03,0,0
vda,0.60,0.00,0.01,0,0
vda,2.20,0.00,0.01,0,0
vda,7.60,0.00,0.05,0,0
vda,2.00,0.00,0.01,0,0
vda,7.00,0.00,0.03,0,0
vda,2.40,0.00,0.01,0,0
vda,3.20,0.00,0.01,0,0
vda,2.20,0.00,0.01,0,0
