2765588.0,751960.0,23540.0
2765588.0,751960.0,23540.0
2158589.6,849107.2,23583.2
1248092.0,994828.0,23648.0
1248092.0,994828.0,23648.0
903240.8,1134956.0,23667.2
385964.0,1345148.0,23696.0
288981.6,1218520.8,23713.6
143508.0,1028580.0,23740.0
143508.0,1028580.0,23740.0
142663.2,931820.0,23762.4
141396.0,786680.0,23796.0
141396.0,786680.0,23796.0
151235.2,798419.46667,23833.333333
162480.0,811836.0,23876.0
162480.0,811836.0,23876.0
171074.4,783792.0,23955.2
176804.0,765096.0,24008.0
148626.93333,791626.13333,24037.866667
123972.0,814840.0,24064.0
123972.0,814840.0,24064.0
121804.53333,801323.2,24089.6
119908.0,789496.0,24112.0
119908.0,789496.0,24112.0
124631.2,788525.33333,24152.533333
128764.0,787676.0,24188.0
253247.2,667848.8,24219.2
336236.0,587964.0,24240.0
336236.0,587964.0,24240.0
329403.2,588014.4,24273.6
324848.0,588048.0,24296.0
324848.0,588048.0,24296.0
187122.66667,721594.66667,24333.333333
118260.0,788368.0,24352.0
403646.66667,497602.66667,24378.666667
546340.0,352220.0,24392.0
546340.0,352220.0,24392.0
409670.66667,485684.0,24426.666667
341336.0,552416.0,24444.0
341336.0,552416.0,24444.0
326387.73333,552421.86667,24485.066667
320952.0,552424.0,24500.0
170208.0,699240.26667,24535.2
115392.0,752628.0,24548.0
115392.0,752628.0,24548.0
155125.33333,729377.33333,24585.333333
174992.0,717752.0,24604.0
174992.0,717752.0,24604.0
337029.33333,560610.66667,24641.333333
418048.0,482040.0,24660.0
416520.0,482040.0,24686.666667
415756.0,482040.0,24700.0
415756.0,482040.0,24700.0
313212.0,582352.0,24737.333333
261940.0,632508.0,24756.0
261940.0,632508.0,24756.0
223275.73333,668984.0,24797.066667
209216.0,682248.0,24812.0
209216.0,682248.0,24812.0
209216.0,682248.0,24812.0
209216.0,682248.0,24812.0
209216.0,682248.0,24812.0
209216.0,682248.0,24812.0
209216.0,682248.0,24812.0
175822.93333,628474.13333,24926.4
163680.0,608920.0,24968.0
290872.0,307328.0,20189.333333
354468.0,156532.0,17800.0
354468.0,156532.0,17800.0
291548.0,276382.13333,17841.066667
268668.0,319964.0,17856.0
268668.0,319964.0,17856.0
432509.33333,144624.0,17891.2
492088.0,80864.0,17904.0
2651112.2667,81324.533333,17942.133333
3436212.0,81492.0,17956.0
