vda,1.20,0.00,0.01,0,0
vda,28.20,0.00,0.13,0,0
vda,19.00,0.08,0.01,0,0
vda,1.80,0.00,0.01,0,0
vda,1.80,0.00,0.01,0,0
vda,1.80,0.00,0.01,0,0
vda,5.80,0.00,0.03,0,0
vda,2.20,0.00,0.01,0,0
vda,0.00,0.00,0.00,0,0
vda,4.00,0.00,0.02,0,0
vda,1.80,0.00,0.01,0,0
vda,1.80,0.00,0.01,0,0
vda,247.00,3.04,0.05,15,0
vda,344.40,4.06,0.02,20,0
vda,316.80,15.26,0.02,76,0
vda,28.60,2.88,0.01,14,0
vda,129.80,1.16,0.00,5,0
vda,14.40,0.00,0.06,0,0
vda,13.80,0.00,0.06,0,0
vda,7.40,0.00,0.04,0,0
vda,11.20,0.00,0.09,0,0
vda,6.60,0.00,0.03,0,0
vda,8.60,0.09,0.03,0,0
vda,9.00,0.00,0.04,0,0
vda,8.20,0.00,0.08,0,0
vda,16.40,0.08,0.01,0,0
vda,2.40,0.00,0.01,0,0
vda,18.20,0.00,0.08,0,0
vda,2.20,0.00,0.01,0,0
vda,8.60,0.00,0.03,0,0
vda,0.00,0.00,0.00,0,0
