vda,23.80,0.00,0.11,0,0
vda,1.80,0.00,0.01,0,0
vda,0.00,0.00,0.00,0,0
vda,0.60,0.00,0.00,0,0
vda,0.00,0.00,0.00,0,0
vda,0.60,0.00,0.00,0,0
vda,0.80,0.00,0.01,0,0
vda,419.00,6.92,0.02,34,0
vda,340.80,4.18,0.04,20,0
vda,161.60,24.09,0.00,120,0
vda,58.00,15.11,0.00,75,0
vda,53.80,19.33,0.01,96,0
vda,56.80,20.53,0.02,102,0
vda,47.80,17.00,0.01,84,0
vda,41.20,11.64,0.05,58,0
vda,74.60,25.02,0.09,125,0
vda,65.80,23.44,0.01,117,0
vda,59.00,20.18,0.02,100,0
vda,59.80,20.55,0.02,102,0
vda,60.60,23.38,0.00,116,0
vda,68.80,25.41,0.01,127,0
vda,56.40,20.53,0.02,102,0
vda,62.00,21.80,0.04,108,0
vda,64.80,24.58,0.00,122,0
vda,77.80,25.42,0.06,127,0
vda,59.00,21.73,0.01,108,0
vda,68.60,24.61,0.02,123,0
vda,64.60,24.22,0.00,121,0
vda,60.20,23.01,0.00,115,0
vda,63.20,23.39,0.01,116,0
vda,54.60,20.15,0.01,100,0
vda,68.40,24.60,0.02,123,0
vda,73.20,26.63,0.01,133,0
vda,73.40,22.98,0.03,114,0
vda,56.60,19.07,0.00,95,0
vda,77.60,23.84,0.06,119,0
vda,67.20,24.58,0.01,122,0
vda,56.00,21.33,0.00,106,0
vda,68.40,25.82,0.00,129,0
vda,63.80,24.60,0.00,123,0
vda,63.40,23.40,0.01,116,0
vda,63.80,23.80,0.01,119,0
vda,74.00,24.18,0.06,120,0
vda,55.20,20.93,0.01,104,0
vda,70.40,25.45,0.01,127,0
vda,63.00,23.80,0.00,119,0
vda,8.00,3.20,0.00,16,0
vda,1.80,0.00,0.01,0,0
vda,14.60,0.16,0.01,0,0
vda,3.80,0.00,0.03,0,0
vda,144.20,1.21,0.01,6,0
vda,10.40,0.00,0.04,0,0
vda,28.00,0.49,0.05,2,0
vda,25.00,0.00,11.83,0,59
vda,26.40,0.00,6.19,0,30
vda,12.20,0.00,11.65,0,58
vda,7.00,0.00,0.03,0,0
vda,24.80,0.00,11.90,0,59
vda,18.40,0.00,16.16,0,80
vda,5.80,0.00,0.02,0,0
vda,5.80,0.03,0.02,0,0
vda,30.80,0.00,22.69,0,113
vda,28.40,0.22,5.96,1,29
vda,1.40,0.00,0.01,0,0
vda,0.80,0.00,0.00,0,0
vda,3.80,0.02,0.00,0,0
vda,0.80,0.00,0.00,0,0
vda,6.00,0.00,0.04,0,0
vda,35.80,0.00,22.78,0,113
vda,7.60,0.00,3.20,0,15
vda,30.60,0.00,25.41,0,127
vda,16.40,0.17,0.04,0,0
vda,6.20,0.00,0.02,0,0
vda,35.80,0.00,20.18,0,100
vda,4.00,0.00,6.13,0,30
vda,28.80,0.00,25.17,0,125
vda,8.40,0.00,0.03,0,0
vda,1.00,0.00,0.00,0,0
vda,1.00,0.00,0.00,0,0
vda,25.20,0.00,0.10,0,0
vda,7.20,0.00,0.03,0,0
vda,51.60,0.00,20.05,0,100
vda,15.60,0.03,6.14,0,30
vda,37.40,0.06,26.52,0,132
vda,7.60,0.00,0.03,0,0
vda,5.80,0.00,0.02,0,0
vda,24.80,0.00,25.53,0,127
vda,5.20,0.00,0.02,0,0
vda,4.60,0.00,0.02,0,0
vda,4.00,0.00,0.02,0,0
vda,0.80,0.00,0.00,0,0
vda,2.80,0.00,0.01,0,0
vda,29.80,0.05,25.40,0,126
vda,7.00,0.03,0.03,0,0
vda,29.00,0.00,25.38,0,126
vda,5.40,0.00,0.02,0,0
vda,0.20,0.00,0.00,0,0
vda,18.20,0.00,25.34,0,126
vda,7.20,0.00,0.03,0,0
vda,19.60,0.00,25.25,0,126
vda,7.98,0.00,0.03,0,0
vda,6.40,0.00,0.03,0,0
vda,1.20,0.01,0.00,0,0
vda,2.00,0.00,0.01,0,0
vda,29.60,0.00,23.96,0,119
vda,7.80,0.00,0.03,0,0
vda,37.80,0.00,23.90,0,119
vda,10.20,0.00,1.52,0,7
vda,6.20,0.00,0.02,0,0
vda,49.60,0.00,21.57,0,107
vda,11.00,0.00,3.05,0,15
vda,45.60,0.11,24.39,0,121
vda,14.00,0.03,0.05,0,0
vda,4.40,0.00,0.02,0,0
vda,2.80,0.00,0.01,0,0
vda,0.80,0.00,0.00,0,0
vda,0.80,0.00,0.00,0,0
vda,30.20,0.00,0.14,0,0
vda,58.40,0.00,15.46,0,77
vda,26.80,0.00,9.33,0,46
vda,7.00,0.00,0.03,0,0
vda,37.80,0.04,24.18,0,120
vda,14.60,0.00,0.06,0,0
vda,26.20,0.00,23.61,0,118
vda,5.60,0.00,0.02,0,0
vda,16.00,0.00,23.40,0,116
vda,9.20,0.00,0.04,0,0
vda,1.00,0.00,0.00,0,0
vda,0.80,0.00,0.00,0,0
vda,7.40,0.00,0.03,0,0
vda,29.40,0.00,24.20,0,120
vda,7.80,0.00,0.03,0,0
vda,5.60,0.00,0.02,0,0
vda,21.20,0.00,23.73,0,118
vda,5.80,0.00,0.02,0,0
vda,21.40,0.00,23.61,0,118
vda,5.00,0.00,0.02,0,0
vda,10.40,0.00,16.23,0,81
vda,10.60,0.00,7.76,0,38
vda,3.80,0.00,0.01,0,0
vda,3.60,0.01,0.01,0,0
vda,1.20,0.00,0.00,0,0
vda,5.40,0.00,0.02,0,0
vda,33.80,0.00,23.77,0,118
vda,5.40,0.00,0.02,0,0
vda,30.60,0.00,19.30,0,96
vda,17.40,0.00,4.55,0,22
vda,6.20,0.00,0.02,0,0
vda,46.00,0.13,16.97,0,84
vda,18.80,0.00,7.89,0,39
vda,44.80,0.00,17.20,0,86
vda,11.60,0.00,7.73,0,38
vda,3.60,0.00,0.01,0,0
vda,0.80,0.00,0.00,0,0
vda,1.00,0.00,0.00,0,0
vda,4.20,0.00,0.02,0,0
vda,62.20,0.00,18.69,0,93
vda,24.00,0.00,6.11,0,30
vda,53.80,0.00,18.38,0,91
vda,17.20,0.06,6.15,0,30
vda,5.20,0.05,0.02,0,0
vda,41.00,0.00,23.99,0,119
vda,7.40,0.00,0.03,0,0
vda,24.00,0.00,23.27,0,116
vda,8.60,0.00,0.03,0,0
vda,0.80,0.00,0.00,0,0
vda,1.00,0.00,0.00,0,0
vda,3.00,0.00,0.01,0,0
vda,6.20,0.01,0.02,0,0
vda,43.00,0.06,24.21,0,121
vda,7.00,0.00,0.03,0,0
vda,21.80,0.00,24.15,0,120
vda,8.40,0.00,0.03,0,0
vda,31.00,0.09,18.91,0,94
vda,10.80,0.00,6.37,0,31
vda,21.20,0.00,23.83,0,119
vda,6.40,0.00,0.03,0,0
vda,2.80,0.00,0.01,0,0
vda,1.40,0.01,0.00,0,0
vda,2.40,0.00,0.01,0,0
vda,1.20,0.00,0.00,0,0
vda,1.60,0.00,1.00,0,5
vda,3.20,0.00,1.59,0,7
vda,7.20,0.00,0.04,0,0
vda,18.40,0.11,0.06,0,0
vda,6.80,0.00,0.03,0,0
vda,0.60,0.00,0.00,0,0
vda,0.60,0.00,0.01,0,0
vda,1.00,0.00,0.00,0,0
vda,10.40,0.02,0.04,0,0
vda,10.40,0.00,0.07,0,0
vda,1.40,0.00,0.01,0,0
vda,0.00,0.00,0.00,0,0
