vda,1.40,0.00,0.01,0,0
vda,30.20,0.00,0.13,0,0
vda,2.20,0.00,0.01,0,0
vda,30.40,0.24,0.02,1,0
vda,0.00,0.00,0.00,0,0
vda,2.00,0.00,0.01,0,0
vda,3.40,0.00,0.02,0,0
vda,2.00,0.00,0.01,0,0
vda,2.00,0.00,0.01,0,0
vda,3.00,0.00,0.01,0,0
vda,7.20,0.00,0.03,0,0
vda,24.80,0.11,0.01,0,0
vda,359.00,4.41,0.02,22,0
vda,430.20,5.65,0.02,28,0
vda,130.40,12.08,0.04,60,0
vda,0.40,0.00,0.00,0,0
vda,144.40,1.28,0.05,6,0
vda,5.80,0.01,0.02,0,0
vda,8.00,0.03,0.03,0,0
vda,10.80,0.00,0.05,0,0
vda,6.60,0.00,0.07,0,0
vda,12.80,0.00,0.05,0,0
vda,5.40,0.00,0.02,0,0
vda,5.80,0.00,0.02,0,0
vda,32.40,0.00,10.50,0,52
vda,5.20,0.00,0.02,0,0
vda,4.40,0.00,0.02,0,0
vda,0.20,0.00,0.00,0,0
vda,5.40,0.00,0.02,0,0
vda,5.00,0.00,0.02,0,0
vda,9.60,0.00,0.04,0,0
vda,10.60,0.00,0.07,0,0
vda,3.00,0.08,0.01,0,0
vda,9.00,0.00,0.04,0,0
vda,26.00,0.09,0.05,0,0
vda,2.00,0.00,0.01,0,0
vda,0.80,0.00,0.01,0,0
vda,2.20,0.00,0.01,0,0
vda,6.20,0.00,0.03,0,0
vda,2.20,0.00,0.01,0,0
vda,10.40,0.00,0.04,0,0
vda,1.80,0.00,0.01,0,0
