vda,2.60,0.00,0.01,0,0
vda,2.20,0.00,0.01,0,0
vda,1.80,0.00,0.01,0,0
vda,1.80,0.00,0.01,0,0
vda,1.60,0.00,0.01,0,0
vda,3.59,0.00,0.02,0,0
vda,25.00,0.00,0.11,0,0
vda,3.20,0.00,0.01,0,0
vda,2.00,0.00,0.01,0,0
vda,1.80,0.00,0.01,0,0
vda,1.80,0.00,0.01,0,0
vda,3.20,0.00,0.01,0,0
vda,307.40,3.81,0.02,19,0
vda,317.60,3.62,0.04,18,0
vda,293.20,9.97,0.02,49,0
vda,36.80,5.77,0.02,28,0
vda,144.00,1.70,0.03,8,0
vda,20.00,0.03,0.08,0,0
vda,12.20,0.00,0.06,0,0
vda,7.00,0.00,0.03,0,0
vda,13.20,0.00,0.14,0,0
vda,8.40,0.00,0.03,0,0
vda,6.00,0.00,0.02,0,0
vda,6.80,0.00,0.03,0,0
vda,7.20,0.00,0.04,0,0
vda,4.60,0.00,0.02,0,0
vda,12.00,0.09,0.04,0,0
vda,15.40,0.00,0.09,0,0
vda,1.80,0.00,0.01,0,0
vda,2.80,0.00,0.01,0,0
vda,2.00,0.00,0.01,0,0
vda,9.00,0.00,0.04,0,0
vda,0.60,0.00,0.00,0,0
vda,2.60,0.00,0.01,0,0
vda,2.20,0.00,0.01,0,0
