vda,58.60,0.34,0.13,1,0
vda,0.00,0.00,0.00,0,0
vda,2.40,0.00,0.01,0,0
vda,1.80,0.00,0.01,0,0
vda,1.80,0.00,0.01,0,0
vda,2.60,0.00,0.01,0,0
vda,2.40,0.00,0.01,0,0
vda,0.00,0.00,0.00,0,0
vda,3.00,0.00,0.01,0,0
vda,2.80,0.00,0.01,0,0
vda,2.00,0.00,0.01,0,0
vda,2.60,0.00,0.01,0,0
vda,296.00,3.63,0.02,18,0
vda,321.60,3.77,0.02,18,0
vda,307.40,10.44,0.05,52,0
vda,57.00,0.57,0.04,2,0
vda,96.20,0.76,0.02,3,0
vda,9.80,0.00,0.04,0,0
vda,7.40,0.00,0.04,0,0
vda,14.60,0.00,2.30,0,11
vda,17.40,0.00,2.24,0,11
vda,6.00,0.00,0.02,0,0
vda,8.80,0.00,0.03,0,0
vda,7.00,0.00,0.03,0,0
vda,0.00,0.00,0.00,0,0
vda,4.20,0.09,0.02,0,0
vda,14.00,0.00,0.08,0,0
vda,2.20,0.00,0.01,0,0
vda,1.80,0.00,0.01,0,0
vda,9.20,0.00,0.04,0,0
vda,2.00,0.00,0.01,0,0
vda,1.80,0.00,0.01,0,0
vda,3.80,0.00,0.02,0,0
vda,0.40,0.00,0.00,0,0
