vda,4.80,0.07,0.02,0,0
vda,28.00,0.00,0.12,0,0
vda,0.00,0.00,0.00,0,0
vda,0.80,0.00,0.00,0,0
vda,0.00,0.00,0.00,0,0
vda,0.60,0.00,0.00,0,0
vda,1.00,0.00,0.01,0,0
vda,1.40,0.00,0.01,0,0
vda,1.80,0.00,0.01,0,0
vda,2.00,0.00,0.01,0,0
vda,1.00,0.00,0.00,0,0
vda,0.00,0.00,0.00,0,0
vda,275.40,3.42,0.01,17,0
vda,316.20,3.68,0.02,18,0
vda,323.80,9.25,0.02,46,0
vda,144.80,1.30,0.03,6,0
vda,15.80,0.04,0.05,0,0
vda,17.00,0.02,0.05,0,0
vda,9.00,0.09,0.05,0,0
vda,2.40,0.00,0.01,0,0
vda,0.40,0.00,0.00,0,0
vda,1.20,0.00,0.00,0,0
vda,8.20,0.00,0.06,0,0
vda,9.60,0.00,0.04,0,0
vda,0.80,0.00,0.01,0,0
vda,1.00,0.00,0.00,0,0
vda,1.00,0.00,0.00,0,0
