vda,3.80,0.07,0.01,0,0
vda,2.00,0.00,0.01,0,0
vda,2.00,0.00,0.01,0,0
vda,2.60,0.00,0.01,0,0
vda,3.60,0.00,0.01,0,0
vda,2.00,0.00,0.01,0,0
vda,21.40,0.00,0.10,0,0
vda,466.40,5.71,0.02,28,0
vda,413.60,5.29,0.02,26,0
vda,9.60,0.04,0.02,0,0
vda,144.40,1.29,0.04,6,0
vda,7.20,0.09,0.04,0,0
vda,6.00,0.00,0.02,0,0
vda,2.20,0.00,0.01,0,0
vda,14.00,0.00,0.06,0,0
vda,2.20,0.00,0.01,0,0
vda,1.80,0.00,0.01,0,0
vda,2.00,0.00,0.01,0,0
vda,1.80,0.00,0.01,0,0
vda,1.80,0.00,0.01,0,0
vda,2.80,0.00,0.01,0,0
vda,3.40,0.00,0.01,0,0
vda,2.00,0.00,0.01,0,0
vda,9.80,0.00,0.05,0,0
vda,2.20,0.00,0.01,0,0
vda,4.60,0.00,0.02,0,0
