vda,1.20,0.00,0.01,0,0
vda,29.20,0.00,0.13,0,0
vda,3.60,0.00,0.01,0,0
vda,30.00,0.27,0.01,1,0
vda,3.60,0.07,0.01,0,0
vda,2.00,0.00,0.01,0,0
vda,1.80,0.00,0.01,0,0
vda,424.80,5.18,0.02,25,0
vda,451.60,5.70,0.04,28,0
vda,83.80,17.14,0.02,85,0
vda,33.60,7.94,0.04,39,0
vda,151.40,5.94,0.01,29,0
vda,11.20,0.02,1.31,0,6
vda,7.40,0.03,0.02,0,0
vda,13.60,0.00,0.05,0,0
vda,4.20,0.00,0.02,0,0
vda,5.80,0.00,0.02,0,0
vda,4.80,0.00,0.02,0,0
vda,6.00,0.00,0.03,0,0
vda,14.40,0.00,0.08,0,0
vda,7.00,0.00,0.03,0,0
vda,4.00,0.00,0.02,0,0
vda,4.20,0.00,0.02,0,0
vda,8.80,0.00,0.03,0,0
vda,7.40,0.00,1.28,0,6
vda,0.40,0.00,0.60,0,2
vda,13.80,0.00,0.08,0,0
vda,3.80,0.00,0.01,0,0
vda,7.20,0.08,0.03,0,0
vda,10.60,0.00,0.04,0,0
vda,4.20,0.03,0.01,0,0
vda,2.20,0.00,0.01,0,0
vda,1.80,0.00,0.01,0,0
vda,8.20,0.00,0.04,0,0
vda,0.60,0.00,0.00,0,0
vda,2.80,0.00,0.01,0,0
vda,11.40,0.00,0.05,0,0
vda,2.40,0.00,0.01,0,0
vda,3.80,0.00,0.02,0,0
vda,2.40,0.00,0.01,0,0
vda,2.00,0.00,0.01,0,0
vda,1.80,0.00,0.01,0,0
