vda,0.40,0.00,0.00,0,0
vda,2.60,0.00,0.01,0,0
vda,28.60,0.24,0.01,1,0
vda,4.60,0.00,0.02,0,0
vda,3.80,0.00,0.01,0,0
vda,2.00,0.00,0.01,0,0
vda,17.80,0.00,0.09,0,0
vda,2.80,0.00,0.01,0,0
vda,1.80,0.00,0.01,0,0
vda,2.40,0.00,0.01,0,0
vda,2.20,0.00,0.01,0,0
vda,3.40,0.00,0.01,0,0
vda,308.80,3.86,0.03,19,0
vda,429.60,5.54,0.06,27,0
vda,152.00,1.59,0.02,7,0
vda,170.00,1.41,0.13,7,0
vda,8.40,0.00,0.03,0,0
vda,15.60,0.09,0.07,0,0
vda,6.40,0.00,0.03,0,0
vda,1.80,0.00,0.01,0,0
vda,1.80,0.00,0.01,0,0
vda,4.79,0.00,0.02,0,0
vda,10.00,0.00,0.08,0,0
vda,2.00,0.00,0.01,0,0
vda,0.20,0.00,0.00,0,0
vda,2.00,0.00,0.01,0,0
