vda,15.60,0.00,0.08,0,0
vda,4.40,0.00,0.02,0,0
vda,0.00,0.00,0.00,0,0
vda,1.00,0.00,0.00,0,0
vda,0.00,0.00,0.00,0,0
vda,0.60,0.00,0.00,0,0
vda,1.00,0.00,0.01,0,0
vda,9.40,0.00,0.04,0,0
vda,101.00,10.89,0.02,54,0
vda,131.80,14.38,0.01,71,0
vda,221.20,24.90,0.01,124,0
vda,230.00,25.27,0.02,126,0
vda,77.80,22.32,0.01,111,0
vda,78.20,24.03,0.02,120,0
vda,266.20,23.39,0.10,116,0
vda,186.40,18.18,0.01,90,0
vda,27.40,5.96,0.01,29,0
vda,29.20,1.13,0.05,5,0
vda,18.20,0.76,0.03,3,0
vda,26.40,1.14,0.04,5,0
vda,19.80,0.76,0.04,3,0
vda,35.20,1.13,0.07,5,0
vda,18.40,0.76,0.03,3,0
vda,19.20,1.16,0.02,5,0
vda,11.40,0.82,0.04,4,0
vda,17.60,1.23,0.06,6,0
vda,41.80,0.83,16.30,4,81
vda,3.20,1.20,0.00,6,0
vda,8.60,0.80,0.03,4,0
vda,15.60,1.23,0.05,6,0
vda,11.20,0.80,0.04,4,0
vda,2.20,0.80,0.00,4,0
vda,4.40,1.20,0.01,6,0
vda,8.00,0.80,0.04,4,0
vda,3.00,1.20,0.00,6,0
vda,9.20,0.80,0.03,4,0
vda,8.80,1.18,0.00,5,0
vda,13.80,0.76,0.01,3,0
vda,20.60,1.14,0.01,5,0
