vda,0.80,0.00,0.01,0,0
vda,26.00,0.00,0.12,0,0
vda,3.00,0.00,0.01,0,0
vda,1.80,0.00,0.01,0,0
vda,0.00,0.00,0.00,0,0
vda,1.80,0.00,0.01,0,0
vda,2.80,0.00,0.01,0,0
vda,4.60,0.00,0.02,0,0
vda,3.80,0.00,0.01,0,0
vda,0.00,0.00,0.00,0,0
vda,1.80,0.00,0.01,0,0
vda,1.80,0.00,0.01,0,0
vda,271.80,3.44,0.01,17,0
vda,339.60,3.92,0.05,19,0
vda,292.80,7.72,0.02,38,0
vda,80.40,3.77,0.04,18,0
vda,86.80,0.67,0.03,3,0
vda,4.60,0.00,0.02,0,0
vda,13.60,0.00,0.06,0,0
vda,11.00,0.09,0.06,0,0
vda,15.40,0.00,0.06,0,0
vda,2.20,0.00,0.01,0,0
vda,1.80,0.00,0.01,0,0
vda,8.20,0.00,0.08,0,0
vda,2.00,0.00,0.01,0,0
vda,2.40,0.00,0.01,0,0
vda,4.19,0.00,0.02,0,0
vda,2.20,0.00,0.01,0,0
vda,9.00,0.00,0.04,0,0
