vda,49.60,0.00,248.80,0,1244
vda,58.80,0.00,262.40,0,1312
vda,0.60,0.00,31.20,0,156
vda,6.60,0.00,33.60,0,168
vda,0.40,0.00,4.80,0,24
vda,5.80,0.80,96.80,4,484
vda,37.20,20.00,152.00,100,760
vda,53.00,28.00,262.40,140,1312
vda,11.00,0.80,48.80,4,244
vda,47.20,84.00,226.40,420,1132
vda,48.40,0.80,201.60,4,1008
vda,1.20,1.60,18.40,8,92
vda,16.40,4.00,109.60,20,548
vda,0.60,0.80,7.19,4,36
vda,10.40,0.00,112.00,0,560
vda,42.00,0.00,210.40,0,1052
vda,60.40,0.00,273.60,0,1368
vda,35.40,0.00,184.00,0,920
vda,36.00,0.00,188.00,0,940
vda,30.60,0.00,200.00,0,1000
vda,0.80,0.80,21.60,4,108
vda,8.40,0.80,80.00,4,400
vda,8.80,0.00,395.20,0,1976
vda,0.80,0.80,20.00,4,100
vda,46.00,0.00,227.20,0,1136
vda,50.40,0.00,230.40,0,1152
vda,45.80,0.00,245.60,0,1228
vda,22.80,0.80,126.40,4,632
vda,52.60,0.00,226.40,0,1132
vda,28.80,0.00,501.60,0,2508
vda,1.60,0.00,72.00,0,360
vda,0.80,0.00,10.40,0,52
vda,0.40,0.00,8.80,0,44
vda,61.20,0.00,300.80,0,1504
vda,35.60,0.00,144.80,0,724
vda,34.00,0.00,150.40,0,752
vda,49.60,0.80,248.00,4,1240
vda,59.00,0.00,281.60,0,1408
vda,8.40,1.60,43.20,8,216
