vda,39.00,1.60,204.80,8,1024
vda,55.80,0.80,318.40,4,1592
vda,1.20,0.00,17.60,0,88
vda,33.40,0.00,165.60,0,828
vda,27.40,0.00,115.20,0,576
vda,4.80,0.00,61.60,0,308
vda,48.60,586.40,85.60,2932,428
vda,70.80,570.40,139.20,2852,696
vda,73.80,1013.60,70.40,5068,352
vda,86.80,515.20,214.40,2576,1072
vda,70.60,653.60,163.20,3268,816
vda,83.80,991.20,46.40,4956,232
vda,50.60,483.20,95.20,2416,476
vda,35.00,238.40,60.00,1192,300
vda,47.60,306.40,107.20,1532,536
vda,40.00,149.60,168.80,748,844
vda,6.40,0.80,30.40,4,152
vda,16.40,0.00,74.40,0,372
vda,5.29,0.33,34.71,4,420
vda,0.00,0.00,0.00,0,0
vda,18.17,0.80,77.85,16,1564
vda,28.60,0.00,149.60,0,748
vda,27.20,0.00,176.00,0,880
vda,20.20,0.00,112.80,0,564
vda,8.40,0.80,32.80,4,164
vda,28.40,0.00,123.20,0,616
vda,34.20,0.80,157.60,4,788
vda,36.40,0.00,182.40,0,912
vda,26.60,0.00,121.60,0,608
vda,29.40,1.60,151.20,8,756
vda,26.20,0.00,106.40,0,532
vda,33.53,0.00,144.51,0,724
vda,47.60,0.00,229.60,0,1148
vda,20.20,0.00,85.60,0,428
vda,33.80,0.00,171.20,0,856
vda,4.40,0.00,17.60,0,88
vda,3.60,0.00,45.60,0,228
vda,7.20,0.00,28.80,0,144
vda,21.20,184.80,87.20,924,436
vda,12.71,108.92,127.81,1868,2192
vda,21.80,0.00,106.40,0,532
vda,18.40,0.00,84.00,0,420
vda,4.20,180.80,44.80,904,224
vda,10.60,1255.20,12.80,6276,64
vda,26.40,2150.40,76.00,10752,380
vda,18.40,1691.20,69.60,8456,348
vda,63.07,2191.62,209.98,10980,1052
vda,10.02,1317.84,22.44,6576,112
vda,24.60,3738.40,34.40,18692,172
vda,12.40,1772.00,12.00,8860,60
vda,10.80,1638.40,10.40,8192,52
vda,37.00,4576.80,31.20,22884,156
vda,45.60,6732.80,35.20,33664,176
vda,48.00,5270.40,64.00,26352,320
vda,21.54,2594.28,22.79,109712,964
vda,50.40,4057.60,128.00,20288,640
vda,25.02,1828.11,59.83,38500,1260
vda,29.40,0.80,158.40,4,792
vda,37.80,0.00,167.20,0,836
vda,47.20,0.00,228.80,0,1144
vda,36.20,0.00,151.20,0,756
vda,48.40,49.60,223.20,248,1116
vda,25.80,0.00,148.00,0,740
vda,2.60,1.60,8.00,8,40
vda,8.40,0.00,64.00,0,320
vda,45.00,0.00,191.20,0,956
vda,36.60,0.00,179.20,0,896
vda,52.80,0.00,234.40,0,1172
vda,29.40,0.00,185.60,0,928
vda,0.80,1.60,27.20,8,136
vda,26.92,21.54,123.08,252,1440
vda,37.40,0.00,184.80,0,924
vda,32.60,0.00,139.20,0,696
vda,16.60,0.00,75.20,0,376
vda,42.91,0.00,177.25,0,888
vda,56.40,0.00,273.60,0,1368
vda,26.20,0.00,110.40,0,552
vda,37.20,0.00,261.60,0,1308
vda,41.00,0.00,182.40,0,912
vda,41.40,0.00,206.40,0,1032
vda,13.00,0.00,86.40,0,432
vda,25.60,0.00,103.20,0,516
vda,23.00,0.80,140.80,4,704
vda,30.40,0.00,124.00,0,620
vda,43.80,0.00,189.60,0,948
vda,1.40,1.60,112.80,8,564
vda,29.60,0.00,152.00,0,760
vda,46.60,22.40,220.80,112,1104
vda,36.20,0.00,172.00,0,860
vda,49.00,0.00,240.00,0,1200
vda,13.20,0.00,64.80,0,324
vda,0.40,0.00,11.20,0,56
vda,24.40,0.00,99.20,0,496
vda,24.80,0.00,236.00,0,1180
vda,15.00,3.20,98.40,16,492
vda,16.40,0.00,67.20,0,336
vda,43.60,0.00,219.20,0,1096
vda,37.80,0.00,175.20,0,876
vda,28.60,0.00,134.40,0,672
vda,18.20,0.00,111.20,0,556
vda,20.20,0.80,167.20,4,836
vda,29.40,0.00,151.20,0,756
vda,30.20,0.00,132.00,0,660
vda,31.80,0.80,180.80,4,904
vda,0.40,0.00,31.20,0,156
vda,39.20,0.00,158.40,0,792
vda,21.20,0.00,103.20,0,516
vda,11.00,0.80,75.20,4,376
vda,55.40,0.00,248.80,0,1244
vda,4.80,0.80,166.40,4,832
vda,6.20,0.00,24.80,0,124
vda,59.60,0.00,299.20,0,1496
vda,33.20,0.00,143.20,0,716
vda,0.20,0.00,0.80,0,4
vda,34.60,0.00,172.00,0,860
vda,43.20,0.00,182.40,0,912
vda,40.40,0.00,182.40,0,912
vda,24.60,0.00,249.60,0,1248
vda,0.80,0.00,8.00,0,40
vda,10.60,0.00,79.20,0,396
vda,29.80,0.00,129.60,0,648
vda,40.40,0.00,171.20,0,856
vda,39.00,0.00,195.20,0,976
vda,61.00,0.00,288.80,0,1444
vda,3.00,0.00,22.40,0,112
vda,12.20,0.00,186.40,0,932
vda,53.00,0.00,233.60,0,1168
vda,4.20,0.00,24.80,0,124
vda,22.40,0.80,120.80,4,604
vda,25.80,0.00,114.40,0,572
vda,13.17,0.80,108.58,4,544
vda,18.20,1.60,99.20,8,496
vda,26.80,0.00,111.20,0,556
vda,34.40,0.80,146.40,4,732
vda,14.80,0.00,176.00,0,880
vda,52.20,0.00,244.80,0,1224
vda,22.60,0.80,97.60,4,488
vda,9.20,0.00,76.80,0,384
vda,61.40,0.00,276.80,0,1384
vda,22.60,0.00,112.00,0,560
vda,17.20,0.00,99.20,0,496
vda,17.60,0.00,73.60,0,368
vda,20.80,1.60,201.60,8,1008
vda,47.00,0.00,197.60,0,988
vda,26.80,0.00,150.40,0,752
vda,0.80,2.40,0.80,12,4
vda,36.60,0.00,183.20,0,916
vda,53.80,0.00,231.20,0,1156
vda,0.80,1.60,3.20,8,16
vda,28.60,0.00,255.20,0,1276
vda,26.60,0.00,123.20,0,616
vda,32.60,0.00,138.40,0,692
vda,36.20,0.00,184.80,0,924
vda,21.40,0.00,113.60,0,568
vda,0.40,0.00,7.20,0,36
vda,28.40,0.00,144.80,0,724
vda,45.60,0.00,298.40,0,1492
vda,2.20,0.00,24.00,0,120
vda,31.20,0.00,161.60,0,808
vda,23.20,0.00,95.20,0,476
vda,36.20,0.00,153.60,0,768
vda,27.60,0.00,114.40,0,572
vda,23.20,0.00,124.80,0,624
vda,31.60,0.00,145.60,0,728
vda,49.60,0.80,315.20,4,1576
vda,2.40,8.80,60.00,44,300
vda,6.00,0.00,40.00,0,200
vda,49.40,1.60,201.60,8,1008
vda,32.00,0.00,161.60,0,808
vda,23.40,0.00,129.60,0,648
vda,1.80,0.00,12.80,0,64
vda,41.60,0.00,200.00,0,1000
vda,31.20,0.00,136.00,0,680
vda,51.60,0.00,240.80,0,1204
vda,23.20,0.00,213.60,0,1068
vda,0.40,0.00,7.20,0,36
vda,9.80,0.80,69.60,4,348
vda,46.80,0.00,196.00,0,980
vda,12.00,0.00,86.40,0,432
vda,11.00,2.40,41.60,12,208
vda,36.40,0.00,186.40,0,932
vda,29.00,0.00,124.80,0,624
vda,45.40,0.00,331.20,0,1656
vda,36.00,0.00,161.60,0,808
vda,7.40,0.00,32.00,0,160
vda,7.40,2.40,81.60,12,408
vda,25.00,0.00,105.60,0,528
vda,52.60,0.00,221.60,0,1108
vda,38.20,0.00,164.80,0,824
vda,31.40,0.00,264.80,0,1324
vda,5.40,0.80,29.60,4,148
vda,24.40,0.80,156.00,4,780
vda,46.60,0.00,200.80,0,1004
vda,0.40,0.00,1.60,0,8
vda,21.60,0.80,93.60,4,468
vda,51.10,0.00,235.53,0,1180
vda,33.20,0.00,144.00,0,720
vda,17.00,0.00,188.80,0,944
vda,43.80,0.00,211.20,0,1056
vda,65.80,0.00,278.40,0,1392
vda,38.40,0.00,211.20,0,1056
vda,27.40,0.00,121.60,0,608
vda,0.00,0.00,0.00,0,0
vda,12.40,0.80,98.40,4,492
vda,48.00,0.00,199.20,0,996
vda,31.40,0.00,242.40,0,1212
vda,1.20,8.00,4.00,40,20
vda,50.20,0.00,234.40,0,1172
vda,53.60,0.00,263.20,0,1316
vda,29.80,0.00,125.60,0,628
vda,12.60,0.00,92.80,0,464
vda,14.80,0.00,66.40,0,332
vda,14.20,0.80,86.40,4,432
vda,45.20,1.60,187.20,8,936
vda,0.60,0.00,103.20,0,516
vda,39.40,2.40,188.80,12,944
vda,32.60,0.00,135.20,0,676
vda,48.20,0.00,212.00,0,1060
vda,38.80,0.00,192.80,0,964
vda,0.60,0.00,32.80,0,164
vda,7.60,0.00,44.00,0,220
vda,13.40,2.40,173.60,12,868
vda,65.40,0.80,300.00,4,1500
vda,21.40,0.00,133.60,0,668
vda,10.80,0.00,76.80,0,384
vda,49.00,0.00,212.80,0,1064
vda,31.00,0.00,137.60,0,688
vda,0.80,0.80,32.00,4,160
vda,8.00,0.00,46.40,0,232
vda,1.00,0.00,144.80,0,724
vda,1.80,0.00,11.20,0,56
vda,53.00,0.00,246.40,0,1232
vda,33.07,0.39,149.65,4,1516
vda,48.60,0.00,236.00,0,1180
vda,46.20,0.00,193.60,0,968
vda,32.00,0.80,264.80,4,1324
vda,0.40,0.00,34.40,0,172
vda,0.60,0.80,3.20,4,16
vda,0.40,0.00,36.80,0,184
vda,15.00,0.00,87.20,0,436
vda,33.20,0.00,144.80,0,724
vda,53.80,0.00,257.60,0,1288
vda,60.80,0.00,263.20,0,1316
vda,37.40,0.00,164.00,0,820
vda,39.20,0.00,380.00,0,1900
vda,8.80,0.00,42.40,0,212
vda,11.18,0.80,43.91,4,220
vda,36.20,0.80,156.00,4,780
vda,20.00,2.40,109.60,12,548
vda,0.40,0.00,31.20,0,156
vda,12.40,0.80,57.60,4,288
vda,31.40,0.00,155.20,0,776
vda,48.80,0.00,212.00,0,1060
vda,26.60,0.00,108.80,0,544
vda,49.00,0.80,367.20,4,1836
vda,49.80,0.00,240.00,0,1200
vda,29.00,0.00,168.00,0,840
vda,0.80,0.00,22.40,0,112
vda,0.40,0.00,3.20,0,16
vda,35.20,0.00,268.80,0,1344
vda,34.20,0.00,182.40,0,912
vda,43.00,0.00,188.00,0,940
vda,52.60,0.80,248.80,4,1244
vda,5.80,0.00,56.00,0,280
vda,0.40,0.00,8.00,0,40
vda,11.20,0.00,44.80,0,224
vda,48.20,0.80,232.00,4,1160
vda,3.00,0.00,164.00,0,820
vda,16.20,1.60,94.40,8,472
vda,11.80,0.00,47.20,0,236
vda,51.00,0.00,210.40,0,1052
vda,55.20,0.00,235.20,0,1176
vda,54.00,0.00,279.20,0,1396
vda,14.20,0.00,73.60,0,368
vda,24.80,0.80,256.80,4,1284
vda,3.00,0.00,16.80,0,84
vda,2.40,0.00,9.60,0,48
vda,49.00,0.00,210.40,0,1052
vda,21.40,0.00,118.40,0,592
vda,7.80,0.00,32.00,0,160
vda,14.40,0.00,66.40,0,332
vda,19.00,0.00,107.20,0,536
vda,33.40,0.00,153.60,0,768
vda,43.60,0.00,179.20,0,896
vda,50.60,0.00,386.40,0,1932
vda,11.40,0.00,67.20,0,336
vda,30.40,0.00,123.20,0,616
vda,46.40,0.00,209.60,0,1048
vda,11.20,0.00,64.00,0,320
vda,10.40,0.00,74.40,0,372
vda,43.40,0.00,184.00,0,920
vda,19.20,0.00,240.00,0,1200
vda,25.15,0.00,130.14,0,652
vda,62.00,0.00,256.00,0,1280
vda,2.80,0.00,33.60,0,168
vda,11.60,0.00,53.60,0,268
vda,28.60,0.00,146.40,0,732
vda,19.40,0.00,113.60,0,568
vda,28.40,1.60,309.60,8,1548
vda,42.20,0.00,175.20,0,876
vda,24.40,0.00,116.80,0,584
vda,2.80,0.00,54.40,0,272
vda,55.80,0.80,233.60,4,1168
vda,10.00,0.00,42.40,0,212
vda,7.40,0.80,63.20,4,316
vda,49.00,0.00,200.80,0,1004
vda,32.00,0.00,302.40,0,1512
vda,23.00,0.80,140.00,4,700
vda,33.20,0.00,154.40,0,772
vda,7.40,0.00,40.80,0,204
vda,30.80,1.60,130.40,8,652
vda,56.80,0.00,262.40,0,1312
vda,1.00,0.00,12.00,0,60
vda,13.60,1.60,195.20,8,976
vda,66.80,0.80,306.40,4,1532
vda,20.60,0.00,91.20,0,456
vda,40.20,0.00,186.40,0,932
vda,56.80,1.60,271.20,8,1356
vda,43.80,0.00,193.60,0,968
vda,5.80,0.00,57.60,0,288
vda,10.60,0.00,42.40,0,212
vda,22.80,0.00,97.60,0,488
vda,31.80,0.80,305.60,4,1528
vda,22.00,0.00,128.80,0,644
vda,51.40,0.00,220.00,0,1100
vda,32.40,0.00,140.80,0,704
vda,56.40,0.00,260.80,0,1304
vda,1.20,0.00,137.60,0,688
vda,9.60,0.00,51.20,0,256
vda,24.20,0.00,130.40,0,652
vda,25.60,0.00,116.80,0,584
vda,33.40,0.00,168.80,0,844
vda,51.80,0.00,227.20,0,1136
vda,6.00,0.00,31.20,0,156
vda,1.40,1.60,170.40,8,852
vda,16.40,0.00,97.60,0,488
vda,34.20,0.00,145.60,0,728
vda,11.80,0.80,104.80,4,524
vda,31.40,0.00,152.00,0,760
vda,56.40,0.00,236.00,0,1180
vda,31.40,0.80,153.60,4,768
vda,54.00,0.00,232.00,0,1160
vda,13.40,0.00,202.40,0,1012
vda,18.20,0.00,142.40,0,712
vda,26.40,0.00,124.00,0,620
vda,0.60,0.00,16.00,0,80
vda,1.00,3.20,35.20,16,176
vda,47.40,0.00,203.20,0,1016
vda,42.00,0.00,192.00,0,960
vda,1.20,1.60,160.80,8,804
vda,40.00,0.00,161.60,0,808
vda,15.20,0.00,68.00,0,340
vda,27.20,0.80,146.40,4,732
vda,68.60,0.00,307.20,0,1536
vda,17.20,0.00,118.40,0,592
vda,5.20,0.80,52.80,4,264
vda,49.00,0.00,320.80,0,1604
vda,0.40,0.00,9.58,0,48
vda,19.60,1.60,84.80,8,424
vda,56.40,0.00,274.40,0,1372
vda,14.00,0.00,94.40,0,472
vda,13.40,0.00,87.20,0,436
vda,57.40,0.00,236.00,0,1180
vda,9.60,0.00,200.00,0,1000
vda,17.00,0.80,68.00,4,340
vda,38.40,0.00,185.60,0,928
vda,28.40,0.00,126.40,0,632
vda,22.40,0.80,111.20,4,556
vda,31.00,0.00,160.80,0,804
vda,7.00,0.80,156.00,4,780
vda,47.40,0.80,225.60,4,1128
vda,35.80,0.00,156.00,0,780
vda,13.20,0.00,63.20,0,316
vda,13.40,0.00,90.40,0,452
vda,32.20,0.00,133.60,0,668
vda,23.00,0.00,128.00,0,640
vda,25.60,0.00,104.80,0,524
vda,39.80,0.00,202.40,0,1012
vda,24.40,0.00,256.00,0,1280
vda,29.40,0.00,125.60,0,628
vda,20.60,0.00,123.20,0,616
vda,10.80,0.80,83.20,4,416
vda,1.20,3.20,1.60,16,8
vda,53.20,0.00,244.00,0,1220
vda,11.60,0.00,53.60,0,268
vda,15.00,0.80,90.40,4,452
vda,46.20,0.00,196.80,0,984
vda,39.40,0.00,353.60,0,1768
vda,28.20,0.80,127.20,4,636
vda,53.40,0.00,277.60,0,1388
vda,1.00,0.80,8.80,4,44
vda,40.40,0.00,188.80,0,944
vda,18.40,0.00,79.20,0,396
vda,3.20,1.60,23.20,8,116
vda,39.20,0.00,193.60,0,968
vda,30.60,0.00,256.00,0,1280
vda,16.60,0.80,99.20,4,496
vda,10.40,0.00,41.60,0,208
vda,59.80,0.00,276.00,0,1380
vda,23.40,0.00,100.00,0,500
vda,29.00,0.00,148.80,0,744
vda,40.80,80.80,168.00,404,840
vda,2.00,28.00,182.40,140,912
vda,36.20,0.00,192.80,0,964
vda,25.40,0.00,112.00,0,560
vda,0.20,0.00,0.00,0,0
vda,6.80,0.00,32.00,0,160
vda,66.00,0.00,300.00,0,1500
vda,23.00,0.80,103.20,4,516
vda,13.00,0.80,80.00,4,400
vda,54.20,0.00,248.00,0,1240
