vda,1.00,0.00,0.01,0,0
vda,26.00,0.00,0.11,0,0
vda,1.20,0.00,0.00,0,0
vda,0.00,0.00,0.00,0,0
vda,1.80,0.00,0.01,0,0
vda,10.80,0.00,0.05,0,0
vda,0.00,0.00,0.00,0,0
vda,357.80,4.42,0.00,22,0
vda,195.60,2.15,0.01,10,0
vda,330.00,4.51,0.02,22,0
vda,85.00,0.88,0.01,4,0
vda,70.80,0.56,0.02,2,0
vda,14.80,0.00,0.06,0,0
vda,6.80,0.00,0.04,0,0
vda,4.80,0.00,0.02,0,0
vda,6.80,0.00,0.07,0,0
vda,9.20,0.00,0.04,0,0
vda,5.40,0.00,0.02,0,0
vda,1.40,0.00,0.01,0,0
vda,12.60,0.09,0.08,0,0
vda,5.60,0.00,0.02,0,0
vda,0.00,0.00,0.00,0,0
vda,0.60,0.00,0.00,0,0
vda,14.80,0.00,0.06,0,0
vda,1.20,0.00,0.00,0,0
vda,0.00,0.00,0.00,0,0
vda,0.80,0.00,0.00,0,0
vda,8.60,0.00,0.04,0,0
vda,3.00,0.00,0.01,0,0
vda,17.60,0.00,0.07,0,0
vda,0.80,0.00,0.00,0,0
vda,0.00,0.00,0.00,0,0
vda,1.80,0.00,0.01,0,0
