3417552.0,82592.0,3296.0
3101482.4,122303.46667,4595.2
2740260.0,167688.0,6080.0
2740260.0,167688.0,6080.0
2334370.1333,249108.26667,6150.9333333
1870496.0,342160.0,6232.0
1870496.0,342160.0,6232.0
1827170.6667,348669.06667,6301.0666667
1777656.0,356108.0,6380.0
1759748.8,364418.4,6426.4
1732888.0,376884.0,6496.0
1732888.0,376884.0,6496.0
1718326.9333,375032.26667,6516.2666667
1678284.0,369940.0,6572.0
1678284.0,369940.0,6572.0
1681551.2,364436.0,6600.8
1686452.0,356180.0,6644.0
1657866.4,367311.2,6672.8
1614988.0,384008.0,6716.0
1614988.0,384008.0,6716.0
1623770.6667,374796.0,6734.6666667
1641336.0,356372.0,6772.0
1641336.0,356372.0,6772.0
2047894.9333,349072.8,6788.0
