vda,1.20,0.00,0.01,0,0
vda,32.00,0.00,0.14,0,0
vda,2.60,0.00,0.01,0,0
vda,0.00,0.00,0.00,0,0
vda,2.20,0.00,0.01,0,0
vda,1.80,0.00,0.01,0,0
vda,3.40,0.00,0.02,0,0
vda,3.40,0.00,0.01,0,0
vda,0.00,0.00,0.00,0,0
vda,4.60,0.00,0.02,0,0
vda,2.00,0.00,0.01,0,0
vda,1.80,0.00,0.01,0,0
vda,375.60,4.59,0.02,22,0
vda,157.20,1.73,0.01,8,0
vda,356.60,4.68,0.05,23,0
vda,160.60,1.43,0.02,7,0
vda,8.80,0.00,0.03,0,0
vda,25.40,0.00,0.10,0,0
vda,2.60,0.09,0.02,0,0
vda,5.80,0.00,0.02,0,0
vda,2.40,0.00,0.01,0,0
vda,2.40,0.00,0.01,0,0
vda,11.80,0.00,0.05,0,0
vda,1.80,0.00,0.01,0,0
vda,7.60,0.00,0.07,0,0
vda,2.40,0.00,0.01,0,0
vda,2.00,0.00,0.01,0,0
