vda,18.60,0.00,0.09,0,0
vda,3.40,0.00,0.01,0,0
vda,2.00,0.00,0.01,0,0
vda,6.00,0.00,0.03,0,0
vda,4.00,0.00,0.01,0,0
vda,0.00,0.00,0.00,0,0
vda,11.60,0.00,0.05,0,0
vda,426.40,5.25,0.02,26,0
vda,410.40,5.27,0.02,26,0
vda,56.40,0.64,0.02,3,0
vda,136.60,1.16,0.03,5,0
vda,13.00,0.00,0.05,0,0
vda,0.60,0.00,0.01,0,0
vda,12.60,0.09,0.11,0,0
vda,9.00,0.00,0.03,0,0
vda,2.40,0.00,0.01,0,0
vda,0.00,0.00,0.00,0,0
vda,1.80,0.00,0.01,0,0
vda,2.40,0.00,0.01,0,0
vda,2.00,0.00,0.01,0,0
vda,10.60,0.00,0.05,0,0
vda,1.80,0.00,0.01,0,0
vda,1.80,0.00,0.01,0,0
vda,4.00,0.00,0.02,0,0
vda,2.40,0.00,0.02,0,0
vda,2.00,0.00,0.01,0,0
vda,0.00,0.00,0.00,0,0
