vda,0.40,0.00,0.00,0,0
vda,2.00,0.00,0.01,0,0
vda,29.40,0.27,0.01,1,0
vda,4.40,0.07,0.02,0,0
vda,3.60,0.00,0.01,0,0
vda,1.80,0.00,0.01,0,0
vda,20.20,0.00,0.10,0,0
vda,2.40,0.00,0.01,0,0
vda,1.80,0.00,0.01,0,0
vda,2.40,0.00,0.01,0,0
vda,3.20,0.00,0.02,0,0
vda,5.00,0.00,0.02,0,0
vda,347.00,4.16,0.03,20,0
vda,176.65,2.03,0.02,10,0
vda,328.80,4.37,0.01,21,0
vda,176.00,1.72,0.02,8,0
vda,8.80,0.04,0.02,0,0
vda,10.40,0.00,0.04,0,0
vda,6.80,0.00,0.03,0,0
vda,22.60,0.00,0.15,0,0
vda,8.80,0.09,0.08,0,0
vda,5.80,0.00,0.02,0,0
vda,2.40,0.00,0.01,0,0
vda,2.00,0.00,0.01,0,0
vda,2.80,0.00,0.01,0,0
vda,2.20,0.00,0.01,0,0
vda,6.80,0.00,0.04,0,0
vda,2.80,0.00,0.01,0,0
vda,8.80,0.00,0.04,0,0
vda,0.00,0.00,0.00,0,0
