vda,24.80,0.00,0.12,0,0
vda,3.00,0.00,0.01,0,0
vda,2.00,0.00,0.01,0,0
vda,4.60,0.00,0.02,0,0
vda,0.00,0.00,0.00,0,0
vda,1.80,0.00,0.01,0,0
vda,30.00,0.12,0.06,0,0
vda,2.60,0.00,0.01,0,0
vda,2.20,0.00,0.01,0,0
vda,1.80,0.00,0.01,0,0
vda,0.00,0.00,0.00,0,0
vda,1.80,0.00,0.01,0,0
vda,292.80,3.60,0.02,17,0
vda,226.60,2.57,0.03,12,0
vda,246.00,3.42,0.05,17,0
vda,273.40,2.72,0.02,13,0
vda,4.00,0.00,0.01,0,0
vda,12.20,0.08,0.06,0,0
vda,6.20,0.00,0.03,0,0
vda,3.20,0.00,0.01,0,0
vda,7.20,0.00,0.04,0,0
vda,2.40,0.00,0.01,0,0
vda,7.00,0.00,0.03,0,0
vda,2.00,0.00,0.01,0,0
vda,3.00,0.00,0.01,0,0
vda,2.40,0.00,0.01,0,0
vda,2.00,0.00,0.01,0,0
