vda,31.20,0.00,0.16,0,0
vda,3.60,0.00,0.01,0,0
vda,0.00,0.00,0.00,0,0
vda,1.00,0.00,0.00,0,0
vda,0.00,0.00,0.00,0,0
vda,0.60,0.00,0.00,0,0
vda,1.00,0.00,0.01,0,0
vda,2.80,0.00,0.01,0,0
vda,13.20,0.00,0.05,0,0
vda,4.00,0.00,0.02,0,0
vda,4.80,0.00,0.02,0,0
vda,12.60,0.00,0.51,0,2
vda,5.60,0.00,0.02,0,0
vda,5.00,0.00,0.02,0,0
vda,0.00,0.00,0.00,0,0
vda,4.80,0.00,0.02,0,0
vda,4.80,0.00,0.02,0,0
vda,5.00,0.00,0.03,0,0
vda,15.40,0.00,0.08,0,0
vda,5.80,0.00,0.02,0,0
vda,2.00,0.00,0.01,0,0
vda,1.00,0.00,0.00,0,0
vda,8.40,0.00,0.03,0,0
vda,5.80,0.00,0.03,0,0
vda,1.00,0.00,0.00,0,0
vda,0.80,0.00,0.00,0,0
vda,0.00,0.00,0.00,0,0
