vda,0.80,0.00,0.00,0,0
vda,10.80,0.06,0.00,0,0
vda,18.20,0.12,0.00,0,0
vda,1.60,0.00,0.01,0,0
vda,0.00,0.00,0.00,0,0
vda,1.00,0.00,0.01,0,0
vda,48.60,0.27,0.10,1,0
vda,363.40,4.53,0.02,22,0
vda,353.20,4.85,0.01,24,0
vda,172.80,6.12,0.02,30,0
vda,147.20,2.69,0.02,13,0
vda,9.80,0.00,0.04,0,0
vda,9.00,0.00,0.04,0,0
vda,19.40,0.09,0.10,0,0
vda,0.00,0.00,0.00,0,0
vda,1.00,0.00,0.00,0,0
vda,2.40,0.00,0.01,0,0
vda,1.60,0.00,0.01,0,0
vda,1.00,0.00,0.00,0,0
vda,0.00,0.00,0.00,0,0
vda,5.00,0.00,0.03,0,0
vda,0.80,0.00,0.00,0,0
