vda,2.80,0.01,0.01,0,0
vda,0.00,0.00,0.00,0,0
vda,0.60,0.00,0.00,0,0
vda,0.80,0.00,0.01,0,0
vda,2.20,0.00,0.01,0,0
vda,2.40,0.00,0.01,0,0
vda,13.80,0.00,0.07,0,0
vda,39.80,0.38,0.00,1,0
vda,104.40,8.37,0.02,41,0
vda,47.40,17.46,0.02,87,0
vda,63.20,23.20,0.01,115,0
vda,49.20,17.79,0.01,88,0
vda,35.40,11.61,0.03,58,0
vda,65.60,23.40,0.03,117,0
vda,15.60,5.63,0.05,28,0
vda,63.20,22.20,0.02,111,0
vda,53.00,19.75,0.01,98,0
vda,35.00,14.00,0.00,70,0
vda,7.00,1.60,0.01,8,0
vda,5.80,0.00,0.04,0,0
vda,4.20,0.00,0.02,0,0
vda,7.80,0.00,0.03,0,0
vda,3.20,0.00,0.01,0,0
vda,1.60,0.00,0.01,0,0
vda,8.60,0.01,1.64,0,8
vda,15.80,0.00,9.59,0,47
vda,4.40,0.00,0.02,0,0
vda,3.20,0.00,0.01,0,0
vda,0.00,0.00,0.00,0,0
vda,4.40,0.00,0.02,0,0
vda,5.80,0.00,3.22,0,16
vda,16.00,0.00,18.98,0,94
vda,7.40,0.03,0.02,0,0
vda,1.00,0.00,0.00,0,0
vda,0.00,0.00,0.00,0,0
vda,0.60,0.00,0.00,0,0
vda,3.60,0.00,0.02,0,0
vda,1.00,0.00,0.00,0,0
vda,12.40,0.00,0.05,0,0
vda,5.60,0.00,0.02,0,0
vda,12.00,0.00,3.26,0,16
vda,10.20,0.01,2.34,0,11
vda,0.00,0.00,0.00,0,0
vda,3.40,0.00,0.01,0,0
vda,2.60,0.00,0.01,0,0
vda,17.60,0.00,9.67,0,48
vda,7.60,0.00,7.26,0,36
vda,3.40,0.00,0.01,0,0
vda,2.20,0.00,0.01,0,0
vda,0.00,0.00,0.00,0,0
vda,1.80,0.00,0.01,0,0
vda,15.60,0.00,8.06,0,40
vda,4.80,0.00,5.81,0,29
vda,1.00,0.00,0.00,0,0
vda,2.20,0.00,0.01,0,0
vda,0.00,0.00,0.00,0,0
vda,3.20,0.00,0.01,0,0
vda,3.00,0.00,0.01,0,0
vda,4.60,0.00,0.03,0,0
vda,12.20,0.00,9.64,0,48
vda,7.40,0.00,7.10,0,35
vda,7.20,0.02,0.03,0,0
vda,3.00,0.00,0.01,0,0
vda,8.60,0.00,3.24,0,16
vda,9.60,0.00,1.64,0,8
vda,8.00,0.00,14.68,0,73
vda,2.00,0.00,0.01,0,0
vda,0.00,0.00,0.00,0,0
vda,0.60,0.00,0.00,0,0
vda,10.20,0.00,0.04,0,0
vda,4.80,0.00,0.03,0,0
vda,2.80,0.00,0.01,0,0
vda,15.40,0.02,3.27,0,16
vda,3.20,0.00,2.33,0,11
vda,3.40,0.00,0.01,0,0
vda,0.00,0.00,0.00,0,0
vda,18.00,0.00,9.66,0,48
vda,6.00,0.02,7.25,0,36
vda,4.20,0.00,0.02,0,0
vda,0.00,0.00,0.00,0,0
vda,3.20,0.00,0.01,0,0
vda,3.80,0.03,0.01,0,0
vda,17.80,0.00,8.07,0,40
vda,4.00,0.00,5.81,0,29
vda,2.00,0.00,0.01,0,0
vda,0.80,0.00,0.00,0,0
vda,0.80,0.00,0.00,0,0
vda,0.00,0.00,0.00,0,0
vda,5.20,0.01,0.02,0,0
vda,17.80,0.00,6.47,0,32
vda,7.00,0.00,4.77,0,23
vda,0.00,0.00,0.00,0,0
vda,14.80,0.00,1.66,0,8
vda,12.40,0.00,15.13,0,75
vda,3.40,0.00,0.01,0,0
vda,0.00,0.00,0.00,0,0
vda,2.40,0.00,0.01,0,0
vda,14.40,0.03,0.05,0,0
vda,10.00,0.00,3.27,0,16
vda,8.20,0.00,5.13,0,25
vda,2.59,0.00,0.01,0,0
vda,1.80,0.00,0.01,0,0
vda,1.00,0.00,0.00,0,0
vda,1.20,0.01,0.00,0,0
vda,21.20,0.00,6.47,0,32
vda,6.20,0.00,4.77,0,23
vda,4.20,0.00,0.02,0,0
vda,2.40,0.03,0.00,0,0
vda,21.20,0.00,9.68,0,48
vda,7.20,0.00,7.13,0,35
vda,3.60,0.00,0.01,0,0
vda,0.00,0.00,0.00,0,0
vda,2.00,0.00,0.01,0,0
vda,9.60,0.33,0.00,1,0
vda,2.40,0.00,0.01,0,0
vda,3.00,0.00,0.01,0,0
vda,8.20,0.00,5.47,0,27
vda,11.00,0.00,2.90,0,14
vda,2.60,0.00,0.01,0,0
vda,16.20,0.00,0.07,0,0
vda,4.00,0.00,0.02,0,0
vda,15.00,0.00,9.66,0,48
vda,6.00,0.00,7.10,0,35
vda,3.00,0.00,0.01,0,0
vda,0.00,0.00,0.00,0,0
vda,10.20,0.00,9.64,0,48
vda,6.60,0.00,7.04,0,35
vda,3.20,0.00,0.01,0,0
vda,1.60,0.00,0.01,0,0
vda,1.00,0.00,0.00,0,0
vda,0.00,0.00,0.00,0,0
vda,0.60,0.00,0.00,0,0
vda,6.80,0.00,0.04,0,0
vda,2.60,0.00,2.87,0,14
vda,5.80,0.00,0.02,0,0
vda,2.80,0.00,0.01,0,0
vda,4.60,0.01,0.01,0,0
vda,18.20,0.00,9.67,0,48
vda,2.60,0.00,7.08,0,35
vda,3.40,0.00,0.01,0,0
vda,0.00,0.00,0.00,0,0
vda,9.20,0.00,9.64,0,48
vda,5.60,0.00,7.04,0,35
vda,3.00,0.00,0.01,0,0
vda,0.20,0.02,0.00,0,0
vda,1.80,0.00,0.01,0,0
vda,1.00,0.00,0.00,0,0
vda,1.20,0.00,0.01,0,0
vda,2.00,0.00,0.01,0,0
vda,13.00,0.00,2.91,0,14
vda,8.00,0.00,0.03,0,0
vda,0.00,0.00,0.00,0,0
vda,2.60,0.00,0.01,0,0
vda,3.80,0.00,0.02,0,0
vda,15.60,0.00,9.66,0,48
vda,10.00,0.00,7.10,0,35
vda,3.40,0.00,0.01,0,0
vda,2.60,0.00,0.01,0,0
vda,11.60,0.00,1.65,0,8
vda,11.20,0.00,15.05,0,75
vda,3.40,0.00,0.01,0,0
vda,0.00,0.00,0.00,0,0
vda,0.80,0.00,0.00,0,0
vda,0.00,0.00,0.00,0,0
vda,4.00,0.00,0.02,0,0
vda,5.80,0.00,0.02,0,0
vda,2.80,0.00,2.87,0,14
vda,0.00,0.00,0.00,0,0
vda,0.80,0.00,0.00,0,0
vda,2.60,0.00,0.01,0,0
vda,15.60,0.00,6.46,0,32
vda,4.60,0.00,4.76,0,23
vda,0.20,0.00,0.00,0,0
vda,8.80,0.00,3.24,0,16
vda,8.20,0.00,6.43,0,32
vda,6.60,0.00,7.13,0,35
vda,0.00,0.00,0.00,0,0
vda,2.60,0.00,0.01,0,0
vda,0.00,0.00,0.00,0,0
vda,2.20,0.00,0.01,0,0
vda,11.80,0.00,0.05,0,0
vda,0.20,0.00,0.00,0,0
vda,3.60,0.00,5.45,0,27
vda,21.00,0.01,2.94,0,14
vda,1.00,0.00,0.00,0,0
vda,0.00,0.00,0.00,0,0
vda,0.60,0.00,0.00,0,0
vda,8.40,0.00,0.04,0,0
vda,5.00,0.00,0.05,0,0
vda,1.60,0.00,0.01,0,0
vda,0.00,0.00,0.00,0,0
vda,0.80,0.00,0.00,0,0
vda,2.20,0.00,0.01,0,0
vda,9.20,0.00,0.04,0,0
vda,0.00,0.00,0.00,0,0
vda,0.80,0.00,0.00,0,0
vda,0.00,0.00,0.00,0,0
vda,0.80,0.00,0.00,0,0
vda,0.80,0.00,0.00,0,0
vda,1.20,0.00,0.01,0,0
vda,11.20,0.00,0.05,0,0
vda,1.00,0.00,0.00,0,0
vda,1.40,0.00,0.01,0,0
vda,1.00,0.00,0.00,0,0
vda,0.00,0.00,0.00,0,0
vda,1.20,0.00,0.01,0,0
vda,1.20,0.00,0.00,0,0
vda,1.00,0.00,0.00,0,0
