vda,26.20,0.00,0.11,0,0
vda,3.00,0.00,0.01,0,0
vda,31.20,0.34,0.01,1,0
vda,2.00,0.00,0.01,0,0
vda,1.80,0.00,0.01,0,0
vda,2.60,0.00,0.01,0,0
vda,2.40,0.00,0.01,0,0
vda,4.00,0.00,0.02,0,0
vda,9.20,0.00,0.04,0,0
vda,2.00,0.00,0.01,0,0
vda,3.60,0.00,0.02,0,0
vda,2.40,0.00,0.01,0,0
vda,394.20,4.75,0.05,23,0
vda,446.20,5.62,0.13,28,0
vda,95.20,11.30,0.00,56,0
vda,7.00,0.52,0.02,2,0
vda,140.20,1.29,0.02,6,0
vda,1.40,0.01,0.00,0,0
vda,6.00,0.03,0.02,0,0
vda,5.60,0.00,0.03,0,0
vda,5.60,0.00,0.02,0,0
vda,9.80,0.00,0.06,0,0
vda,11.20,0.00,0.05,0,0
vda,5.60,0.00,2.10,0,10
vda,4.80,0.00,0.69,0,3
vda,7.20,0.00,1.47,0,7
vda,5.20,0.00,1.43,0,7
vda,5.80,0.00,0.02,0,0
vda,6.60,0.00,1.48,0,7
vda,0.40,0.00,0.00,0,0
vda,18.60,0.00,0.07,0,0
vda,1.00,0.00,0.01,0,0
vda,3.20,0.00,0.01,0,0
vda,6.40,0.00,2.90,0,14
vda,4.60,0.00,0.02,0,0
vda,10.80,0.00,1.51,0,7
vda,11.20,0.00,0.05,0,0
vda,7.60,0.00,0.04,0,0
vda,4.40,0.00,0.02,0,0
vda,3.20,0.00,0.01,0,0
vda,4.80,0.00,0.02,0,0
vda,6.80,0.00,0.03,0,0
vda,6.00,0.00,0.04,0,0
vda,8.20,0.08,0.03,0,0
vda,2.20,0.00,0.01,0,0
vda,0.00,0.00,0.00,0,0
vda,17.20,0.05,0.04,0,0
vda,2.00,0.00,0.01,0,0
vda,2.20,0.00,0.01,0,0
vda,6.60,0.00,0.03,0,0
vda,2.20,0.00,0.01,0,0
vda,11.80,0.00,0.05,0,0
