vda,3.00,0.00,0.01,0,0
vda,25.60,0.00,0.11,0,0
vda,2.20,0.00,0.01,0,0
vda,0.00,0.00,0.00,0,0
vda,1.80,0.00,0.01,0,0
vda,2.00,0.00,0.01,0,0
vda,5.80,0.00,0.03,0,0
vda,424.75,5.22,0.02,26,0
vda,435.80,5.62,0.00,28,0
vda,61.40,8.10,0.02,40,0
vda,145.00,3.13,0.01,15,0
vda,6.80,0.04,0.02,0,0
vda,13.00,0.00,0.06,0,0
vda,7.60,0.00,0.04,0,0
vda,14.20,0.00,0.13,0,0
vda,17.60,0.00,0.07,0,0
vda,0.00,0.00,0.00,0,0
vda,11.60,0.09,0.05,0,0
vda,7.80,0.00,0.03,0,0
vda,2.20,0.00,0.01,0,0
vda,0.20,0.00,0.00,0,0
vda,15.80,0.00,0.10,0,0
vda,2.40,0.00,0.01,0,0
vda,1.80,0.00,0.01,0,0
vda,3.00,0.00,0.01,0,0
vda,4.00,0.00,0.02,0,0
vda,12.40,0.00,0.05,0,0
vda,0.00,0.00,0.00,0,0
vda,2.00,0.00,0.01,0,0
vda,4.40,0.00,0.02,0,0
vda,2.80,0.00,0.01,0,0
vda,2.00,0.00,0.01,0,0
