vda,1.20,0.00,0.01,0,0
vda,18.80,0.00,0.08,0,0
vda,0.80,0.00,0.00,0,0
vda,0.00,0.00,0.00,0,0
vda,0.80,0.00,0.00,0,0
vda,0.00,0.00,0.00,0,0
vda,1.80,0.00,0.01,0,0
vda,381.60,4.65,0.02,23,0
vda,381.40,5.09,0.03,25,0
vda,197.20,17.29,0.03,86,0
vda,24.40,6.23,0.01,31,0
vda,155.60,5.88,0.02,29,0
vda,10.60,0.03,0.04,0,0
vda,14.40,0.00,0.07,0,0
vda,18.00,0.00,0.07,0,0
vda,2.40,0.09,0.06,0,0
vda,12.60,0.00,0.07,0,0
vda,0.00,0.00,0.00,0,0
vda,3.00,0.00,0.01,0,0
vda,0.00,0.00,0.00,0,0
vda,1.20,0.00,0.00,0,0
vda,2.20,0.00,0.01,0,0
vda,0.00,0.00,0.00,0,0
vda,0.60,0.00,0.00,0,0
vda,9.60,0.00,0.04,0,0
vda,1.60,0.00,0.01,0,0
vda,1.00,0.00,0.00,0,0
vda,1.80,0.00,0.01,0,0
vda,0.20,0.00,0.00,0,0
vda,1.00,0.00,0.00,0,0
