vda,16.60,0.08,0.00,0,0
vda,1.00,0.00,0.00,0,0
vda,0.00,0.00,0.00,0,0
vda,1.20,0.00,0.01,0,0
vda,3.20,0.00,0.01,0,0
vda,0.60,0.00,0.00,0,0
vda,21.40,0.00,0.09,0,0
vda,1.40,0.00,0.01,0,0
vda,0.00,0.00,0.00,0,0
vda,1.40,0.00,0.01,0,0
vda,2.20,0.00,0.01,0,0
vda,1.20,0.00,0.00,0,0
vda,257.00,3.20,0.01,16,0
vda,267.80,3.03,0.01,15,0
vda,225.40,3.34,0.01,16,0
vda,274.20,2.73,0.03,13,0
vda,9.40,0.03,0.03,0,0
vda,20.60,0.01,0.07,0,0
vda,8.00,0.09,0.04,0,0
vda,7.60,0.00,0.04,0,0
vda,3.00,0.00,0.01,0,0
vda,3.00,0.00,0.01,0,0
vda,0.80,0.00,0.00,0,0
vda,15.00,0.09,0.00,0,0
vda,1.60,0.00,0.01,0,0
vda,0.00,0.00,0.00,0,0
vda,15.60,0.00,0.07,0,0
