vda,5.20,0.00,0.02,0,0
vda,0.40,0.00,0.00,0,0
vda,5.00,0.00,0.02,0,0
vda,0.00,0.00,0.00,0,0
vda,197.00,0.00,0.79,0,3
vda,2.80,0.00,0.01,0,0
vda,11.40,0.00,0.05,0,0
vda,11.40,0.00,0.04,0,0
vda,135.80,0.00,0.63,0,3
vda,7.40,0.00,0.03,0,0
vda,0.00,0.00,0.00,0,0
vda,133.80,0.00,0.57,0,2
vda,5.60,0.00,0.02,0,0
vda,12.00,0.00,0.05,0,0
vda,3.20,0.00,0.01,0,0
vda,3.80,0.00,0.01,0,0
vda,7.40,0.00,0.31,0,1
vda,26.80,0.00,0.11,0,0
vda,182.24,0.00,0.81,0,4
vda,9.40,0.00,0.04,0,0
vda,0.00,0.00,0.00,0,0
vda,1.40,0.00,0.01,0,0
vda,141.40,0.00,0.57,0,2
vda,1.40,0.00,0.01,0,0
vda,5.20,0.00,0.02,0,0
