vda,25.40,0.00,0.11,0,0
vda,2.00,0.00,0.01,0,0
vda,0.80,0.00,0.00,0,0
vda,0.00,0.00,0.00,0,0
vda,28.80,0.24,0.01,1,0
vda,1.80,0.00,0.01,0,0
vda,1.60,0.00,0.01,0,0
vda,1.40,0.00,0.01,0,0
vda,0.80,0.00,0.00,0,0
vda,0.00,0.00,0.00,0,0
vda,8.00,0.00,0.03,0,0
vda,1.60,0.00,0.01,0,0
vda,189.40,2.25,0.01,11,0
vda,369.20,4.32,0.01,21,0
vda,347.80,7.69,0.04,38,0
vda,70.60,18.97,0.01,94,0
vda,35.53,4.38,0.12,21,0
vda,132.20,1.13,0.02,5,0
vda,3.40,0.00,0.01,0,0
vda,1.40,0.03,0.00,0,0
vda,4.00,0.00,0.02,0,0
vda,3.00,0.00,0.01,0,0
vda,5.40,0.00,0.03,0,0
vda,12.40,0.00,1.54,0,7
vda,3.20,0.01,0.73,0,3
vda,4.60,0.00,0.02,0,0
vda,10.60,0.00,0.04,0,0
vda,4.80,0.00,0.02,0,0
vda,1.00,0.00,0.01,0,0
vda,4.80,0.00,0.02,0,0
vda,15.60,0.00,0.09,0,0
vda,3.60,0.00,0.01,0,0
vda,4.60,0.00,0.78,0,3
vda,5.40,0.00,1.50,0,7
vda,15.40,0.00,0.07,0,0
vda,3.80,0.00,0.01,0,0
vda,3.20,0.00,0.02,0,0
vda,5.80,0.00,0.03,0,0
vda,10.40,0.00,6.78,0,33
vda,7.40,0.00,0.03,0,0
vda,2.20,0.08,0.00,0,0
vda,6.00,0.00,0.02,0,0
vda,0.00,0.00,0.00,0,0
vda,2.60,0.00,0.01,0,0
vda,2.20,0.00,0.01,0,0
vda,6.60,0.00,0.04,0,0
vda,0.60,0.00,0.00,0,0
vda,1.20,0.00,0.00,0,0
vda,0.00,0.00,0.00,0,0
