vda,1.20,0.00,0.01,0,0
vda,30.40,0.00,0.13,0,0
vda,2.00,0.00,0.01,0,0
vda,2.00,0.00,0.01,0,0
vda,1.80,0.00,0.01,0,0
vda,1.80,0.00,0.01,0,0
vda,3.40,0.00,0.02,0,0
vda,1.80,0.00,0.01,0,0
vda,4.20,0.00,0.02,0,0
vda,2.00,0.00,0.01,0,0
vda,2.40,0.00,0.01,0,0
vda,11.80,0.00,0.05,0,0
vda,311.40,3.85,0.02,19,0
vda,435.40,5.65,0.02,28,0
vda,184.20,15.37,0.01,76,0
vda,17.00,1.30,0.01,6,0
vda,139.20,1.28,0.01,6,0
vda,3.40,0.04,0.01,0,0
vda,14.40,0.00,0.09,0,0
vda,5.00,0.00,0.03,0,0
vda,7.20,0.00,0.08,0,0
vda,5.80,0.00,0.02,0,0
vda,8.60,0.00,0.03,0,0
vda,5.00,0.00,0.02,0,0
vda,4.20,0.00,0.02,0,0
vda,7.20,0.00,0.03,0,0
vda,15.00,0.00,0.09,0,0
vda,2.20,0.00,0.01,0,0
vda,1.20,0.08,0.00,0,0
vda,7.00,0.00,0.03,0,0
vda,2.20,0.00,0.01,0,0
vda,11.60,0.00,0.05,0,0
vda,2.40,0.00,0.01,0,0
vda,4.80,0.00,0.02,0,0
vda,2.00,0.00,0.01,0,0
vda,3.80,0.00,0.02,0,0
vda,1.80,0.00,0.01,0,0
