vda,2.80,0.00,0.01,0,0
vda,0.00,0.00,0.00,0,0
vda,0.60,0.00,0.00,0,0
vda,21.40,0.00,0.10,0,0
vda,1.60,0.00,0.01,0,0
vda,0.00,0.00,0.00,0,0
vda,30.80,0.34,0.01,1,0
vda,265.60,3.33,0.01,16,0
vda,342.80,4.04,0.01,20,0
vda,309.60,16.09,0.02,80,0
vda,42.00,8.76,0.02,43,0
vda,12.40,3.27,0.01,16,0
vda,50.60,12.01,0.04,60,0
vda,2.40,0.00,0.01,0,0
vda,1.80,0.43,0.01,2,0
vda,10.00,1.63,0.08,8,0
vda,13.40,4.83,0.00,24,0
vda,16.20,1.37,0.02,6,0
vda,128.60,1.12,0.01,5,0
vda,12.80,0.01,0.05,0,0
vda,4.00,0.00,0.02,0,0
vda,4.80,0.02,0.01,0,0
vda,5.80,0.00,4.41,0,22
vda,7.00,0.00,0.03,0,0
vda,2.80,0.00,0.01,0,0
vda,0.00,0.00,0.00,0,0
vda,3.80,0.00,0.01,0,0
vda,3.40,0.00,0.01,0,0
vda,4.00,0.00,0.02,0,0
vda,6.60,0.00,0.04,0,0
vda,11.00,0.00,0.04,0,0
vda,1.20,0.00,2.27,0,11
vda,9.20,0.00,2.23,0,11
vda,0.40,0.00,0.00,0,0
vda,5.20,0.00,0.03,0,0
vda,3.80,0.00,0.01,0,0
vda,9.40,0.00,1.18,0,5
vda,0.40,0.00,1.16,0,5
vda,4.00,0.00,2.22,0,11
vda,10.40,0.00,0.04,0,0
vda,1.00,0.00,0.01,0,0
vda,10.00,0.00,2.32,0,11
vda,3.80,0.00,2.22,0,11
vda,13.60,0.00,0.07,0,0
vda,0.80,0.00,0.00,0,0
vda,0.00,0.00,0.00,0,0
vda,4.80,0.00,2.31,0,11
vda,5.40,0.00,2.23,0,11
vda,9.60,0.00,0.04,0,0
vda,12.20,0.00,0.05,0,0
vda,8.40,0.00,0.06,0,0
vda,4.20,0.00,0.02,0,0
vda,10.80,0.00,0.05,0,0
vda,5.00,0.00,0.02,0,0
vda,1.00,0.00,0.00,0,0
vda,5.60,0.00,0.03,0,0
vda,3.80,0.00,0.01,0,0
vda,3.60,0.00,0.01,0,0
vda,1.40,0.00,0.01,0,0
vda,5.00,0.00,0.02,0,0
vda,0.20,0.00,0.00,0,0
vda,4.20,0.00,0.02,0,0
vda,9.60,0.00,2.33,0,11
vda,7.40,0.00,0.03,0,0
vda,0.80,0.00,0.00,0,0
vda,0.00,0.00,0.00,0,0
vda,10.00,0.00,0.04,0,0
vda,4.40,0.00,0.02,0,0
vda,4.80,0.00,0.02,0,0
vda,8.40,0.00,0.05,0,0
vda,1.40,0.00,0.00,0,0
vda,1.00,0.00,0.00,0,0
vda,1.00,0.08,0.00,0,0
vda,6.80,0.00,0.03,0,0
vda,1.00,0.00,0.00,0,0
vda,0.00,0.00,0.00,0,0
vda,12.80,0.00,0.06,0,0
vda,1.00,0.00,0.00,0,0
vda,0.80,0.00,0.00,0,0
vda,1.20,0.00,0.01,0,0
vda,18.20,0.09,0.01,0,0
vda,1.20,0.00,0.00,0,0
