vda,1.00,0.00,0.01,0,0
vda,2.60,0.00,0.01,0,0
vda,1.20,0.00,0.00,0,0
vda,0.00,0.00,0.00,0,0
vda,1.20,0.00,0.00,0,0
vda,3.60,0.00,0.01,0,0
vda,20.40,0.00,0.10,0,0
vda,2.60,0.00,0.01,0,0
vda,9.00,1.20,0.02,6,0
vda,165.80,13.83,0.01,69,0
vda,231.60,14.74,0.01,73,0
vda,9.20,0.82,0.03,4,0
vda,11.20,0.83,0.05,4,0
vda,7.40,1.20,0.03,6,0
vda,2.80,0.83,0.05,4,0
vda,7.80,1.20,0.02,6,0
vda,5.80,0.80,0.01,4,0
vda,14.60,1.23,0.05,6,0
vda,6.40,0.80,0.02,4,0
vda,21.60,1.20,0.10,6,0
vda,7.60,0.80,0.02,4,0
vda,8.20,1.20,0.02,6,0
vda,6.80,0.80,0.02,4,0
vda,6.20,1.20,0.01,6,0
vda,4.80,0.00,0.02,0,0
vda,10.60,0.00,2.72,0,13
vda,12.80,0.00,0.74,0,3
vda,14.60,0.00,1.41,0,7
vda,7.20,0.00,2.05,0,10
vda,0.00,0.00,0.00,0,0
vda,12.40,0.00,2.74,0,13
vda,6.00,0.00,0.70,0,3
vda,10.80,0.00,2.74,0,13
vda,14.20,0.00,0.74,0,3
vda,6.00,0.00,1.38,0,6
vda,9.20,0.00,2.06,0,10
vda,5.80,0.00,1.37,0,6
vda,17.00,0.75,2.05,3,10
vda,33.40,1.13,0.07,5,0
vda,11.80,0.76,0.00,3,0
vda,18.60,1.13,0.00,5,0
vda,17.80,0.76,0.04,3,0
vda,19.00,1.13,0.01,5,0
vda,14.80,0.76,0.01,3,0
vda,18.80,1.13,0.01,5,0
vda,11.60,0.76,0.00,3,0
vda,19.00,1.13,0.01,5,0
vda,11.60,0.76,0.00,3,0
