vda,1.00,0.00,0.01,0,0
vda,25.40,0.00,0.11,0,0
vda,1.80,0.00,0.01,0,0
vda,0.00,0.00,0.00,0,0
vda,0.60,0.00,0.00,0,0
vda,0.00,0.00,0.00,0,0
vda,1.60,0.00,0.01,0,0
vda,340.80,4.16,0.01,20,0
vda,216.60,2.41,0.02,12,0
vda,326.20,4.48,0.02,22,0
vda,153.40,1.44,0.02,7,0
vda,9.80,0.00,0.04,0,0
vda,16.20,0.06,0.06,0,0
vda,7.40,0.03,0.04,0,0
vda,0.00,0.00,0.00,0,0
vda,15.20,0.00,0.10,0,0
vda,1.20,0.00,0.00,0,0
vda,0.00,0.00,0.00,0,0
vda,1.40,0.00,0.01,0,0
vda,2.20,0.00,0.01,0,0
vda,1.20,0.00,0.00,0,0
vda,8.60,0.00,0.04,0,0
vda,1.40,0.00,0.01,0,0
vda,2.40,0.00,0.01,0,0
vda,0.80,0.00,0.01,0,0
vda,13.80,0.00,0.06,0,0
vda,0.80,0.00,0.00,0,0
