3482716.0,47236.0,4092.0
3482716.0,47236.0,4092.0
2220803.2,405114.4,5620.8
1379528.0,643700.0,6640.0
1379528.0,643700.0,6640.0
707453.33333,737095.2,6680.5333333
119388.0,818816.0,6716.0
118355.73333,566310.13333,6738.4
117176.0,277732.0,6764.0
117176.0,277732.0,6764.0
142641.6,179334.13333,6796.0
164924.0,93236.0,6824.0
164924.0,93236.0,6824.0
147001.86667,127034.4,6994.6666667
131320.0,156608.0,7144.0
129987.2,196608.8,5266.1333333
128464.0,242324.0,3120.0
128464.0,242324.0,3120.0
126199.73333,244410.93333,2966.9333333
123612.0,246796.0,2792.0
123612.0,246796.0,2792.0
120599.2,249183.46667,2834.9333333
117156.0,251912.0,2884.0
120783.2,237780.8,2292.0
126224.0,216584.0,1404.0
126224.0,216584.0,1404.0
131188.8,213947.2,1431.2
138636.0,209992.0,1472.0
138636.0,209992.0,1472.0
130438.66667,217909.33333,1492.0
114044.0,233744.0,1532.0
114044.0,224920.0,1013.6
114044.0,211684.0,236.0
114044.0,211684.0,236.0
119914.4,197055.2,660.0
128720.0,175112.0,1296.0
128720.0,175112.0,1296.0
128720.0,175112.0,1296.0
128720.0,175112.0,1296.0
123260.0,180461.6,1437.6
119620.0,184028.0,1532.0
119620.0,184028.0,1532.0
119829.06667,187125.6,1692.0
120012.0,189836.0,1832.0
120012.0,189836.0,1832.0
120865.06667,188772.0,2069.0666667
121840.0,187556.0,2340.0
118244.8,191016.8,2353.0666667
114136.0,194972.0,2368.0
114136.0,194972.0,2368.0
113120.53333,205295.2,1312.0
112232.0,214328.0,388.0
112232.0,214328.0,388.0
108323.73333,215313.6,1008.8
104904.0,216176.0,1552.0
131233.33333,190350.66667,1647.2
161324.0,160836.0,1756.0
161324.0,160836.0,1756.0
148397.33333,173292.26667,1778.4
133624.0,187528.0,1804.0
133624.0,187528.0,1804.0
119232.53333,177328.53333,1140.5333333
106640.0,168404.0,560.0
110032.0,164837.06667,779.73333333
113000.0,161716.0,972.0
113000.0,161716.0,972.0
119939.73333,154055.2,1053.0666667
126012.0,147352.0,1124.0
126012.0,147352.0,1124.0
115224.0,185785.6,819.2
108032.0,211408.0,616.0
108032.0,211408.0,616.0
122962.66667,184029.33333,941.33333333
130428.0,170340.0,1104.0
113801.33333,187148.0,1066.6666667
105488.0,195552.0,1048.0
105488.0,195552.0,1048.0
123123.2,177385.86667,927.73333333
129536.0,170780.0,884.0
129536.0,170780.0,884.0
169332.53333,139325.86667,752.0
183804.0,127888.0,704.0
126392.8,185200.0,1718.4
112040.0,199528.0,1972.0
112040.0,199528.0,1972.0
118079.73333,191370.4,2018.9333333
120276.0,188404.0,2036.0
120276.0,188404.0,2036.0
132229.33333,178099.2,1848.2666667
136576.0,174352.0,1780.0
114578.93333,176860.0,1574.6666667
106580.0,177772.0,1500.0
106580.0,177772.0,1500.0
120535.2,162047.2,2284.0
124024.0,158116.0,2480.0
124024.0,158116.0,2480.0
109568.53333,173254.93333,2532.8
104312.0,178760.0,2552.0
105704.0,157226.66667,1525.3333333
106400.0,146460.0,1012.0
106400.0,146460.0,1012.0
122110.93333,172575.46667,1173.3333333
127824.0,182072.0,1232.0
127824.0,182072.0,1232.0
132945.6,176126.13333,1413.8666667
134808.0,173964.0,1480.0
113635.2,195829.06667,1532.8
105936.0,203780.0,1552.0
105936.0,203780.0,1552.0
207320.0,83721.333333,1544.0
258012.0,23692.0,1540.0
258012.0,23692.0,1540.0
258012.0,23692.0,1540.0
258012.0,23692.0,1540.0
2402620.0,30753.333333,2438.6666667
3474924.0,34284.0,2888.0
