vda,0.20,0.00,0.00,0,0
vda,21.60,0.00,0.10,0,0
vda,2.80,0.00,0.01,0,0
vda,2.00,0.00,0.01,0,0
vda,0.00,0.00,0.00,0,0
vda,4.40,0.00,0.02,0,0
vda,2.00,0.00,0.01,0,0
vda,426.60,5.37,0.01,26,0
vda,416.40,5.26,0.03,26,0
vda,80.40,10.53,0.02,52,0
vda,151.60,4.35,0.01,21,0
vda,19.40,0.09,0.09,0,0
vda,6.80,0.00,0.03,0,0
vda,0.60,0.00,0.01,0,0
vda,6.60,0.00,0.03,0,0
vda,7.40,0.00,0.04,0,0
vda,10.60,0.00,0.04,0,0
vda,2.00,0.00,0.01,0,0
vda,1.80,0.00,0.01,0,0
vda,2.40,0.00,0.01,0,0
vda,2.20,0.00,0.01,0,0
vda,2.00,0.00,0.01,0,0
vda,3.00,0.00,0.01,0,0
vda,4.00,0.00,0.02,0,0
vda,1.60,0.00,0.01,0,0
vda,2.59,0.00,0.01,0,0
