vda,0.20,0.00,0.00,0,0
vda,2.60,0.00,0.01,0,0
vda,21.80,0.00,0.10,0,0
vda,2.00,0.00,0.01,0,0
vda,1.80,0.00,0.01,0,0
vda,1.80,0.00,0.01,0,0
vda,1.80,0.00,0.01,0,0
vda,2.00,0.00,0.01,0,0
vda,2.80,0.00,0.01,0,0
vda,5.00,0.00,0.02,0,0
vda,1.80,0.00,0.01,0,0
vda,1.80,0.00,0.01,0,0
vda,291.60,3.62,0.02,18,0
vda,225.00,2.58,0.01,12,0
vda,337.80,4.48,0.04,22,0
vda,171.40,1.67,0.02,8,0
vda,11.20,0.00,0.04,0,0
vda,21.60,0.00,0.13,0,0
vda,15.40,0.00,0.06,0,0
vda,8.00,0.09,0.04,0,0
vda,3.20,0.00,0.02,0,0
vda,1.80,0.00,0.01,0,0
vda,1.80,0.00,0.01,0,0
vda,2.20,0.00,0.01,0,0
vda,8.00,0.00,0.04,0,0
vda,1.60,0.00,0.01,0,0
vda,2.80,0.00,0.01,0,0
vda,2.20,0.00,0.01,0,0
