vda,0.40,0.00,0.00,0,0
vda,2.60,0.00,0.01,0,0
vda,1.80,0.00,0.01,0,0
vda,25.20,0.11,0.01,0,0
vda,27.40,0.00,0.12,0,0
vda,2.20,0.00,0.01,0,0
vda,2.40,0.00,0.01,0,0
vda,2.60,0.00,0.01,0,0
vda,13.60,0.00,0.06,0,0
vda,2.20,0.00,0.01,0,0
vda,0.00,0.00,0.00,0,0
vda,10.20,0.00,0.05,0,0
vda,371.40,4.51,0.01,22,0
vda,394.80,5.27,0.02,26,0
vda,185.40,25.11,0.11,125,0
vda,79.60,22.62,0.02,113,0
vda,39.20,11.83,0.02,59,0
vda,28.00,3.65,0.05,18,0
vda,136.60,1.17,0.03,5,0
vda,18.20,0.09,0.07,0,0
vda,7.80,0.00,0.05,0,0
vda,0.00,0.00,0.00,0,0
vda,1.80,0.00,0.01,0,0
vda,2.40,0.00,0.01,0,0
vda,2.40,0.00,0.01,0,0
vda,31.40,0.09,0.08,0,0
vda,2.80,0.00,0.01,0,0
vda,0.00,0.00,0.00,0,0
vda,4.00,0.00,0.02,0,0
