vda,0.60,0.00,0.00,0,0
vda,0.80,0.00,0.00,0,0
vda,0.80,0.00,0.00,0,0
vda,18.60,0.00,0.09,0,0
vda,1.60,0.00,0.01,0,0
vda,0.80,0.00,0.00,0,0
vda,0.00,0.00,0.00,0,0
vda,273.20,3.40,0.00,16,0
vda,268.00,3.13,0.01,15,0
vda,229.40,3.34,0.02,16,0
vda,278.20,2.75,0.03,13,0
vda,13.80,0.04,0.04,0,0
vda,12.40,0.09,0.06,0,0
vda,5.80,0.00,0.02,0,0
vda,7.40,0.00,0.03,0,0
vda,1.40,0.00,0.01,0,0
vda,8.80,0.00,0.05,0,0
vda,2.20,0.00,0.01,0,0
vda,1.00,0.00,0.00,0,0
vda,0.00,0.00,0.00,0,0
vda,0.80,0.00,0.00,0,0
vda,0.00,0.00,0.00,0,0
