vda,20.00,1.13,0.01,5,0
vda,11.60,0.76,0.00,3,0
vda,18.20,1.13,0.00,5,0
vda,14.00,0.76,0.01,3,0
vda,18.80,1.13,0.01,5,0
vda,27.60,0.76,0.08,3,0
vda,20.40,1.13,0.01,5,0
vda,16.60,0.76,0.02,3,0
vda,59.20,15.53,0.02,77,0
vda,43.40,12.75,0.01,63,0
vda,246.20,26.03,0.04,130,0
vda,391.00,25.32,0.00,126,0
vda,359.00,23.06,0.02,115,0
vda,356.40,22.71,0.03,113,0
vda,374.60,23.88,0.07,119,0
vda,393.60,24.84,0.04,124,0
vda,383.40,24.56,0.01,122,0
vda,288.20,27.05,0.04,135,0
vda,236.20,25.25,0.03,126,0
vda,155.20,19.44,0.03,97,0
vda,84.80,23.49,0.00,117,0
vda,56.20,10.09,0.00,50,0
vda,15.00,0.75,0.01,3,0
vda,24.40,1.13,0.03,5,0
vda,27.20,0.76,0.08,3,0
vda,27.00,1.13,0.04,5,0
vda,20.40,0.76,0.04,3,0
vda,20.00,0.78,0.03,3,0
vda,31.60,1.11,0.06,5,0
vda,35.20,1.14,4.22,5,21
vda,36.60,0.76,2.96,3,14
vda,35.20,1.13,0.09,5,0
vda,16.20,0.76,0.03,3,0
vda,20.60,0.76,0.04,3,0
vda,22.60,1.14,0.02,5,0
vda,17.60,0.76,0.03,3,0
vda,53.80,1.14,7.36,5,36
vda,42.60,0.76,12.22,3,61
vda,31.20,1.13,0.05,5,0
vda,18.40,0.76,0.03,3,0
vda,25.80,1.13,0.03,5,0
vda,31.20,0.76,0.08,3,0
vda,29.60,1.13,0.68,5,3
vda,17.20,0.76,0.04,3,0
vda,17.40,1.13,0.00,5,0
vda,12.00,0.76,0.00,3,0
vda,17.40,1.13,0.00,5,0
vda,12.20,0.76,0.00,3,0
vda,16.20,0.76,0.02,3,0
vda,21.20,0.76,0.04,3,0
vda,18.80,1.13,0.01,5,0
vda,11.60,0.76,0.00,3,0
