vda,1.20,0.00,0.01,0,0
vda,25.15,0.00,0.12,0,0
vda,2.20,0.00,0.01,0,0
vda,2.00,0.00,0.01,0,0
vda,1.80,0.00,0.01,0,0
vda,4.20,0.00,0.02,0,0
vda,3.60,0.00,0.02,0,0
vda,419.00,5.20,0.00,26,0
vda,453.80,5.70,0.03,28,0
vda,20.00,0.15,0.02,0,0
vda,154.00,1.33,0.13,6,0
vda,11.80,0.00,0.04,0,0
vda,9.40,0.09,0.04,0,0
vda,1.80,0.00,0.01,0,0
vda,9.40,0.00,0.05,0,0
vda,3.60,0.00,0.01,0,0
vda,0.00,0.00,0.00,0,0
vda,11.20,0.00,0.05,0,0
vda,2.60,0.00,0.01,0,0
vda,1.60,0.00,0.01,0,0
vda,2.40,0.00,0.01,0,0
vda,2.40,0.00,0.01,0,0
vda,1.80,0.00,0.01,0,0
vda,1.80,0.00,0.01,0,0
vda,1.80,0.00,0.01,0,0
vda,12.80,0.00,0.06,0,0
