vda,0.40,0.00,0.00,0,0
vda,55.20,0.34,0.11,1,0
vda,1.40,0.00,0.01,0,0
vda,0.00,0.00,0.00,0,0
vda,11.20,0.00,0.05,0,0
vda,1.00,0.00,0.00,0,0
vda,0.00,0.00,0.00,0,0
vda,0.60,0.00,0.00,0,0
vda,0.00,0.00,0.00,0,0
vda,0.60,0.00,0.00,0,0
vda,0.80,0.00,0.01,0,0
vda,10.80,0.00,0.05,0,0
vda,219.40,2.60,0.01,12,0
vda,311.40,3.62,0.06,18,0
vda,118.80,1.27,0.03,6,0
vda,254.40,3.49,0.01,17,0
vda,159.40,1.41,0.11,7,0
vda,7.00,0.03,0.02,0,0
vda,11.60,0.00,0.04,0,0
vda,18.40,0.01,1.92,0,9
vda,9.20,0.00,0.04,0,0
vda,3.80,0.00,0.01,0,0
vda,12.00,0.09,0.05,0,0
vda,6.60,0.00,0.03,0,0
vda,0.00,0.00,0.00,0,0
vda,1.40,0.00,0.01,0,0
vda,16.60,0.00,0.09,0,0
vda,0.80,0.00,0.00,0,0
vda,0.00,0.00,0.00,0,0
vda,2.60,0.00,0.01,0,0
vda,1.00,0.00,0.00,0,0
vda,0.80,0.00,0.01,0,0
