vda,0.80,0.00,0.00,0,0
vda,1.60,0.00,0.01,0,0
vda,0.00,0.00,0.00,0,0
vda,1.40,0.00,0.01,0,0
vda,1.80,0.00,0.01,0,0
vda,1.00,0.00,0.00,0,0
vda,14.20,0.00,0.07,0,0
vda,203.39,4.19,0.01,20,0
vda,234.80,2.51,0.02,12,0
vda,281.80,3.28,0.03,16,0
vda,11.60,0.09,0.01,0,0
vda,4.00,0.01,0.01,0,0
vda,139.80,1.32,0.00,6,0
vda,5.60,0.00,0.02,0,0
vda,11.20,0.00,0.07,0,0
vda,7.20,0.00,0.08,0,0
vda,5.40,0.00,0.02,0,0
vda,5.00,0.00,0.02,0,0
vda,4.40,0.00,0.02,0,0
vda,26.60,0.00,0.90,0,4
vda,5.60,0.00,0.02,0,0
vda,7.20,0.00,0.03,0,0
vda,0.00,0.00,0.00,0,0
vda,0.60,0.00,0.00,0,0
vda,1.40,0.00,0.01,0,0
vda,17.60,0.00,0.09,0,0
vda,2.00,0.00,0.01,0,0
vda,0.00,0.00,0.00,0,0
vda,0.80,0.00,0.00,0,0
vda,0.00,0.00,0.00,0,0
