vda,0.40,0.00,0.00,0,0
vda,1.80,0.00,0.01,0,0
vda,0.60,0.00,0.00,0,0
vda,0.80,0.00,0.01,0,0
vda,22.16,0.00,0.10,0,0
vda,2.60,0.00,0.01,0,0
vda,2.40,0.00,0.01,0,0
vda,0.00,0.00,0.00,0,0
vda,1.00,0.00,0.00,0,0
vda,0.80,0.00,0.01,0,0
vda,1.00,0.00,0.00,0,0
vda,0.00,0.00,0.00,0,0
vda,230.20,2.84,0.01,14,0
vda,348.20,3.91,0.05,19,0
vda,342.20,10.72,0.02,53,0
vda,130.40,1.52,0.01,7,0
vda,16.60,0.12,0.03,0,0
vda,5.80,0.00,0.02,0,0
vda,12.60,0.00,0.05,0,0
vda,23.60,0.00,0.15,0,0
vda,11.40,0.09,0.09,0,0
vda,7.60,0.00,0.03,0,0
vda,0.20,0.00,0.00,0,0
vda,1.20,0.00,0.01,0,0
vda,9.20,0.00,0.05,0,0
vda,1.00,0.00,0.00,0,0
vda,0.00,0.00,0.00,0,0
vda,2.80,0.00,0.01,0,0
vda,1.00,0.00,0.00,0,0
