vda,2.60,0.00,0.01,0,0
vda,2.00,0.00,0.01,0,0
vda,1.80,0.00,0.01,0,0
vda,2.60,0.00,0.01,0,0
vda,26.60,0.00,0.11,0,0
vda,2.20,0.00,0.01,0,0
vda,2.20,0.00,0.01,0,0
vda,2.20,0.00,0.01,0,0
vda,4.00,0.00,0.02,0,0
vda,3.00,0.00,0.01,0,0
vda,3.00,0.00,0.01,0,0
vda,2.00,0.00,0.01,0,0
vda,382.60,4.67,0.00,23,0
vda,401.20,5.30,0.02,26,0
vda,168.40,18.08,0.05,90,0
vda,71.40,22.41,0.02,112,0
vda,149.60,5.20,0.01,25,0
vda,9.60,0.01,0.04,0,0
vda,6.80,0.03,0.02,0,0
vda,20.60,0.00,0.15,0,0
vda,5.60,0.00,0.02,0,0
vda,5.80,0.00,0.02,0,0
vda,5.60,0.00,0.02,0,0
vda,14.00,0.05,0.02,0,0
vda,0.00,0.00,0.00,0,0
vda,6.20,0.00,0.03,0,0
vda,18.40,0.00,0.12,0,0
vda,6.20,0.00,0.02,0,0
vda,4.40,0.00,0.02,0,0
vda,4.60,0.00,0.02,0,0
vda,13.60,0.00,0.06,0,0
vda,12.20,0.00,1.50,0,7
vda,1.20,0.00,2.19,0,10
vda,12.20,0.00,0.07,0,0
vda,5.80,0.00,0.02,0,0
vda,8.60,0.00,0.03,0,0
vda,3.40,0.08,0.01,0,0
vda,9.60,0.00,0.04,0,0
vda,2.40,0.00,0.01,0,0
vda,0.00,0.00,0.00,0,0
vda,9.60,0.00,0.05,0,0
vda,1.80,0.00,0.01,0,0
vda,1.80,0.00,0.01,0,0
vda,2.60,0.00,0.01,0,0
vda,10.20,0.00,0.04,0,0
vda,2.00,0.00,0.01,0,0
