vda,26.00,0.00,158.40,0,792
vda,40.80,0.00,168.80,0,844
vda,64.60,0.00,361.60,0,1808
vda,32.00,0.00,145.60,0,728
vda,15.80,0.00,100.00,0,500
vda,0.40,0.00,8.00,0,40
vda,2.20,3.20,26.40,16,132
vda,47.00,0.00,190.40,0,952
vda,46.00,0.00,258.40,0,1292
vda,23.20,0.00,120.00,0,600
vda,11.20,0.00,107.20,0,536
vda,54.20,11.20,233.60,56,1168
vda,40.40,39.20,152.80,196,764
vda,46.60,0.00,656.80,0,3284
vda,1.00,0.00,20.00,0,100
vda,0.40,0.00,24.80,0,124
vda,25.60,0.00,103.20,0,516
vda,40.60,0.00,240.80,0,1204
vda,13.00,2.40,82.40,12,412
vda,32.80,0.00,548.00,0,2740
vda,55.40,0.00,517.60,0,2588
vda,43.60,0.00,210.40,0,1052
vda,11.80,0.00,116.00,0,580
vda,0.20,0.00,0.80,0,4
vda,0.60,0.00,10.40,0,52
vda,34.00,0.00,168.00,0,840
