vda,3.40,0.83,0.00,4,0
vda,4.60,1.20,0.01,6,0
vda,5.00,0.80,0.01,4,0
vda,3.20,1.20,0.00,6,0
vda,2.60,0.80,0.00,4,0
vda,3.80,1.20,0.00,6,0
vda,30.80,0.83,0.12,4,0
vda,9.40,1.23,0.02,6,0
vda,41.60,10.61,0.02,53,0
vda,44.60,17.22,0.00,86,0
vda,7.20,0.80,0.02,4,0
vda,6.80,1.20,0.02,6,0
vda,4.80,0.80,0.01,4,0
vda,12.00,0.83,0.05,4,0
vda,10.00,1.20,0.08,6,0
vda,5.20,0.80,0.01,4,0
vda,3.20,1.20,0.00,6,0
vda,21.00,0.80,6.71,4,33
vda,7.00,1.20,0.02,6,0
vda,11.60,0.80,0.04,4,0
vda,7.40,1.22,0.01,6,0
vda,2.20,0.83,0.00,4,0
vda,6.40,1.23,0.01,6,0
vda,14.60,0.80,10.16,4,50
vda,7.20,1.20,0.02,6,0
vda,5.40,0.80,0.01,4,0
vda,4.20,1.23,0.00,6,0
vda,6.00,0.80,0.02,4,0
vda,6.40,1.20,0.01,6,0
vda,33.40,0.80,13.59,4,67
vda,6.40,1.20,0.01,6,0
vda,5.20,0.80,0.01,4,0
vda,3.20,1.20,0.00,6,0
vda,7.00,0.82,0.02,4,0
vda,7.60,1.23,0.01,6,0
vda,31.80,0.83,12.47,4,62
vda,7.80,0.80,0.02,4,0
vda,5.00,1.20,0.01,6,0
vda,4.40,0.80,0.01,4,0
vda,6.20,1.23,0.01,6,0
vda,6.40,0.80,0.02,4,0
vda,27.60,1.20,11.33,6,56
vda,6.20,0.80,0.01,4,0
vda,3.00,1.20,0.00,6,0
vda,13.40,0.80,0.04,4,0
vda,15.60,1.21,0.05,6,0
vda,6.00,0.81,0.01,4,0
vda,50.60,1.23,12.50,6,62
vda,5.20,0.83,0.01,4,0
vda,3.00,1.20,0.00,6,0
vda,6.00,0.80,0.02,4,0
vda,6.80,1.23,0.01,6,0
vda,2.00,0.80,0.00,4,0
vda,5.40,1.20,0.01,6,0
vda,14.00,0.80,3.43,4,17
vda,12.20,1.20,2.26,6,11
vda,9.40,0.80,0.03,4,0
vda,3.00,1.20,0.00,6,0
vda,3.00,0.81,0.00,4,0
vda,4.40,0.81,0.01,4,0
vda,3.20,1.23,0.00,6,0
vda,16.40,0.83,0.06,4,0
vda,5.40,1.20,0.01,6,0
vda,3.80,0.82,0.01,4,0
vda,4.20,1.23,0.00,6,0
