vda,1.00,0.00,0.01,0,0
vda,28.40,0.00,0.12,0,0
vda,18.20,0.08,0.01,0,0
vda,0.80,0.00,0.00,0,0
vda,0.00,0.00,0.00,0,0
vda,0.60,0.00,0.00,0,0
vda,0.80,0.00,0.01,0,0
vda,2.60,0.00,0.01,0,0
vda,1.20,0.00,0.00,0,0
vda,1.80,0.00,0.01,0,0
vda,0.60,0.00,0.00,0,0
vda,0.00,0.00,0.00,0,0
vda,223.60,2.64,0.01,13,0
vda,302.00,3.60,0.01,18,0
vda,259.40,3.64,0.05,18,0
vda,252.00,2.47,0.01,12,0
vda,14.40,0.03,0.06,0,0
vda,12.20,0.01,0.04,0,0
vda,15.40,0.09,0.07,0,0
vda,7.00,0.00,0.03,0,0
vda,1.80,0.00,0.01,0,0
vda,0.60,0.00,0.00,0,0
vda,7.20,0.00,0.03,0,0
vda,8.80,0.00,0.06,0,0
vda,15.60,0.09,0.01,0,0
vda,2.60,0.00,0.01,0,0
vda,1.20,0.00,0.00,0,0
vda,0.20,0.00,0.00,0,0
