vda,31.00,0.34,0.01,1,0
vda,1.00,0.00,0.00,0,0
vda,0.80,0.00,0.01,0,0
vda,1.00,0.00,0.00,0,0
vda,3.00,0.00,0.01,0,0
vda,23.00,0.00,0.10,0,0
vda,1.20,0.00,0.00,0,0
vda,0.00,0.00,0.00,0,0
vda,0.60,0.00,0.00,0,0
vda,2.60,0.00,0.01,0,0
vda,1.00,0.00,0.00,0,0
vda,0.00,0.00,0.00,0,0
vda,303.40,3.78,0.00,18,0
vda,367.00,4.07,0.02,20,0
vda,257.60,11.52,0.02,57,0
vda,16.80,1.26,0.06,6,0
vda,142.00,1.32,0.01,6,0
vda,11.60,0.01,0.03,0,0
vda,27.20,0.00,0.10,0,0
vda,1.20,0.00,0.03,0,0
vda,19.60,0.09,0.14,0,0
vda,8.00,0.00,0.03,0,0
vda,1.00,0.00,0.00,0,0
vda,0.00,0.00,0.00,0,0
vda,0.80,0.00,0.00,0,0
vda,7.20,0.00,0.03,0,0
vda,1.00,0.00,0.00,0,0
vda,7.80,0.00,0.04,0,0
vda,2.80,0.00,0.01,0,0
