vda,0.60,0.00,0.00,0,0
vda,1.60,0.00,0.01,0,0
vda,52.00,0.34,0.11,1,0
vda,1.20,0.00,0.00,0,0
vda,0.00,0.00,0.00,0,0
vda,1.40,0.00,0.01,0,0
vda,4.20,0.00,0.02,0,0
vda,358.80,4.42,0.01,22,0
vda,386.60,5.13,0.01,25,0
vda,205.80,26.98,0.02,134,0
vda,48.60,12.12,0.00,60,0
vda,59.40,15.62,0.04,78,0
vda,1.20,0.00,0.00,0,0
vda,8.60,0.34,0.04,1,0
vda,12.80,4.03,0.01,20,0
vda,20.40,3.42,0.06,17,0
vda,130.20,1.12,0.01,5,0
vda,12.60,0.01,0.05,0,0
vda,5.60,0.03,0.02,0,0
vda,4.00,0.00,0.02,0,0
vda,3.00,0.00,0.03,0,0
vda,9.80,0.00,0.04,0,0
vda,4.60,0.00,0.02,0,0
vda,3.40,0.00,0.02,0,0
vda,4.40,0.00,0.02,0,0
vda,7.80,0.00,0.03,0,0
vda,21.20,0.09,0.02,0,0
vda,16.00,0.00,0.09,0,0
vda,5.00,0.00,0.02,0,0
vda,3.20,0.00,0.02,0,0
vda,12.40,0.00,3.09,0,15
vda,12.20,0.03,0.82,0,4
vda,0.60,0.00,0.01,0,0
vda,3.40,0.00,0.01,0,0
vda,10.60,0.00,0.06,0,0
vda,2.00,0.00,0.01,0,0
vda,5.40,0.00,0.02,0,0
vda,11.00,0.00,0.05,0,0
vda,3.40,0.00,0.02,0,0
vda,4.40,0.00,3.07,0,15
vda,11.80,0.00,0.82,0,4
vda,4.60,0.00,0.02,0,0
vda,10.20,0.00,0.04,0,0
vda,0.60,0.00,0.01,0,0
vda,5.00,0.00,0.02,0,0
vda,4.20,0.00,0.02,0,0
vda,14.00,0.00,0.06,0,0
vda,0.80,0.00,0.01,0,0
vda,1.20,0.00,0.00,0,0
vda,12.40,0.08,0.05,0,0
vda,0.00,0.00,0.00,0,0
vda,1.00,0.00,0.00,0,0
vda,0.00,0.00,0.00,0,0
vda,1.20,0.00,0.01,0,0
vda,1.00,0.00,0.00,0,0
vda,0.40,0.00,0.00,0,0
vda,13.40,0.00,0.06,0,0
vda,0.60,0.00,0.00,0,0
