vda,37.40,0.76,0.12,3,0
vda,18.80,1.14,0.01,5,0
vda,12.80,0.76,0.01,3,0
vda,18.00,1.14,0.00,5,0
vda,14.80,0.76,0.01,3,0
vda,20.60,1.13,0.01,5,0
vda,20.80,0.76,0.04,3,0
vda,17.40,1.13,0.00,5,0
vda,24.80,4.36,0.02,21,0
vda,27.40,9.20,0.02,46,0
vda,34.60,12.80,0.01,64,0
vda,216.00,24.12,0.01,120,0
vda,16.00,1.16,0.02,5,0
vda,7.60,0.00,0.05,0,0
vda,5.40,0.41,0.07,2,0
vda,46.80,17.00,0.02,85,0
vda,9.60,2.80,0.01,14,0
vda,2.20,0.00,0.01,0,0
vda,3.40,0.00,0.02,0,0
vda,4.60,0.00,0.02,0,0
vda,19.80,0.00,11.35,0,56
vda,4.00,0.00,0.02,0,0
vda,0.00,0.00,0.00,0,0
vda,5.80,0.00,0.02,0,0
vda,2.00,0.00,0.01,0,0
vda,0.00,0.00,0.00,0,0
vda,3.00,0.00,0.02,0,0
vda,9.40,0.00,2.91,0,14
vda,5.20,0.00,2.84,0,14
vda,11.80,0.00,2.80,0,14
vda,4.40,0.00,0.02,0,0
vda,1.80,0.00,0.01,0,0
vda,2.00,0.00,2.82,0,14
vda,5.80,0.00,2.87,0,14
vda,17.80,0.38,4.37,1,21
vda,19.60,0.76,5.75,3,28
vda,30.00,1.14,4.24,5,21
vda,16.00,0.76,0.02,3,0
vda,21.60,1.14,0.02,5,0
vda,25.20,0.76,2.86,3,14
vda,22.60,1.13,2.87,5,14
vda,14.60,0.76,5.75,3,28
vda,31.40,1.13,2.97,5,14
vda,16.60,0.76,4.26,3,21
vda,22.80,1.13,1.41,5,7
vda,15.80,0.76,0.02,3,0
vda,14.60,0.76,2.81,3,14
vda,14.60,0.76,2.86,3,14
vda,11.60,0.00,2.94,0,14
vda,11.00,0.00,2.89,0,14
vda,3.00,0.00,4.33,0,21
vda,8.20,0.00,4.23,0,21
vda,5.20,0.00,0.02,0,0
vda,2.60,0.00,0.01,0,0
vda,0.40,0.00,0.00,0,0
vda,4.80,0.00,5.68,0,28
vda,10.60,0.00,2.95,0,14
vda,13.00,0.00,5.79,0,28
vda,6.20,0.00,2.87,0,14
vda,4.60,0.00,2.80,0,14
vda,12.00,0.38,0.02,1,0
vda,20.80,1.13,0.01,5,0
vda,17.20,0.76,4.25,3,21
vda,28.40,1.13,2.95,5,14
vda,18.20,0.76,5.75,3,28
vda,18.40,1.13,2.88,5,14
vda,23.60,0.76,4.25,3,21
vda,22.00,1.13,0.02,5,0
vda,15.20,0.76,0.02,3,0
vda,27.80,0.76,0.07,3,0
vda,25.80,1.13,0.06,5,0
vda,11.60,0.76,0.00,3,0
vda,21.40,1.13,0.02,5,0
vda,9.60,0.38,0.01,1,0
vda,5.00,0.00,0.03,0,0
vda,8.40,0.00,0.04,0,0
vda,6.60,0.00,2.82,0,14
vda,14.00,0.00,5.80,0,28
vda,7.20,0.00,2.87,0,14
vda,9.40,0.01,5.77,0,28
vda,2.40,0.00,2.80,0,14
vda,5.20,0.00,0.02,0,0
vda,1.00,0.00,0.00,0,0
vda,6.80,0.00,5.67,0,28
vda,18.60,0.00,2.98,0,14
vda,8.40,0.00,5.76,0,28
vda,6.60,0.00,2.88,0,14
vda,9.60,0.00,2.83,0,14
vda,4.00,0.00,0.02,0,0
vda,0.00,0.00,0.00,0,0
vda,7.20,0.00,2.82,0,14
vda,12.20,0.00,5.80,0,28
vda,4.80,0.00,2.87,0,14
vda,18.80,0.00,5.83,0,29
vda,6.80,0.00,0.03,0,0
vda,3.00,0.00,0.01,0,0
vda,1.00,0.00,0.00,0,0
vda,1.60,0.00,0.01,0,0
vda,2.00,0.00,0.01,0,0
vda,5.20,0.00,0.03,0,0
vda,0.40,0.00,0.00,0,0
vda,6.60,0.00,0.03,0,0
vda,1.20,0.00,0.00,0,0
vda,0.80,0.00,0.00,0,0
