vda,3.80,0.07,0.01,0,0
vda,1.00,0.00,0.00,0,0
vda,0.00,0.00,0.00,0,0
vda,23.80,0.00,0.11,0,0
vda,2.20,0.00,0.01,0,0
vda,0.00,0.00,0.00,0,0
vda,0.80,0.00,0.00,0,0
vda,273.80,3.47,0.00,17,0
vda,234.20,2.71,0.01,13,0
vda,260.40,3.61,0.03,18,0
vda,114.40,1.22,0.00,6,0
vda,146.80,1.33,0.04,6,0
vda,9.20,0.00,0.04,0,0
vda,7.20,0.00,0.03,0,0
vda,12.60,0.09,0.06,0,0
vda,6.60,0.00,0.03,0,0
vda,9.20,0.00,0.04,0,0
vda,1.00,0.00,0.00,0,0
vda,9.00,0.00,0.07,0,0
vda,1.00,0.00,0.00,0,0
vda,0.00,0.00,0.00,0,0
vda,1.60,0.00,0.01,0,0
vda,1.80,0.00,0.01,0,0
vda,0.00,0.00,0.00,0,0
