vda,1.20,0.00,0.01,0,0
vda,28.40,0.00,0.12,0,0
vda,2.20,0.00,0.01,0,0
vda,1.80,0.00,0.01,0,0
vda,28.40,0.24,0.01,1,0
vda,2.80,0.00,0.01,0,0
vda,3.40,0.00,0.02,0,0
vda,2.40,0.00,0.01,0,0
vda,2.00,0.00,0.01,0,0
vda,3.20,0.00,0.01,0,0
vda,2.00,0.00,0.01,0,0
vda,9.00,0.00,0.04,0,0
vda,371.40,4.47,0.02,22,0
vda,378.00,5.07,0.02,25,0
vda,188.40,16.48,0.01,82,0
vda,18.80,2.56,0.01,12,0
vda,139.00,1.16,0.05,5,0
vda,7.20,0.00,0.03,0,0
vda,13.57,0.00,0.06,0,0
vda,24.20,0.09,0.05,0,0
vda,10.00,0.00,0.09,0,0
vda,14.80,0.08,0.06,0,0
vda,6.00,0.00,0.02,0,0
vda,1.80,0.00,0.01,0,0
vda,10.40,0.00,0.09,0,0
vda,2.20,0.00,0.01,0,0
vda,2.60,0.00,0.01,0,0
vda,13.40,0.00,0.06,0,0
vda,2.40,0.00,0.01,0,0
vda,1.80,0.00,0.01,0,0
vda,0.00,0.00,0.00,0,0
