vda,0.40,0.00,0.00,0,0
vda,2.40,0.00,0.01,0,0
vda,1.80,0.00,0.01,0,0
vda,1.80,0.00,0.01,0,0
vda,5.20,0.00,0.02,0,0
vda,5.00,0.00,0.02,0,0
vda,24.80,0.00,0.11,0,0
vda,0.00,0.00,0.00,0,0
vda,1.80,0.00,0.01,0,0
vda,1.80,0.00,0.01,0,0
vda,3.00,0.00,0.01,0,0
vda,2.00,0.00,0.01,0,0
vda,282.40,3.47,0.01,17,0
vda,362.40,4.08,0.02,20,0
vda,257.60,8.24,0.02,41,0
vda,78.20,1.63,0.01,8,0
vda,73.00,0.57,0.03,2,0
vda,11.80,0.00,0.05,0,0
vda,6.40,0.00,0.03,0,0
vda,23.60,0.00,0.15,0,0
vda,1.00,0.00,0.05,0,0
vda,6.20,0.09,0.02,0,0
vda,7.00,0.00,0.03,0,0
vda,2.80,0.00,0.01,0,0
vda,11.40,0.00,0.05,0,0
vda,0.20,0.00,0.00,0,0
vda,8.80,0.00,0.06,0,0
vda,2.20,0.00,0.01,0,0
vda,4.00,0.00,0.02,0,0
vda,4.20,0.00,0.02,0,0
