vda,31.20,0.00,0.13,0,0
vda,2.40,0.00,0.01,0,0
vda,2.00,0.00,0.01,0,0
vda,3.80,0.00,0.01,0,0
vda,1.80,0.00,0.01,0,0
vda,1.80,0.00,0.01,0,0
vda,28.80,0.19,0.02,0,0
vda,465.00,7.66,0.02,38,0
vda,320.80,3.80,0.02,18,0
vda,91.00,13.64,0.02,68,0
vda,53.80,13.70,0.02,68,0
vda,3.20,0.00,0.01,0,0
vda,13.00,0.00,0.12,0,0
vda,71.40,25.07,0.02,125,0
vda,41.80,14.59,0.01,72,0
vda,28.60,9.34,0.01,46,0
vda,65.00,22.98,0.02,114,0
vda,65.60,22.89,0.02,114,0
vda,59.80,21.01,0.03,105,0
vda,9.20,1.12,0.04,5,0
vda,14.40,4.06,0.00,20,0
vda,25.40,7.69,0.01,38,0
vda,34.40,3.34,0.04,16,0
vda,141.80,1.19,0.02,5,0
vda,13.60,0.19,0.04,0,0
vda,5.60,0.00,0.03,0,0
vda,3.00,0.00,0.02,0,0
vda,5.00,0.00,0.02,0,0
vda,25.80,0.00,6.56,0,32
vda,5.80,0.00,0.02,0,0
vda,11.20,0.05,0.01,0,0
vda,36.20,0.36,0.02,1,0
vda,5.00,0.00,0.02,0,0
vda,5.00,0.00,0.02,0,0
vda,6.20,0.00,0.03,0,0
vda,13.80,0.07,0.07,0,0
vda,18.16,0.00,0.08,0,0
vda,1.60,0.00,0.01,0,0
vda,3.40,0.00,0.01,0,0
vda,14.60,0.00,0.06,0,0
vda,18.00,0.00,3.21,0,16
vda,6.40,0.00,0.03,0,0
vda,4.80,0.00,0.02,0,0
vda,4.60,0.00,0.02,0,0
vda,2.80,0.02,0.01,0,0
vda,6.20,0.09,0.01,0,0
vda,22.40,0.00,4.76,0,23
vda,7.60,0.00,0.03,0,0
vda,5.20,0.00,0.02,0,0
vda,4.80,0.00,0.02,0,0
vda,4.80,0.00,0.02,0,0
vda,0.00,0.00,0.00,0,0
vda,2.60,0.00,0.02,0,0
vda,11.00,0.00,1.60,0,8
vda,14.60,0.04,1.60,0,8
vda,8.20,0.00,1.58,0,7
vda,8.40,0.00,1.58,0,7
vda,0.20,0.00,0.00,0,0
vda,4.60,0.00,0.03,0,0
vda,4.80,0.00,0.79,0,3
vda,21.40,0.00,1.65,0,8
vda,9.00,0.00,1.59,0,7
vda,8.00,0.00,1.58,0,7
vda,8.80,0.00,1.58,0,7
vda,4.40,0.00,0.02,0,0
vda,5.20,0.05,0.79,0,3
vda,8.40,0.00,1.58,0,7
vda,14.20,0.00,1.62,0,8
vda,9.20,0.00,2.36,0,11
vda,6.60,0.00,0.80,0,4
vda,12.60,0.00,0.06,0,0
vda,4.40,0.00,0.79,0,3
vda,7.80,0.00,1.58,0,7
vda,8.20,0.00,1.58,0,7
vda,17.00,0.04,1.63,0,8
vda,9.40,0.00,1.59,0,7
vda,4.40,0.00,0.03,0,0
vda,4.00,0.00,0.79,0,3
vda,9.40,0.00,1.59,0,7
vda,8.40,0.00,1.58,0,7
vda,15.20,0.00,1.61,0,8
vda,13.80,0.00,1.61,0,8
vda,4.00,0.00,0.02,0,0
vda,3.60,0.09,0.01,0,0
vda,19.80,0.00,0.08,0,0
vda,5.20,0.00,0.02,0,0
vda,5.00,0.00,0.02,0,0
vda,4.60,0.00,0.02,0,0
vda,5.20,0.00,0.09,0,0
vda,11.20,0.00,0.82,0,4
vda,6.40,0.11,0.02,0,0
vda,7.80,0.00,0.03,0,0
vda,1.80,0.00,0.01,0,0
vda,1.80,0.00,0.01,0,0
vda,4.60,0.00,0.02,0,0
vda,7.80,0.00,0.04,0,0
vda,3.20,0.00,0.01,0,0
vda,0.00,0.00,0.00,0,0
vda,2.00,0.00,0.01,0,0
vda,1.80,0.00,0.01,0,0
