vda,0.40,0.00,0.00,0,0
vda,0.80,0.00,0.00,0,0
vda,0.00,0.00,0.00,0,0
vda,0.60,0.00,0.00,0,0
vda,0.80,0.00,0.01,0,0
vda,20.80,0.00,0.10,0,0
vda,1.60,0.00,0.01,0,0
vda,0.00,0.00,0.00,0,0
vda,1.80,0.00,0.01,0,0
vda,1.00,0.00,0.00,0,0
vda,0.60,0.00,0.01,0,0
vda,1.00,0.00,0.00,0,0
vda,269.80,3.44,0.00,17,0
vda,246.00,2.75,0.03,13,0
vda,312.40,4.28,0.01,21,0
vda,191.40,1.83,0.05,9,0
vda,10.60,0.01,0.03,0,0
vda,20.20,0.09,0.09,0,0
vda,5.60,0.00,0.02,0,0
vda,0.20,0.00,0.00,0,0
vda,10.00,0.00,0.07,0,0
vda,1.20,0.00,0.00,0,0
vda,0.60,0.00,0.01,0,0
vda,8.20,0.00,0.03,0,0
vda,16.80,0.09,0.01,0,0
vda,0.80,0.00,0.00,0,0
