vda,0.00,0.00,0.00,0,0
vda,2.60,0.00,0.01,0,0
vda,1.80,0.00,0.01,0,0
vda,6.00,0.00,0.03,0,0
vda,2.80,0.00,0.01,0,0
vda,2.00,0.00,0.01,0,0
vda,12.20,0.00,0.07,0,0
vda,2.40,0.00,0.01,0,0
vda,7.00,0.00,0.03,0,0
vda,3.60,0.00,0.02,0,0
vda,8.60,0.00,0.04,0,0
vda,5.20,0.40,0.02,2,0
vda,8.20,0.00,0.10,0,0
vda,9.40,0.38,0.01,1,0
vda,8.20,0.38,0.01,1,0
vda,0.00,0.00,0.00,0,0
vda,1.80,0.00,0.01,0,0
vda,4.00,0.00,0.02,0,0
vda,0.60,0.00,0.01,0,0
vda,13.80,0.00,0.06,0,0
vda,4.00,0.00,0.02,0,0
vda,20.60,0.00,10.32,0,51
vda,0.00,0.00,0.00,0,0
vda,3.80,0.00,0.01,0,0
vda,2.00,0.00,0.01,0,0
vda,1.80,0.00,0.01,0,0
vda,1.80,0.00,0.01,0,0
vda,2.80,0.00,0.02,0,0
vda,7.60,0.00,0.04,0,0
vda,18.20,0.00,0.07,0,0
vda,2.00,0.00,0.01,0,0
vda,3.80,0.00,0.01,0,0
vda,8.00,0.00,0.03,0,0
vda,29.00,0.00,10.59,0,52
vda,1.40,0.00,0.00,0,0
vda,2.20,0.00,0.01,0,0
vda,1.80,0.00,0.01,0,0
vda,1.80,0.00,0.01,0,0
vda,1.80,0.00,0.01,0,0
vda,3.20,0.00,0.02,0,0
vda,5.00,0.00,0.02,0,0
vda,7.00,0.00,0.03,0,0
vda,3.80,0.00,0.01,0,0
vda,0.00,0.00,0.00,0,0
vda,4.60,0.00,0.02,0,0
vda,2.80,0.00,0.02,0,0
vda,2.60,0.00,0.01,0,0
vda,13.00,0.00,3.54,0,17
vda,5.20,0.00,3.54,0,17
vda,3.20,0.00,1.77,0,8
vda,5.60,0.00,1.75,0,8
vda,4.80,0.00,0.03,0,0
vda,4.20,0.00,0.02,0,0
vda,3.40,0.00,0.01,0,0
vda,7.20,0.00,0.03,0,0
vda,4.20,0.00,0.02,0,0
vda,22.60,0.00,10.57,0,52
vda,4.00,0.00,0.02,0,0
vda,2.20,0.00,0.01,0,0
vda,0.00,0.00,0.00,0,0
vda,2.00,0.00,0.01,0,0
vda,4.00,0.00,0.02,0,0
vda,3.80,0.00,0.02,0,0
vda,4.80,0.00,0.02,0,0
vda,0.20,0.00,0.00,0,0
vda,4.20,0.00,0.02,0,0
vda,4.40,0.00,0.02,0,0
vda,10.40,0.00,0.04,0,0
vda,3.20,0.00,0.02,0,0
vda,19.80,0.00,10.57,0,52
vda,3.60,0.00,0.01,0,0
vda,2.40,0.00,0.01,0,0
vda,2.00,0.00,0.01,0,0
vda,3.20,0.00,0.01,0,0
vda,10.80,0.00,0.04,0,0
vda,0.80,0.00,0.01,0,0
vda,11.38,0.00,0.06,0,0
vda,9.80,0.00,0.04,0,0
vda,4.20,0.00,0.02,0,0
vda,2.40,0.00,0.01,0,0
vda,2.40,0.00,0.01,0,0
vda,11.20,0.00,3.54,0,17
vda,7.00,0.00,1.80,0,8
vda,9.80,0.00,1.78,0,8
vda,7.20,0.00,3.50,0,17
vda,10.80,0.00,0.05,0,0
vda,4.60,0.00,0.02,0,0
vda,4.60,0.00,0.03,0,0
vda,4.80,0.00,0.02,0,0
vda,0.00,0.00,0.00,0,0
vda,15.00,0.00,10.58,0,52
vda,6.60,0.00,0.03,0,0
vda,2.20,0.00,0.01,0,0
vda,0.00,0.00,0.00,0,0
vda,1.80,0.00,0.01,0,0
vda,2.60,0.00,0.01,0,0
vda,3.00,0.00,0.02,0,0
vda,13.60,0.00,0.06,0,0
vda,3.60,0.00,0.01,0,0
vda,4.20,0.00,0.02,0,0
vda,0.00,0.00,0.00,0,0
vda,6.40,0.00,0.03,0,0
vda,3.40,0.00,0.02,0,0
vda,5.00,0.00,3.52,0,17
vda,8.80,0.00,3.57,0,17
vda,4.60,0.00,3.50,0,17
vda,3.40,0.00,0.01,0,0
vda,7.80,0.00,0.03,0,0
vda,4.80,0.00,0.03,0,0
vda,4.40,0.00,0.02,0,0
vda,4.40,0.00,0.02,0,0
vda,7.60,0.00,0.04,0,0
vda,2.40,0.00,0.01,0,0
vda,2.40,0.00,0.01,0,0
vda,7.00,0.00,3.53,0,17
vda,5.40,0.00,3.55,0,17
vda,8.80,0.00,3.51,0,17
vda,18.40,0.00,0.07,0,0
vda,9.20,0.00,0.05,0,0
vda,4.20,0.00,0.02,0,0
vda,4.60,0.00,0.02,0,0
vda,4.80,0.00,0.02,0,0
vda,1.80,0.00,0.01,0,0
vda,36.20,0.00,10.61,0,53
vda,4.00,0.00,0.02,0,0
vda,0.00,0.00,0.00,0,0
vda,2.00,0.00,0.01,0,0
vda,1.80,0.00,0.01,0,0
vda,2.80,0.00,0.01,0,0
vda,2.80,0.00,0.02,0,0
vda,3.00,0.00,0.01,0,0
vda,4.20,0.00,0.02,0,0
vda,1.80,0.00,0.01,0,0
vda,0.20,0.00,0.00,0,0
vda,2.60,0.00,0.01,0,0
vda,8.80,0.00,0.04,0,0
vda,8.20,0.00,0.03,0,0
vda,2.20,0.00,0.01,0,0
vda,5.60,0.00,0.03,0,0
vda,1.80,0.00,0.01,0,0
vda,2.60,0.00,0.01,0,0
vda,2.80,0.00,0.01,0,0
vda,2.20,0.00,0.01,0,0
