vda,0.60,0.00,0.00,0,0
vda,1.80,0.00,0.01,0,0
vda,24.00,0.00,0.12,0,0
vda,2.20,0.00,0.01,0,0
vda,17.20,0.15,0.00,0,0
vda,23.40,0.18,0.05,0,0
vda,1.20,0.00,0.00,0,0
vda,254.60,3.20,0.01,16,0
vda,253.00,2.97,0.00,14,0
vda,241.20,3.45,0.01,17,0
vda,131.40,1.39,0.02,6,0
vda,137.80,1.30,0.01,6,0
vda,20.20,0.04,0.08,0,0
vda,8.40,0.00,0.03,0,0
vda,7.00,0.00,0.04,0,0
vda,5.40,0.00,0.02,0,0
vda,13.60,0.00,0.10,0,0
vda,4.80,0.00,0.02,0,0
vda,1.80,0.09,0.01,0,0
vda,14.00,0.00,0.06,0,0
vda,7.60,0.00,0.06,0,0
vda,0.00,0.00,0.00,0,0
vda,0.80,0.00,0.00,0,0
vda,2.40,0.00,0.01,0,0
vda,0.00,0.00,0.00,0,0
vda,1.40,0.00,0.01,0,0
vda,0.80,0.00,0.00,0,0
