vda,2.80,0.00,0.01,0,0
vda,0.80,0.00,0.00,0,0
vda,31.00,0.34,0.01,1,0
vda,1.20,0.00,0.00,0,0
vda,0.00,0.00,0.00,0,0
vda,1.40,0.00,0.01,0,0
vda,24.00,0.00,0.11,0,0
vda,423.80,5.24,0.01,26,0
vda,444.20,5.65,0.02,28,0
vda,35.00,6.61,0.01,33,0
vda,77.40,1.44,0.00,7,0
vda,66.80,0.54,0.02,2,0
vda,11.80,0.00,0.05,0,0
vda,19.00,0.09,0.14,0,0
vda,6.80,0.00,0.03,0,0
vda,1.60,0.00,0.01,0,0
vda,0.00,0.00,0.00,0,0
vda,13.60,0.00,0.06,0,0
vda,1.00,0.00,0.00,0,0
vda,0.80,0.00,0.00,0,0
vda,0.00,0.00,0.00,0,0
vda,0.80,0.00,0.00,0,0
vda,0.00,0.00,0.00,0,0
