vda,22.60,0.00,145.60,0,728
vda,46.80,0.00,199.20,0,996
vda,60.60,0.00,248.80,0,1244
vda,39.20,0.80,180.00,4,900
vda,47.60,1.60,224.80,8,1124
vda,63.20,0.00,294.40,0,1472
vda,55.40,77.60,220.80,388,1104
vda,44.00,360.00,148.80,1800,744
vda,0.40,0.00,41.60,0,208
vda,10.40,48.80,62.40,244,312
vda,32.40,380.00,127.20,1900,636
vda,54.60,648.80,211.20,3244,1056
vda,44.80,180.80,208.00,904,1040
vda,54.40,25.60,257.60,128,1288
vda,53.20,0.00,224.80,0,1124
vda,22.00,0.80,197.60,4,988
vda,2.80,0.00,44.80,0,224
vda,5.20,0.80,51.20,4,256
vda,0.80,0.80,43.20,4,216
vda,4.20,0.00,32.00,0,160
vda,33.80,0.00,136.80,0,684
vda,56.60,0.00,287.20,0,1436
vda,55.40,1.60,260.80,8,1304
vda,40.00,0.00,432.00,0,2160
vda,0.80,1.60,40.00,8,200
vda,13.40,0.00,72.80,0,364
vda,1.40,0.00,25.60,0,128
vda,16.80,1.60,104.80,8,524
vda,44.00,0.00,188.80,0,944
vda,62.20,0.00,272.00,0,1360
vda,24.80,8.00,486.40,40,2432
vda,61.00,0.00,316.00,0,1580
vda,4.00,0.00,23.20,0,116
vda,6.60,2.40,24.00,12,120
vda,17.00,0.00,105.60,0,528
vda,1.00,2.40,8.80,12,44
vda,32.20,0.00,143.20,0,716
vda,60.60,0.00,291.20,0,1456
vda,41.40,0.80,209.60,4,1048
