vda,19.60,0.00,0.09,0,0
vda,0.80,0.00,0.00,0,0
vda,0.60,0.00,0.01,0,0
vda,1.80,0.00,0.01,0,0
vda,0.80,0.00,0.00,0,0
vda,1.20,0.00,0.00,0,0
vda,2.40,0.00,0.01,0,0
vda,1.60,0.00,0.01,0,0
vda,3.40,0.04,0.01,0,0
vda,257.60,4.67,0.01,23,0
vda,255.00,2.48,0.04,12,0
vda,44.80,0.46,0.02,2,0
vda,129.80,8.30,0.09,41,0
vda,27.80,9.42,0.01,47,0
vda,20.40,5.71,0.00,28,0
vda,31.40,9.79,0.02,48,0
vda,25.60,9.59,0.00,47,0
vda,11.40,4.54,0.00,22,0
vda,17.00,4.21,0.03,21,0
vda,16.80,5.96,0.00,29,0
vda,13.00,3.76,0.01,18,0
vda,40.60,10.70,0.06,53,0
vda,33.00,12.36,0.00,61,0
vda,25.00,6.92,0.00,34,0
vda,48.60,14.81,0.02,74,0
vda,102.20,34.86,0.01,174,0
vda,37.20,13.36,0.01,66,0
vda,7.00,0.00,0.03,0,0
vda,8.60,0.00,0.04,0,0
vda,0.40,0.00,0.01,0,0
vda,10.60,0.00,0.06,0,0
vda,8.40,0.00,0.04,0,0
vda,6.20,0.00,0.02,0,0
vda,8.40,0.01,0.34,0,1
vda,6.60,0.00,0.57,0,2
vda,12.80,0.00,0.06,0,0
vda,6.80,0.00,0.50,0,2
vda,17.60,0.00,0.07,0,0
vda,5.20,0.00,0.02,0,0
vda,7.20,0.00,0.03,0,0
vda,10.40,0.00,0.04,0,0
vda,7.20,0.00,0.03,0,0
vda,26.20,0.00,2.71,0,13
vda,8.00,0.00,0.03,0,0
vda,6.00,0.00,0.02,0,0
vda,4.60,0.00,0.02,0,0
vda,7.00,0.00,0.03,0,0
vda,0.20,0.00,0.01,0,0
vda,8.40,0.00,0.04,0,0
vda,13.20,0.00,0.07,0,0
vda,0.80,0.00,0.00,0,0
vda,0.00,0.00,0.00,0,0
vda,1.80,0.00,0.01,0,0
vda,0.20,0.00,0.00,0,0
vda,1.80,0.00,0.01,0,0
vda,1.00,0.00,0.00,0,0
vda,1.40,0.00,0.01,0,0
