vda,1.00,0.00,0.01,0,0
vda,14.20,0.00,0.07,0,0
vda,2.20,0.00,0.01,0,0
vda,0.80,0.00,0.00,0,0
vda,2.00,0.00,0.01,0,0
vda,1.40,0.00,0.01,0,0
vda,0.00,0.00,0.00,0,0
vda,7.00,0.22,0.01,1,0
vda,45.20,9.59,0.03,47,0
vda,49.40,17.26,0.02,86,0
vda,77.60,24.21,0.12,121,0
vda,60.00,22.82,0.00,114,0
vda,61.80,22.79,0.01,113,0
vda,62.40,22.98,0.01,114,0
vda,67.00,23.98,0.02,119,0
vda,48.60,17.64,0.01,88,0
vda,16.20,4.39,0.02,21,0
vda,79.00,28.16,0.04,140,0
vda,25.60,9.12,0.01,45,0
vda,2.60,0.45,0.00,2,0
vda,56.40,18.70,0.05,93,0
vda,61.20,23.38,0.01,116,0
vda,57.60,21.82,0.01,109,0
vda,46.80,13.60,0.06,68,0
vda,47.40,14.94,0.01,74,0
vda,8.20,2.80,0.00,14,0
vda,3.80,0.40,0.01,2,0
vda,2.40,0.00,0.01,0,0
vda,3.00,0.00,0.01,0,0
vda,1.00,0.00,0.01,0,0
vda,9.40,0.00,6.48,0,32
vda,3.80,0.00,0.01,0,0
vda,7.40,0.00,0.03,0,0
vda,3.20,0.00,0.01,0,0
vda,0.00,0.00,0.00,0,0
vda,9.40,0.00,6.26,0,31
vda,19.20,0.00,22.02,0,110
vda,3.80,0.00,0.01,0,0
vda,3.60,0.00,0.01,0,0
vda,3.00,0.00,0.01,0,0
vda,2.60,0.00,0.01,0,0
vda,1.00,0.00,0.01,0,0
vda,7.80,0.00,6.48,0,32
vda,12.00,0.00,3.15,0,15
vda,8.00,0.00,6.18,0,30
vda,6.80,0.00,6.23,0,31
vda,6.60,0.00,6.30,0,31
vda,6.80,0.00,6.19,0,30
vda,12.40,0.00,6.31,0,31
vda,7.20,0.00,6.34,0,31
vda,7.00,0.00,0.04,0,0
vda,3.80,0.00,6.49,0,32
vda,13.20,0.00,0.05,0,0
vda,8.60,0.02,0.03,0,0
vda,3.20,0.00,0.01,0,0
vda,0.20,0.00,0.00,0,0
vda,3.60,0.00,0.01,0,0
vda,7.80,0.00,0.06,0,0
vda,2.80,0.00,0.01,0,0
vda,25.00,0.00,15.76,0,78
vda,14.20,0.00,22.20,0,111
vda,0.20,0.00,0.00,0,0
vda,3.80,0.00,0.01,0,0
vda,4.00,0.00,0.02,0,0
vda,2.60,0.00,0.01,0,0
vda,3.20,0.00,0.02,0,0
vda,4.00,0.00,0.02,0,0
vda,11.20,0.00,6.33,0,31
vda,12.20,0.00,6.21,0,31
vda,4.40,0.00,3.04,0,15
vda,4.80,0.00,3.20,0,16
vda,7.20,0.01,6.31,0,31
vda,4.60,0.00,6.19,0,30
vda,6.00,0.00,3.09,0,15
vda,10.60,0.00,9.57,0,47
vda,3.40,0.00,6.49,0,32
vda,2.80,0.00,3.13,0,15
vda,15.00,0.00,6.49,0,32
vda,6.00,0.00,3.08,0,15
vda,5.40,0.00,3.22,0,16
vda,0.20,0.00,0.00,0,0
vda,7.80,0.00,0.04,0,0
vda,4.60,0.00,0.02,0,0
vda,3.40,0.00,0.01,0,0
vda,12.80,0.00,6.44,0,32
vda,4.00,0.00,6.22,0,31
vda,6.40,0.00,6.22,0,31
vda,7.80,0.00,6.49,0,32
vda,5.80,0.00,3.10,0,15
vda,18.40,0.00,6.27,0,31
vda,8.60,0.00,6.48,0,32
vda,13.20,0.00,6.32,0,31
vda,7.40,0.00,6.19,0,30
vda,3.00,0.00,6.11,0,30
vda,5.20,0.00,3.22,0,16
vda,7.80,0.00,6.20,0,30
vda,11.00,0.00,3.11,0,15
vda,16.60,0.00,6.37,0,31
vda,11.80,0.00,6.55,0,32
vda,7.60,0.02,6.31,0,31
vda,8.00,0.00,6.44,0,32
vda,7.60,0.00,6.28,0,31
vda,4.60,0.00,0.03,0,0
vda,6.60,0.00,0.06,0,0
vda,3.20,0.00,0.01,0,0
vda,3.00,0.00,0.01,0,0
vda,16.80,0.00,6.45,0,32
vda,7.60,0.00,6.23,0,31
vda,7.80,0.00,6.23,0,31
vda,7.40,0.01,3.25,0,16
vda,10.00,0.00,6.36,0,31
vda,5.20,0.00,6.22,0,31
vda,5.80,0.00,6.48,0,32
vda,12.60,0.00,6.32,0,31
vda,5.40,0.00,6.19,0,30
vda,7.00,0.00,3.05,0,15
vda,4.80,0.00,3.10,0,15
vda,13.40,0.00,6.25,0,31
vda,4.60,0.00,6.26,0,31
vda,3.20,0.00,6.32,0,31
vda,16.20,0.00,6.58,0,32
vda,4.60,0.00,6.32,0,31
vda,2.00,0.00,6.43,0,32
vda,13.00,0.00,6.31,0,31
vda,11.40,0.00,0.07,0,0
vda,3.00,0.00,0.01,0,0
vda,5.00,0.00,0.03,0,0
vda,4.00,0.00,0.02,0,0
vda,15.57,0.00,6.41,0,32
vda,11.00,0.00,6.23,0,31
vda,6.80,0.00,3.09,0,15
vda,12.20,0.00,6.40,0,32
vda,12.80,0.00,6.38,0,31
vda,6.20,0.00,6.23,0,31
vda,4.80,0.00,3.30,0,16
vda,5.20,0.00,6.30,0,31
vda,4.80,0.00,6.17,0,30
vda,11.40,0.00,6.26,0,31
vda,5.80,0.00,6.31,0,31
vda,6.00,0.00,6.20,0,30
vda,5.80,0.00,6.28,0,31
vda,3.20,0.00,6.33,0,31
vda,10.00,0.00,6.53,0,32
vda,3.80,0.00,3.14,0,15
vda,4.80,0.00,3.19,0,15
vda,13.20,0.01,6.37,0,31
vda,5.00,0.00,3.22,0,16
vda,3.80,0.00,0.01,0,0
vda,3.80,0.00,0.01,0,0
vda,2.40,0.00,0.01,0,0
vda,2.40,0.00,6.42,0,32
vda,12.80,0.00,6.26,0,31
vda,11.80,0.00,6.24,0,31
vda,6.40,0.00,3.24,0,16
vda,11.00,0.00,6.36,0,31
vda,7.60,0.00,6.22,0,31
vda,6.80,0.00,6.48,0,32
vda,7.00,0.00,6.29,0,31
vda,5.80,0.00,3.00,0,15
vda,9.60,0.00,3.07,0,15
vda,13.40,0.00,6.31,0,31
vda,5.40,0.00,3.22,0,16
vda,3.80,0.00,6.18,0,30
vda,28.60,0.01,6.36,0,31
vda,4.00,0.00,3.12,0,15
vda,7.40,0.00,6.53,0,32
vda,7.60,0.00,6.32,0,31
vda,13.20,0.00,6.51,0,32
vda,6.00,0.00,6.27,0,31
vda,5.00,0.00,0.03,0,0
vda,9.40,0.00,0.04,0,0
vda,3.20,0.00,0.01,0,0
vda,7.60,0.00,6.43,0,32
vda,6.60,0.02,3.17,0,15
vda,8.40,0.01,3.08,0,15
vda,12.38,0.00,6.24,0,31
vda,7.40,0.00,6.50,0,32
vda,11.80,0.00,6.19,0,30
vda,7.20,0.00,6.45,0,32
vda,4.60,0.00,6.30,0,31
vda,1.60,0.00,6.15,0,30
vda,6.40,0.00,6.24,0,31
vda,8.80,0.00,6.32,0,31
vda,4.80,0.00,3.01,0,15
vda,10.00,0.01,6.28,0,31
vda,5.80,0.02,6.32,0,31
vda,4.00,0.00,6.53,0,32
vda,14.40,0.00,6.36,0,31
vda,8.20,0.00,3.31,0,16
vda,5.40,0.00,6.25,0,31
vda,5.60,0.00,3.23,0,16
vda,9.20,0.00,0.04,0,0
vda,3.20,0.00,0.01,0,0
vda,6.40,0.00,0.03,0,0
vda,2.80,0.00,0.01,0,0
vda,23.40,0.00,22.11,0,110
vda,12.40,0.00,19.03,0,95
vda,5.00,0.00,0.02,0,0
vda,4.20,0.00,0.02,0,0
vda,2.60,0.00,0.01,0,0
vda,3.00,0.00,0.01,0,0
vda,2.60,0.00,0.01,0,0
vda,15.80,0.05,6.34,0,31
vda,5.60,0.00,6.19,0,30
vda,9.20,0.00,3.07,0,15
vda,5.60,0.00,6.30,0,31
vda,4.40,0.00,6.19,0,30
vda,5.20,0.00,3.08,0,15
vda,3.60,0.00,6.32,0,31
vda,23.60,0.00,3.32,0,16
vda,0.20,0.00,0.00,0,0
vda,7.00,0.03,0.02,0,0
vda,3.20,0.00,0.01,0,0
vda,0.00,0.00,0.00,0,0
vda,3.20,0.00,0.01,0,0
vda,38.20,0.00,22.18,0,110
vda,7.40,0.00,6.35,0,31
vda,3.60,0.00,0.01,0,0
vda,2.80,0.00,0.01,0,0
vda,2.60,0.00,0.01,0,0
vda,4.80,0.02,0.01,0,0
vda,5.00,0.00,0.03,0,0
vda,6.60,0.00,6.22,0,31
vda,9.20,0.00,3.32,0,16
vda,6.40,0.00,6.30,0,31
vda,5.80,0.00,6.17,0,30
vda,5.80,0.00,6.23,0,31
vda,9.60,0.00,6.32,0,31
vda,6.60,0.00,6.20,0,30
vda,5.40,0.00,3.08,0,15
vda,9.40,0.01,6.34,0,31
vda,4.40,0.00,6.53,0,32
vda,3.80,0.00,6.31,0,31
vda,5.60,0.00,6.44,0,32
vda,5.20,0.00,3.08,0,15
vda,4.60,0.00,3.22,0,16
vda,4.40,0.00,0.02,0,0
vda,13.00,0.00,0.06,0,0
vda,3.00,0.00,0.01,0,0
vda,7.20,0.00,6.44,0,32
vda,4.60,0.00,6.23,0,31
vda,4.60,0.00,0.02,0,0
vda,7.20,0.00,6.23,0,31
vda,1.80,0.00,6.48,0,32
vda,16.00,0.00,6.21,0,31
vda,8.00,0.00,6.45,0,32
vda,5.80,0.00,6.30,0,31
vda,5.40,0.00,6.17,0,30
vda,5.80,0.00,6.23,0,31
vda,4.80,0.00,6.30,0,31
vda,5.00,0.00,3.01,0,15
vda,14.40,0.00,6.31,0,31
vda,13.40,0.00,3.25,0,16
vda,3.60,0.00,6.33,0,31
vda,10.40,0.00,0.04,0,0
vda,0.00,0.00,0.00,0,0
vda,0.80,0.00,0.01,0,0
vda,8.20,0.00,0.03,0,0
vda,6.20,0.00,0.06,0,0
vda,1.20,0.00,0.00,0,0
vda,1.80,0.00,0.01,0,0
vda,1.20,0.00,0.00,0,0
vda,0.00,0.00,0.00,0,0
vda,0.80,0.00,0.00,0,0
vda,1.20,0.00,0.01,0,0
vda,2.40,0.00,0.01,0,0
vda,7.20,0.00,0.03,0,0
vda,0.60,0.00,0.00,0,0
vda,0.00,0.00,0.00,0,0
vda,1.80,0.01,0.00,0,0
vda,2.20,0.00,0.02,0,0
vda,1.80,0.00,0.01,0,0
vda,7.00,0.00,0.03,0,0
vda,0.00,0.00,0.00,0,0
vda,0.60,0.00,0.00,0,0
vda,0.00,0.00,0.00,0,0
vda,7.20,0.00,0.03,0,0
vda,1.20,0.00,0.00,0,0
vda,6.00,0.00,0.03,0,0
vda,0.80,0.00,0.00,0,0
vda,3.00,0.02,0.01,0,0
