vda,28.20,0.27,0.00,1,0
vda,5.00,0.07,0.01,0,0
vda,2.00,0.00,0.01,0,0
vda,3.00,0.00,0.01,0,0
vda,3.40,0.00,0.01,0,0
vda,2.00,0.00,0.01,0,0
vda,26.00,0.00,0.11,0,0
vda,1.80,0.00,0.01,0,0
vda,24.60,0.11,0.01,0,0
vda,3.00,0.00,0.01,0,0
vda,2.20,0.00,0.01,0,0
vda,4.20,0.00,0.02,0,0
vda,367.60,4.51,0.01,22,0
vda,427.80,5.65,0.02,28,0
vda,84.80,0.73,0.13,3,0
vda,14.00,0.11,0.02,0,0
vda,138.60,1.26,0.01,6,0
vda,3.80,0.00,0.01,0,0
vda,3.20,0.01,0.01,0,0
vda,5.20,0.03,0.01,0,0
vda,16.00,0.00,0.07,0,0
vda,9.20,0.00,0.06,0,0
vda,3.60,0.00,0.01,0,0
vda,19.00,0.00,0.08,0,0
vda,0.00,0.00,0.00,0,0
vda,3.80,0.00,0.01,0,0
vda,9.80,0.00,1.66,0,8
vda,5.60,0.01,1.39,0,6
vda,2.00,0.00,0.01,0,0
vda,6.60,0.00,0.03,0,0
vda,0.20,0.00,0.00,0,0
vda,19.40,0.09,0.02,0,0
vda,4.20,0.00,0.02,0,0
vda,11.00,0.00,3.02,0,15
vda,0.20,0.00,0.00,0,0
vda,4.40,0.00,0.02,0,0
vda,17.20,0.00,1.52,0,7
vda,4.80,0.00,0.02,0,0
vda,8.00,0.00,0.04,0,0
vda,3.00,0.00,0.01,0,0
vda,9.20,0.00,0.05,0,0
vda,5.20,0.00,0.02,0,0
vda,0.00,0.00,0.00,0,0
vda,3.60,0.00,0.01,0,0
vda,11.80,0.00,0.05,0,0
vda,4.40,0.00,0.02,0,0
vda,5.20,0.00,0.02,0,0
vda,5.40,0.00,0.03,0,0
vda,3.20,0.00,0.01,0,0
vda,14.00,0.00,1.66,0,8
vda,5.00,0.08,1.38,0,6
vda,6.60,0.00,0.03,0,0
vda,0.00,0.00,0.00,0,0
vda,1.80,0.00,0.01,0,0
vda,1.80,0.00,0.01,0,0
vda,2.80,0.00,0.02,0,0
vda,2.60,0.00,0.01,0,0
vda,8.60,0.00,0.04,0,0
vda,2.00,0.00,0.01,0,0
vda,2.00,0.00,0.01,0,0
