vda,28.00,0.27,0.00,1,0
vda,4.00,0.07,0.01,0,0
vda,1.20,0.00,0.00,0,0
vda,20.60,0.00,0.10,0,0
vda,0.00,0.00,0.00,0,0
vda,4.20,0.00,0.02,0,0
vda,2.00,0.00,0.01,0,0
vda,186.20,2.27,0.01,11,0
vda,327.00,3.91,0.04,19,0
vda,137.60,1.49,0.01,7,0
vda,236.80,3.32,0.03,16,0
vda,158.20,1.34,0.13,6,0
vda,16.80,0.08,0.07,0,0
vda,6.20,0.00,0.02,0,0
vda,14.80,0.00,0.09,0,0
vda,1.00,0.00,0.00,0,0
vda,0.00,0.00,0.00,0,0
vda,0.80,0.00,0.00,0,0
vda,0.00,0.00,0.00,0,0
vda,0.60,0.00,0.00,0,0
vda,3.20,0.00,0.01,0,0
