vda,95.00,0.76,0.33,3,1
vda,141.80,1.13,0.50,5,2
vda,11.80,0.76,0.00,3,0
vda,18.60,1.13,0.00,5,0
vda,17.20,0.76,0.02,3,0
vda,40.40,1.13,0.31,5,1
vda,23.40,0.76,0.05,3,0
vda,69.60,1.13,0.24,5,1
vda,20.80,0.76,0.04,3,0
vda,20.20,1.13,0.01,5,0
vda,150.20,1.71,0.49,8,2
vda,187.20,12.34,0.01,61,0
vda,76.80,2.60,0.16,12,0
vda,19.00,1.14,0.03,5,0
vda,26.00,0.76,0.13,3,0
vda,21.80,1.13,0.02,5,0
vda,70.80,0.76,0.23,3,1
vda,24.00,0.76,0.24,3,1
vda,21.80,1.13,0.02,5,0
vda,98.80,0.76,0.35,3,1
vda,50.20,1.13,0.15,5,0
vda,16.20,0.76,0.02,3,0
vda,23.40,1.13,0.02,5,0
vda,212.20,0.76,0.86,3,4
vda,21.80,1.13,0.02,5,0
vda,17.00,0.76,0.02,3,0
vda,19.60,1.13,0.01,5,0
vda,148.80,0.76,0.59,3,2
vda,20.80,1.13,0.01,5,0
vda,18.60,0.76,0.22,3,1
vda,21.00,1.13,0.01,5,0
vda,20.00,0.76,0.03,3,0
vda,167.80,1.14,0.65,5,3
vda,12.80,0.76,0.00,3,0
vda,22.40,0.94,0.03,4,0
vda,17.00,0.96,0.01,4,0
vda,17.40,1.13,0.00,5,0
vda,202.40,0.76,0.79,3,3
vda,25.20,1.13,0.03,5,0
vda,15.40,0.76,0.01,3,0
vda,17.80,0.76,0.02,3,0
vda,165.20,1.13,0.83,5,4
vda,15.00,0.76,0.01,3,0
vda,23.00,1.13,0.02,5,0
vda,15.20,0.76,0.01,3,0
vda,17.40,1.13,0.00,5,0
vda,214.00,0.76,0.84,3,4
vda,21.40,1.13,0.02,5,0
vda,16.00,0.76,0.02,3,0
vda,23.00,1.14,0.02,5,0
vda,20.40,0.76,0.03,3,0
vda,18.00,1.13,0.00,5,0
vda,18.40,0.76,0.03,3,0
vda,37.40,1.13,0.29,5,1
vda,22.00,0.76,0.07,3,0
vda,143.40,1.13,0.50,5,2
vda,12.40,0.76,0.00,3,0
vda,19.60,1.13,0.01,5,0
