vda,2.40,0.00,0.01,0,0
vda,13.20,0.00,0.07,0,0
vda,1.60,0.00,0.01,0,0
vda,0.80,0.00,0.00,0,0
vda,0.00,0.00,0.00,0,0
vda,2.20,0.00,0.01,0,0
vda,9.60,0.00,0.04,0,0
vda,3.80,0.00,0.01,0,0
vda,2.00,0.00,0.01,0,0
vda,0.20,0.00,0.00,0,0
vda,10.60,0.38,0.02,1,0
vda,2.20,0.00,0.01,0,0
vda,2.80,0.00,0.02,0,0
vda,13.40,0.38,0.04,1,0
vda,0.80,0.00,0.00,0,0
vda,8.40,0.00,0.09,0,0
vda,5.40,0.00,0.02,0,0
vda,3.40,0.00,0.01,0,0
vda,11.60,0.00,2.74,0,13
vda,2.00,0.00,0.01,0,0
vda,0.80,0.00,0.00,0,0
vda,3.00,0.00,0.01,0,0
vda,3.00,0.00,0.01,0,0
vda,0.00,0.00,0.00,0,0
vda,1.40,0.00,0.01,0,0
vda,5.80,0.00,0.03,0,0
vda,9.60,0.00,0.04,0,0
vda,15.00,0.00,5.47,0,27
vda,2.20,0.00,0.01,0,0
vda,1.00,0.00,0.00,0,0
vda,0.00,0.00,0.00,0,0
vda,2.40,0.00,0.01,0,0
vda,3.60,0.00,0.01,0,0
vda,6.40,0.00,2.74,0,13
vda,2.40,0.00,0.01,0,0
vda,3.00,0.00,0.01,0,0
vda,3.80,0.00,0.01,0,0
vda,0.00,0.00,0.00,0,0
vda,0.60,0.00,0.00,0,0
vda,1.00,0.00,0.01,0,0
vda,10.00,0.00,0.04,0,0
vda,4.20,0.00,0.02,0,0
vda,3.80,0.00,2.71,0,13
vda,1.40,0.00,0.01,0,0
vda,1.40,0.00,0.01,0,0
vda,8.80,0.00,0.04,0,0
vda,2.80,0.00,0.01,0,0
vda,5.00,0.00,0.04,0,0
vda,0.60,0.00,0.00,0,0
vda,0.00,0.00,0.00,0,0
vda,13.80,0.00,5.46,0,27
vda,3.80,0.00,0.01,0,0
vda,0.00,0.00,0.00,0,0
vda,0.80,0.00,0.00,0,0
vda,2.00,0.00,0.01,0,0
vda,1.60,0.00,0.01,0,0
vda,3.60,0.00,0.02,0,0
vda,4.80,0.00,0.02,0,0
vda,0.20,0.00,0.00,0,0
vda,7.00,0.00,0.03,0,0
vda,2.00,0.00,0.01,0,0
vda,3.00,0.00,0.01,0,0
vda,4.80,0.00,2.72,0,13
vda,2.40,0.00,0.01,0,0
vda,0.20,0.00,0.00,0,0
vda,6.60,0.00,0.03,0,0
vda,0.00,0.00,0.00,0,0
vda,6.80,0.00,0.03,0,0
vda,0.60,0.00,0.00,0,0
vda,0.80,0.00,0.01,0,0
vda,6.20,0.00,0.03,0,0
vda,1.00,0.00,0.00,0,0
vda,5.00,0.00,0.03,0,0
vda,2.20,0.00,0.01,0,0
vda,1.20,0.00,0.00,0,0
vda,0.40,0.00,0.00,0,0
vda,1.40,0.00,0.01,0,0
vda,0.80,0.00,0.00,0,0
vda,0.20,0.00,0.00,0,0
