3241572.0,89472.0,7464.0
3241572.0,89472.0,7464.0
1679924.0,466208.8,7722.1333333
1112052.0,603204.0,7816.0
1112052.0,603204.0,7816.0
314608.8,827360.8,8289.6
115248.0,883400.0,8408.0
115248.0,883400.0,8408.0
202465.86667,632704.53333,8470.4
215884.0,594136.0,8480.0
157612.8,709790.93333,8528.5333333
148648.0,727584.0,8536.0
148648.0,727584.0,8536.0
121611.46667,740795.73333,8585.8666667
111780.0,745600.0,8604.0
111258.4,737337.6,8655.2
111128.0,735272.0,8668.0
111128.0,735272.0,8668.0
431260.8,427622.66667,8730.4
480512.0,380292.0,8740.0
480512.0,380292.0,8740.0
364856.53333,492670.93333,8795.7333333
322800.0,533536.0,8816.0
205425.6,647452.0,8962.6666667
162744.0,688876.0,9016.0
162744.0,688876.0,9016.0
377812.8,475295.2,9067.2
431580.0,421900.0,9080.0
431580.0,421900.0,9080.0
272536.26667,568626.66667,9142.4
248068.0,591200.0,9152.0
248068.0,591200.0,9152.0
231005.06667,599211.46667,9204.0
228380.0,600444.0,9212.0
