vda,29.20,0.00,0.12,0,0
vda,0.20,0.00,0.00,0,0
vda,2.00,0.00,0.01,0,0
vda,1.80,0.00,0.01,0,0
vda,2.80,0.00,0.01,0,0
vda,2.80,0.00,0.01,0,0
vda,0.20,0.00,0.00,0,0
vda,4.40,0.00,0.02,0,0
vda,11.80,0.00,0.05,0,0
vda,0.00,0.00,0.00,0,0
vda,1.80,0.00,0.01,0,0
vda,2.80,0.00,0.01,0,0
vda,312.80,3.88,0.02,19,0
vda,361.60,4.08,0.02,20,0
vda,226.00,8.51,0.04,42,0
vda,59.80,0.76,0.02,3,0
vda,92.20,0.72,0.02,3,0
vda,24.20,0.00,0.35,0,1
vda,14.00,0.00,0.05,0,0
vda,7.60,0.09,0.04,0,0
vda,3.80,0.00,0.01,0,0
vda,1.80,0.00,0.01,0,0
vda,26.00,0.09,0.06,0,0
vda,0.00,0.00,0.00,0,0
vda,1.80,0.00,0.01,0,0
vda,12.20,0.00,0.05,0,0
vda,2.60,0.00,0.01,0,0
vda,2.00,0.00,0.01,0,0
