vda,0.60,0.00,0.00,0,0
vda,30.20,0.27,0.01,1,0
vda,4.20,0.07,0.01,0,0
vda,2.00,0.00,0.01,0,0
vda,1.80,0.00,0.01,0,0
vda,2.40,0.00,0.01,0,0
vda,23.40,0.00,0.10,0,0
vda,457.60,5.56,0.02,27,0
vda,411.20,5.34,0.02,26,0
vda,19.60,0.13,0.01,0,0
vda,143.40,1.32,0.02,6,0
vda,8.80,0.00,0.04,0,0
vda,12.00,0.00,0.05,0,0
vda,14.20,0.09,0.10,0,0
vda,3.40,0.00,0.01,0,0
vda,0.00,0.00,0.00,0,0
vda,9.00,0.00,0.04,0,0
vda,2.80,0.00,0.01,0,0
vda,2.00,0.00,0.01,0,0
vda,1.80,0.00,0.01,0,0
vda,6.00,0.00,0.03,0,0
vda,4.00,0.00,0.02,0,0
vda,2.00,0.00,0.01,0,0
vda,0.80,0.00,0.01,0,0
vda,2.00,0.00,0.01,0,0
vda,2.00,0.00,0.01,0,0
vda,2.00,0.00,0.01,0,0
vda,10.80,0.00,0.05,0,0
