vda,31.80,0.34,0.01,1,0
vda,23.80,0.00,0.11,0,0
vda,0.00,0.00,0.00,0,0
vda,0.60,0.00,0.00,0,0
vda,0.80,0.00,0.00,0,0
vda,2.80,0.00,0.01,0,0
vda,1.40,0.00,0.01,0,0
vda,354.80,4.36,0.01,21,0
vda,337.00,4.06,0.04,20,0
vda,213.40,4.60,0.01,23,0
vda,146.40,1.29,0.10,6,0
vda,9.00,0.04,0.02,0,0
vda,0.40,0.00,0.00,0,0
vda,23.00,0.00,3.93,0,19
vda,5.80,0.00,0.02,0,0
vda,8.60,0.00,0.03,0,0
vda,11.00,0.03,0.02,0,0
vda,12.60,0.00,0.05,0,0
vda,0.00,0.00,0.00,0,0
vda,10.40,0.09,0.05,0,0
vda,9.20,0.00,0.07,0,0
vda,0.20,0.00,0.00,0,0
vda,0.80,0.00,0.00,0,0
vda,0.00,0.00,0.00,0,0
vda,0.60,0.00,0.00,0,0
vda,10.00,0.00,0.04,0,0
vda,0.80,0.00,0.00,0,0
vda,1.60,0.00,0.01,0,0
vda,0.80,0.00,0.00,0,0
vda,1.60,0.00,0.01,0,0
vda,1.00,0.00,0.00,0,0
vda,17.96,0.00,0.08,0,0
vda,0.00,0.00,0.00,0,0
