vda,38.20,1.60,212.00,8,1060
vda,53.80,0.00,432.80,0,2164
vda,15.40,0.00,80.00,0,400
vda,18.60,0.00,110.40,0,552
vda,32.80,0.00,144.80,0,724
vda,6.60,0.00,33.60,0,168
vda,133.60,1576.00,208.80,7880,1044
vda,55.80,437.60,88.00,2188,440
vda,69.06,812.77,124.55,4072,624
vda,39.60,23.20,176.00,116,880
vda,48.40,32.00,181.60,160,908
vda,2.60,0.80,40.80,4,204
vda,2.00,0.00,40.80,0,204
vda,3.00,0.00,12.00,0,60
vda,2.80,0.00,18.40,0,92
vda,13.17,0.25,70.72,4,1128
vda,48.00,0.00,232.80,0,1164
vda,39.20,0.00,175.20,0,876
vda,10.60,0.00,51.20,0,256
vda,19.45,0.27,110.74,4,1640
vda,28.00,1.60,178.40,8,892
vda,6.80,0.00,36.80,0,184
vda,5.40,0.00,22.40,0,112
vda,24.22,0.00,116.06,0,1380
vda,15.00,0.80,96.80,4,484
vda,37.80,0.00,200.00,0,1000
vda,31.80,0.00,132.00,0,660
vda,45.00,1.60,196.80,8,984
vda,54.60,56.80,258.40,284,1292
vda,16.20,896.00,46.40,4480,232
vda,14.00,1587.20,37.60,7936,188
vda,8.20,1063.20,36.00,5316,180
vda,9.00,1112.00,42.40,5560,212
vda,15.60,1792.00,52.80,8960,264
vda,48.20,2560.00,137.60,12800,688
vda,40.60,4758.40,28.80,23792,144
vda,10.40,1414.40,51.20,7072,256
vda,6.60,972.80,3.20,4864,16
vda,19.36,1530.61,49.14,31148,1000
vda,23.40,2376.00,64.00,11880,320
vda,13.00,1857.60,14.40,9288,72
vda,10.00,1436.80,16.00,7184,80
vda,21.00,3089.60,5.60,15448,28
vda,31.67,2126.70,94.74,30348,1352
vda,48.40,0.80,202.40,4,1012
vda,16.46,2039.93,14.90,85412,624
vda,6.60,312.80,48.80,1564,244
vda,7.60,788.80,16.00,3944,80
vda,7.80,805.60,34.40,4028,172
vda,13.60,384.00,56.00,1920,280
vda,21.20,0.00,88.00,0,440
vda,7.71,0.00,35.41,0,404
vda,50.00,0.00,295.20,0,1476
vda,29.00,16.00,139.20,80,696
vda,58.80,0.80,277.60,4,1388
vda,39.40,0.80,184.80,4,924
vda,11.80,0.00,50.40,0,252
vda,26.40,0.00,148.00,0,740
vda,22.60,0.00,100.80,0,504
vda,19.40,0.00,113.60,0,568
vda,39.80,0.00,164.00,0,820
vda,26.20,0.80,195.20,4,976
vda,30.40,0.00,168.00,0,840
vda,66.00,0.00,288.00,0,1440
vda,11.20,0.00,54.40,0,272
vda,24.20,0.00,131.20,0,656
vda,41.20,0.00,197.60,0,988
vda,5.80,1.60,65.60,8,328
vda,19.20,0.80,76.80,4,384
vda,23.08,0.00,166.96,0,2112
vda,49.60,0.00,226.40,0,1132
vda,23.40,0.00,99.20,0,496
vda,9.80,2.40,82.40,12,412
vda,45.60,0.00,200.00,0,1000
vda,32.00,0.00,139.20,0,696
vda,14.60,0.00,90.40,0,452
vda,46.00,0.00,231.20,0,1156
vda,54.20,0.00,232.00,0,1160
vda,33.00,6.40,309.60,32,1548
vda,36.20,0.00,162.40,0,812
vda,23.40,0.00,96.80,0,484
vda,28.00,40.00,125.60,200,628
vda,66.60,0.00,316.80,0,1584
vda,5.40,0.00,60.00,0,300
vda,28.20,1.60,155.20,8,776
vda,25.80,0.00,106.40,0,532
vda,25.00,0.00,110.40,0,552
vda,49.20,0.80,332.80,4,1664
vda,22.80,0.00,127.20,0,636
vda,32.00,0.00,173.60,0,868
vda,7.40,2.40,56.80,12,284
vda,23.20,0.00,103.20,0,516
vda,46.20,0.00,204.00,0,1020
vda,26.40,0.00,107.20,0,536
vda,11.20,0.00,80.00,0,400
vda,20.80,0.00,201.60,0,1008
vda,4.00,1.60,47.20,8,236
vda,39.20,0.00,161.60,0,808
vda,41.40,0.00,198.40,0,992
vda,11.40,3.20,76.00,16,380
vda,23.60,0.00,94.40,0,472
vda,54.60,0.00,236.80,0,1184
vda,33.60,0.00,251.20,0,1256
vda,43.51,0.00,213.17,0,1068
vda,7.60,0.00,36.00,0,180
vda,4.60,0.80,48.00,4,240
vda,28.80,0.00,150.40,0,752
vda,22.60,0.00,96.80,0,484
vda,48.00,1.60,205.60,8,1028
vda,33.80,0.80,167.20,4,836
vda,24.40,0.00,249.60,0,1248
vda,4.20,3.20,19.20,16,96
vda,33.60,0.00,168.80,0,844
vda,10.20,0.00,49.60,0,248
vda,8.80,0.00,36.80,0,184
vda,59.20,0.00,279.20,0,1396
vda,43.80,0.00,186.40,0,932
vda,16.80,0.00,68.80,0,344
vda,53.20,0.00,370.40,0,1852
vda,11.80,0.00,76.00,0,380
vda,1.20,3.20,1.60,16,8
vda,6.80,0.00,60.80,0,304
vda,32.40,0.00,140.00,0,700
vda,0.40,0.00,7.20,0,36
vda,32.40,0.00,160.00,0,800
vda,36.20,0.00,154.40,0,772
vda,24.00,0.00,100.00,0,500
vda,64.80,0.80,427.20,4,2136
vda,30.80,0.00,127.20,0,636
vda,30.40,0.00,158.40,0,792
vda,19.40,0.80,116.80,4,584
vda,0.40,0.00,3.20,0,16
vda,1.60,2.40,27.20,12,136
vda,49.60,0.80,228.80,4,1144
vda,14.40,0.00,69.60,0,348
vda,47.60,1.60,228.00,8,1140
vda,46.80,0.00,300.80,0,1504
vda,26.60,0.00,120.80,0,604
vda,20.40,0.00,87.20,0,436
vda,48.00,0.00,230.40,0,1152
vda,1.60,0.00,37.60,0,188
vda,0.40,0.00,5.60,0,28
vda,26.80,0.00,141.60,0,708
vda,62.40,0.00,271.20,0,1356
vda,18.00,2.40,211.20,12,1056
vda,14.80,0.00,91.20,0,456
vda,71.60,0.00,300.00,0,1500
vda,7.20,0.00,38.40,0,192
vda,4.00,0.00,46.40,0,232
vda,0.80,0.00,12.80,0,64
vda,15.20,0.80,60.00,4,300
vda,30.40,0.80,156.00,4,780
vda,49.40,0.00,209.60,0,1048
vda,56.40,0.00,372.00,0,1860
vda,4.40,0.00,17.60,0,88
vda,47.80,0.00,228.80,0,1144
vda,8.60,0.00,42.40,0,212
vda,4.60,1.60,57.60,8,288
vda,15.20,0.00,66.40,0,332
vda,0.40,0.00,3.20,0,16
vda,33.80,0.00,276.80,0,1384
vda,51.40,0.00,218.40,0,1092
vda,36.00,0.00,171.20,0,856
vda,23.16,0.00,102.69,0,1144
vda,55.00,0.00,256.80,0,1284
vda,16.60,0.00,96.80,0,484
vda,6.40,0.80,88.80,4,444
vda,1.40,0.80,30.40,4,152
vda,0.80,1.60,29.54,8,148
vda,0.00,0.00,0.00,0,0
vda,68.00,0.00,287.20,0,1436
vda,35.20,0.00,180.80,0,904
vda,32.60,0.00,161.60,0,808
vda,30.00,0.00,128.80,0,644
vda,53.40,1.60,250.40,8,1252
vda,34.00,0.80,325.60,4,1628
vda,1.00,0.00,14.40,0,72
vda,48.40,0.00,236.80,0,1184
vda,14.00,0.00,64.80,0,324
vda,18.80,0.00,111.20,0,556
vda,36.40,0.00,149.60,0,748
vda,52.60,0.00,438.40,0,2192
vda,4.60,0.00,28.00,0,140
vda,33.20,0.00,165.60,0,828
vda,8.60,0.00,40.00,0,200
vda,0.60,0.80,6.40,4,32
vda,7.80,0.00,68.80,0,344
vda,57.00,0.00,239.20,0,1196
vda,35.00,0.00,177.60,0,888
vda,46.40,0.00,364.00,0,1820
vda,24.40,0.00,152.00,0,760
vda,0.00,0.00,0.00,0,0
vda,17.00,0.80,74.40,4,372
vda,38.40,0.00,189.60,0,948
vda,1.00,1.60,4.00,8,20
vda,29.20,0.00,153.60,0,768
vda,44.20,0.00,184.80,0,924
vda,40.00,0.00,168.80,0,844
vda,36.40,0.80,424.00,4,2120
vda,46.20,0.00,198.40,0,992
vda,43.80,0.00,180.00,0,900
vda,25.00,0.00,132.00,0,660
vda,20.00,0.00,102.40,0,512
vda,29.20,8.80,124.00,44,620
vda,33.20,0.00,171.20,0,856
vda,34.80,0.00,150.40,0,752
vda,43.00,1.60,394.40,8,1972
vda,26.40,0.00,140.80,0,704
vda,27.40,0.00,111.20,0,556
vda,15.20,0.00,69.60,0,348
vda,42.80,0.00,215.20,0,1076
vda,26.80,0.00,116.80,0,584
vda,5.80,0.80,185.60,4,928
vda,25.40,0.00,140.80,0,704
vda,42.40,0.00,213.60,0,1068
vda,1.20,0.00,14.40,0,72
vda,44.20,1.60,179.20,8,896
vda,52.20,0.00,250.40,0,1252
vda,21.00,0.00,249.60,0,1248
vda,8.60,0.00,42.40,0,212
vda,20.00,0.00,110.40,0,552
vda,11.40,0.00,76.80,0,384
vda,16.40,0.00,94.40,0,472
vda,29.20,0.00,124.00,0,620
vda,31.80,0.00,136.80,0,684
vda,40.00,0.80,180.80,4,904
vda,44.80,0.00,219.20,0,1096
vda,9.00,0.00,221.60,0,1108
vda,23.80,1.60,93.60,8,468
vda,14.40,0.00,116.00,0,580
vda,1.80,0.00,18.40,0,92
vda,39.80,0.00,168.00,0,840
vda,56.00,0.00,263.20,0,1316
vda,17.20,0.00,272.00,0,1360
vda,5.20,0.00,49.60,0,248
vda,49.20,0.00,198.40,0,992
vda,45.20,0.00,227.20,0,1136
vda,26.40,0.80,136.00,4,680
vda,0.80,0.00,10.40,0,52
vda,11.80,0.00,55.20,0,276
vda,1.00,2.40,29.60,12,148
vda,70.80,0.00,295.20,0,1476
vda,30.00,0.00,312.00,0,1560
vda,19.80,0.80,136.80,4,684
vda,58.20,0.00,240.00,0,1200
vda,29.00,0.00,139.20,0,696
vda,28.54,0.80,114.17,4,572
vda,7.80,0.00,65.60,0,328
vda,4.40,0.00,21.60,0,108
vda,12.40,0.00,247.20,0,1236
vda,52.60,0.00,286.40,0,1432
vda,9.80,0.00,56.00,0,280
vda,23.80,0.80,96.00,4,480
vda,18.00,0.00,106.40,0,532
vda,53.80,0.00,230.40,0,1152
vda,19.60,0.80,90.40,4,452
vda,30.20,0.00,313.60,0,1568
vda,1.80,0.00,16.80,0,84
vda,5.20,0.00,96.00,0,480
vda,45.00,0.00,181.60,0,908
vda,53.00,0.00,226.40,0,1132
vda,1.60,1.60,53.60,8,268
vda,20.60,0.00,82.40,0,412
vda,38.20,0.00,165.60,0,828
vda,37.80,1.60,349.60,8,1748
vda,18.20,0.00,107.20,0,536
vda,6.60,0.00,35.20,0,176
vda,26.00,0.00,111.20,0,556
vda,51.40,0.00,248.80,0,1244
vda,18.40,0.00,92.00,0,460
vda,12.80,0.00,277.60,0,1388
vda,32.20,0.00,146.40,0,732
vda,32.40,0.80,139.20,4,696
vda,38.80,0.00,218.40,0,1092
vda,22.80,0.00,101.60,0,508
vda,1.20,0.00,16.00,0,80
vda,1.20,0.00,4.80,0,24
vda,26.00,0.00,136.00,0,680
vda,51.80,0.80,218.40,4,1092
vda,13.20,0.00,304.00,0,1520
vda,56.20,0.00,240.00,0,1200
vda,31.80,0.00,132.80,0,664
vda,31.53,0.39,160.93,4,1664
vda,6.40,0.00,33.60,0,168
vda,21.00,1.60,116.00,8,580
vda,41.52,0.00,360.08,0,1804
vda,0.40,0.00,7.20,0,36
vda,1.00,2.40,28.00,12,140
vda,41.60,0.00,168.80,0,844
vda,42.40,0.00,184.80,0,924
vda,26.80,0.00,119.20,0,596
vda,41.80,0.00,215.20,0,1076
vda,0.40,0.00,8.80,0,44
vda,1.40,2.40,187.20,12,936
vda,56.60,0.00,236.00,0,1180
vda,42.00,0.00,183.20,0,916
vda,21.00,0.00,112.80,0,564
vda,20.60,0.00,84.00,0,420
vda,33.00,0.00,164.80,0,824
vda,32.40,2.40,145.60,12,728
vda,0.80,0.00,190.40,0,952
vda,0.60,0.80,7.20,4,36
vda,30.00,0.00,150.40,0,752
vda,64.20,0.00,276.00,0,1380
vda,25.00,0.80,107.20,4,536
vda,10.40,0.00,75.20,0,376
vda,48.60,0.00,210.40,0,1052
vda,43.00,0.00,208.00,0,1040
vda,18.80,0.00,291.20,0,1456
vda,1.60,0.00,14.40,0,72
vda,1.20,2.40,10.40,12,52
vda,38.80,0.00,181.60,0,908
vda,31.80,0.00,138.40,0,692
vda,50.00,0.00,211.20,0,1056
vda,38.40,0.00,157.60,0,788
vda,41.60,0.00,206.40,0,1032
vda,38.60,0.00,166.40,0,832
vda,68.00,0.00,548.00,0,2740
vda,27.20,0.00,118.40,0,592
vda,10.80,0.00,48.80,0,244
vda,20.00,0.00,112.00,0,560
vda,36.20,0.00,167.20,0,836
vda,1.00,2.40,5.60,12,28
vda,36.00,0.00,181.60,0,908
vda,60.80,12.00,262.40,60,1312
vda,31.20,128.80,720.80,644,3604
vda,40.40,0.00,220.80,0,1104
vda,7.80,0.00,38.40,0,192
vda,4.60,0.80,22.40,4,112
vda,20.60,0.00,111.20,0,556
vda,59.00,0.00,249.60,0,1248
vda,12.00,0.80,124.00,4,620
vda,17.00,0.00,100.00,0,500
vda,48.40,0.80,206.40,4,1032
