vda,0.60,0.00,0.00,0,0
vda,0.80,0.00,0.00,0,0
vda,0.00,0.00,0.00,0,0
vda,0.60,0.00,0.00,0,0
vda,0.00,0.00,0.00,0,0
vda,1.40,0.00,0.01,0,0
vda,21.60,0.00,0.10,0,0
vda,193.20,2.35,0.00,11,0
vda,349.00,4.17,0.02,20,0
vda,254.00,11.46,0.02,57,0
vda,139.60,6.18,0.00,30,0
vda,19.60,2.34,0.01,11,0
vda,6.00,0.43,0.01,2,0
vda,76.20,23.95,0.04,119,0
vda,27.60,6.19,0.05,30,0
vda,2.80,0.00,0.01,0,0
vda,0.80,0.00,0.05,0,0
vda,4.40,0.00,0.02,0,0
vda,3.20,0.00,0.01,0,0
vda,0.80,0.00,0.00,0,0
vda,0.40,0.00,0.00,0,0
vda,4.80,0.00,0.03,0,0
vda,141.20,1.33,0.01,6,0
vda,22.80,0.00,0.09,0,0
vda,8.20,0.09,0.04,0,0
vda,2.60,0.00,0.01,0,0
vda,0.00,0.00,0.00,0,0
vda,2.00,0.00,0.01,0,0
vda,1.00,0.00,0.00,0,0
vda,5.80,0.00,0.03,0,0
vda,1.00,0.00,0.00,0,0
vda,0.20,0.00,0.00,0,0
vda,1.40,0.00,0.01,0,0
vda,7.20,0.00,0.03,0,0
