vda,0.40,0.00,0.00,0,0
vda,1.20,0.00,0.00,0,0
vda,1.60,0.00,0.01,0,0
vda,1.00,0.00,0.00,0,0
vda,1.00,0.00,0.01,0,0
vda,1.00,0.00,0.00,0,0
vda,19.20,0.00,0.09,0,0
vda,338.00,6.41,0.01,32,0
vda,260.20,3.14,0.01,15,0
vda,287.60,11.80,0.02,59,0
vda,55.20,17.37,0.10,86,0
vda,81.60,25.13,0.01,125,0
vda,63.80,22.81,0.01,114,0
vda,102.40,34.88,0.04,174,0
vda,48.80,18.88,0.00,94,0
vda,61.20,19.93,0.06,99,0
vda,65.20,23.91,0.02,119,0
vda,62.60,23.34,0.00,116,0
vda,69.00,25.80,0.01,129,0
vda,73.40,24.94,0.01,124,0
vda,90.40,33.70,0.01,168,0
vda,66.60,23.15,0.02,115,0
vda,104.00,35.23,0.03,176,0
vda,78.20,21.29,0.02,106,0
vda,58.00,21.93,0.00,109,0
vda,68.40,25.18,0.01,125,0
vda,163.20,9.86,54.18,49,270
vda,61.60,22.22,1.50,111,7
vda,46.20,16.48,0.01,82,0
vda,70.60,24.61,0.00,123,0
vda,142.80,7.91,49.29,39,246
vda,132.60,25.81,1.34,129,6
vda,54.00,20.20,0.00,101,0
vda,17.00,6.01,0.00,30,0
vda,96.80,0.41,33.08,2,165
vda,1719.76,41.50,22.61,207,113
vda,444.00,8.28,47.56,41,237
vda,12.60,0.01,3.03,0,15
vda,1.60,0.00,0.01,0,0
vda,61.60,0.89,0.00,4,0
vda,101.00,0.86,2.87,4,14
vda,82.80,1.66,11.63,8,58
vda,62.80,0.13,13.72,0,68
vda,408.40,6.79,2.56,33,12
vda,871.80,18.35,0.02,91,0
vda,40.20,0.08,7.92,0,39
vda,70.40,0.38,11.33,1,56
vda,51.80,0.06,8.81,0,44
vda,723.00,13.51,3.29,67,16
vda,551.00,12.04,0.02,60,0
vda,63.40,0.10,8.86,0,44
vda,204.80,2.88,14.72,14,73
vda,127.20,1.67,5.95,8,29
vda,623.80,11.55,0.07,57,0
vda,73.00,0.23,12.62,1,63
vda,61.60,0.05,12.50,0,62
vda,44.40,0.01,7.60,0,38
vda,1138.80,20.89,0.06,104,0
vda,74.80,0.33,10.59,1,52
vda,62.60,0.05,14.01,0,70
vda,44.40,0.19,7.52,0,37
vda,1276.00,28.32,0.11,141,0
vda,125.60,0.88,8.69,4,43
vda,56.00,0.01,13.82,0,69
vda,225.40,3.08,8.52,15,42
vda,1005.40,17.94,0.17,89,0
vda,68.20,0.10,14.71,0,73
vda,59.00,0.08,11.82,0,59
vda,523.60,9.39,5.73,46,28
vda,933.20,16.29,4.90,81,24
vda,89.20,0.31,14.89,1,74
vda,64.00,0.08,11.81,0,59
vda,1185.80,21.92,2.35,109,11
vda,196.00,3.34,6.24,16,31
vda,71.80,0.08,14.35,0,71
vda,152.40,1.71,12.10,8,60
vda,1154.20,24.84,0.04,124,0
vda,82.00,0.18,10.57,0,52
vda,71.20,0.21,13.33,1,66
vda,367.60,7.21,8.26,36,41
vda,1222.20,22.51,0.11,112,0
vda,37.20,0.20,0.08,1,0
vda,75.20,1.97,0.03,9,0
vda,0.80,0.03,0.01,0,0
vda,17.20,0.00,0.07,0,0
vda,1.00,0.00,0.01,0,0
vda,12.20,0.01,0.11,0,0
vda,1.00,0.00,0.00,0,0
vda,0.00,0.00,0.00,0,0
vda,0.80,0.00,0.00,0,0
vda,11.40,0.29,0.01,1,0
vda,2.20,0.00,0.01,0,0
