3281355.4667,100540.26667,20108.533333
2075388.0,282264.0,21684.0
2075388.0,282264.0,21684.0
2075388.0,282264.0,21684.0
121716.0,954320.0,21780.0
121716.0,954320.0,21780.0
147162.4,177017.6,9725.0666667
148980.0,121496.0,8864.0
148980.0,121496.0,8864.0
121589.86667,140500.26667,3778.4
117376.0,143424.0,2996.0
117376.0,143424.0,2996.0
114516.26667,142117.33333,1905.8666667
114312.0,142024.0,1828.0
194173.6,73540.0,1373.8666667
206460.0,63004.0,1304.0
206460.0,63004.0,1304.0
133178.13333,112254.93333,908.8
121904.0,119832.0,848.0
121904.0,119832.0,848.0
132958.4,132376.0,582.93333333
133748.0,133272.0,564.0
133748.0,133272.0,564.0
118840.8,105298.13333,728.26666667
117776.0,103300.0,740.0
121684.0,148456.0,1740.0
121684.0,148456.0,1740.0
