vda,2.60,0.00,0.01,0,0
vda,0.20,0.00,0.00,0,0
vda,1.80,0.00,0.01,0,0
vda,2.60,0.00,0.01,0,0
vda,26.40,0.00,0.11,0,0
vda,2.00,0.00,0.01,0,0
vda,2.60,0.00,0.01,0,0
vda,445.40,5.42,0.03,27,0
vda,458.60,7.21,0.02,36,0
vda,84.40,23.04,0.02,115,0
vda,27.60,8.92,0.01,44,0
vda,141.20,1.28,0.03,6,0
vda,6.80,0.04,0.02,0,0
vda,13.40,0.00,0.06,0,0
vda,10.20,0.00,0.09,0,0
vda,7.60,0.00,0.03,0,0
vda,6.40,0.00,0.02,0,0
vda,6.20,0.00,0.02,0,0
vda,16.60,0.00,0.11,0,0
vda,4.20,0.00,0.02,0,0
vda,8.60,0.00,0.04,0,0
vda,2.20,0.09,0.01,0,0
vda,12.60,0.00,0.05,0,0
vda,3.80,0.00,0.01,0,0
vda,4.00,0.00,0.02,0,0
vda,7.80,0.00,0.04,0,0
vda,0.00,0.00,0.00,0,0
vda,2.80,0.00,0.01,0,0
vda,2.60,0.00,0.01,0,0
vda,1.80,0.00,0.01,0,0
vda,9.20,0.00,0.04,0,0
vda,1.80,0.00,0.01,0,0
vda,4.60,0.00,0.02,0,0
vda,3.00,0.00,0.01,0,0
vda,0.60,0.00,0.00,0,0
vda,2.20,0.00,0.01,0,0
