vda,31.60,0.00,0.13,0,0
vda,9.58,0.00,0.05,0,0
vda,17.20,0.00,0.07,0,0
vda,1.20,0.00,0.00,0,0
vda,6.80,0.00,0.03,0,0
vda,2.40,0.00,0.01,0,0
vda,2.60,0.00,0.01,0,0
vda,122.00,0.00,0.48,0,2
vda,46.80,10.78,0.08,53,0
vda,21.40,7.60,0.01,38,0
vda,49.00,6.69,0.13,33,0
vda,9.00,2.97,0.00,14,0
vda,20.60,6.93,0.02,34,0
vda,20.60,5.20,0.08,26,0
vda,5.40,1.20,0.01,6,0
vda,5.00,0.00,0.04,0,0
vda,185.40,3.60,0.70,18,3
vda,13.80,0.00,0.05,0,0
vda,10.40,0.00,0.05,0,0
vda,12.00,0.00,0.06,0,0
vda,1.20,0.00,0.00,0,0
vda,8.20,0.00,0.03,0,0
vda,12.60,0.00,0.09,0,0
vda,2.40,0.00,0.11,0,0
vda,1.40,0.00,0.01,0,0
vda,193.60,0.00,0.76,0,3
vda,1.40,0.00,0.01,0,0
vda,1.80,0.00,0.01,0,0
