vda,54.80,0.34,0.11,1,0
vda,2.20,0.00,0.01,0,0
vda,1.80,0.00,0.01,0,0
vda,12.20,0.00,0.05,0,0
vda,2.00,0.00,0.01,0,0
vda,1.80,0.00,0.01,0,0
vda,1.80,0.00,0.01,0,0
vda,1.80,0.00,0.01,0,0
vda,1.80,0.00,0.01,0,0
vda,11.60,0.00,0.05,0,0
vda,2.60,0.00,0.01,0,0
vda,1.80,0.00,0.01,0,0
vda,366.40,4.45,0.02,22,0
vda,361.40,4.74,0.02,23,0
vda,177.40,4.61,0.02,23,0
vda,78.00,0.77,0.02,3,0
vda,82.20,0.55,0.07,2,0
vda,13.20,0.00,0.05,0,0
vda,0.80,0.00,0.00,0,0
vda,10.20,0.00,0.06,0,0
vda,12.00,0.09,0.09,0,0
vda,7.60,0.00,0.03,0,0
vda,2.20,0.00,0.01,0,0
vda,16.20,0.00,0.09,0,0
vda,2.00,0.00,0.01,0,0
vda,1.80,0.00,0.01,0,0
vda,4.40,0.00,0.02,0,0
vda,2.20,0.00,0.01,0,0
vda,1.80,0.00,0.01,0,0
