vda,1.00,0.00,62.40,0,312
vda,1.60,0.00,8.00,0,40
vda,32.60,0.80,139.20,4,696
vda,26.80,0.00,147.20,0,736
vda,1.00,0.80,10.40,4,52
vda,1.40,4.00,29.60,20,148
vda,70.86,0.00,303.39,0,1520
vda,45.60,0.00,214.40,0,1072
vda,61.20,382.40,296.80,1912,1484
vda,54.20,479.20,220.00,2396,1100
vda,33.80,291.20,180.00,1456,900
vda,11.20,0.80,78.40,4,392
vda,62.60,13.60,256.00,68,1280
vda,14.20,0.00,123.20,0,616
vda,15.00,0.80,104.80,4,524
vda,41.00,0.00,205.60,0,1028
vda,39.40,1.60,191.20,8,956
vda,22.40,0.00,139.20,0,696
vda,52.20,52.80,919.20,264,4596
vda,14.40,30.40,80.00,152,400
vda,6.00,0.00,67.20,0,336
vda,40.40,0.00,165.60,0,828
vda,21.80,0.00,487.20,0,2436
vda,40.80,0.00,204.00,0,1020
vda,70.00,0.80,306.40,4,1532
vda,36.80,1.60,215.20,8,1076
vda,16.00,0.00,140.80,0,704
vda,0.40,0.00,8.80,0,44
vda,7.20,1.60,248.00,8,1240
vda,48.20,0.80,236.00,4,1180
vda,10.80,0.00,54.40,0,272
vda,1.20,0.80,13.60,4,68
vda,26.20,0.00,132.80,0,664
vda,62.80,0.00,260.80,0,1304
vda,46.00,0.00,231.20,0,1156
