vda,2.40,0.80,0.00,4,0
vda,5.20,1.21,0.01,6,0
vda,5.60,0.81,0.01,4,0
vda,3.20,1.23,0.00,6,0
vda,4.00,0.83,0.01,4,0
vda,4.40,1.20,0.01,6,0
vda,20.00,0.80,0.09,4,0
vda,15.20,1.68,0.01,8,0
vda,54.20,14.04,0.02,70,0
vda,52.80,14.49,0.11,72,0
vda,76.20,27.41,0.02,137,0
vda,66.40,25.71,0.00,128,0
vda,77.20,28.51,0.01,142,0
vda,75.05,27.56,0.01,138,0
vda,71.74,26.56,0.01,132,0
vda,76.45,26.19,0.04,131,0
vda,71.34,25.86,0.02,129,0
vda,73.05,26.83,0.03,134,0
vda,72.40,26.74,0.01,133,0
vda,45.60,16.41,0.01,82,0
vda,38.60,14.13,0.00,70,0
vda,45.60,14.50,0.04,72,0
vda,38.80,13.69,0.01,68,0
vda,45.60,16.18,0.02,80,0
vda,11.40,1.20,0.03,6,0
vda,36.00,13.60,0.01,68,0
vda,38.00,14.50,0.00,72,0
vda,69.60,26.51,0.01,132,0
vda,38.60,14.14,0.01,70,0
vda,5.00,0.80,0.01,4,0
vda,12.00,1.23,0.04,6,0
vda,7.60,0.80,0.02,4,0
vda,6.80,1.20,0.01,6,0
vda,7.80,0.83,0.03,4,0
vda,8.60,1.20,0.02,6,0
vda,10.80,0.80,3.96,4,19
vda,17.80,1.20,7.90,6,39
vda,32.80,0.80,23.51,4,117
vda,7.80,1.20,0.02,6,0
vda,6.20,0.80,0.02,4,0
vda,13.80,1.24,0.02,6,0
vda,2.20,0.83,0.00,4,0
vda,11.00,1.20,3.88,6,19
vda,14.00,0.83,3.95,4,19
vda,11.20,1.22,7.89,6,39
vda,24.80,0.81,8.05,4,40
vda,5.60,0.83,0.01,4,0
vda,7.00,1.20,0.02,6,0
vda,5.80,0.80,0.01,4,0
vda,8.00,1.20,0.03,6,0
vda,7.00,0.80,0.06,4,0
vda,13.60,1.20,0.04,6,0
vda,15.00,0.80,5.97,4,29
vda,38.60,1.22,33.51,6,167
vda,5.20,0.85,0.01,4,0
vda,7.00,1.20,0.02,6,0
vda,6.20,0.83,0.02,4,0
vda,7.60,1.20,0.02,6,0
vda,4.00,0.80,1.97,4,9
vda,8.60,1.23,5.98,6,29
vda,24.40,0.80,7.96,4,39
vda,7.00,1.20,8.02,6,40
vda,10.60,0.80,7.88,4,39
vda,11.60,1.20,7.78,6,38
vda,11.60,0.80,0.03,4,0
vda,8.20,1.20,0.02,6,0
vda,25.40,0.82,16.09,4,80
vda,11.00,0.83,5.91,4,29
vda,38.60,1.20,33.48,6,167
vda,6.80,0.83,0.02,4,0
vda,7.40,1.20,0.02,6,0
vda,2.00,0.80,0.00,4,0
vda,4.00,1.23,0.00,6,0
vda,7.20,0.80,0.03,4,0
vda,58.00,1.38,8.09,6,40
vda,20.40,0.82,7.89,4,39
vda,12.60,1.20,7.78,6,38
vda,6.00,0.80,0.02,4,0
vda,7.60,1.20,0.02,6,0
vda,10.38,0.82,4.02,4,20
vda,21.40,1.23,12.08,6,60
vda,39.80,0.80,37.44,4,187
vda,9.00,1.23,0.02,6,0
vda,6.40,0.84,0.02,4,0
vda,8.20,1.20,0.02,6,0
vda,20.20,0.83,0.07,4,0
vda,9.60,1.20,2.02,6,10
vda,17.20,0.80,8.12,4,40
vda,12.60,1.20,7.86,6,39
vda,10.80,0.80,7.77,4,38
vda,13.60,1.20,0.04,6,0
vda,6.40,0.80,0.02,4,0
vda,30.60,0.83,16.06,4,80
vda,33.60,1.22,33.52,6,167
vda,6.20,0.83,0.01,4,0
vda,7.40,1.20,0.02,6,0
vda,6.20,0.80,0.02,4,0
vda,3.80,1.20,0.00,6,0
vda,6.20,0.83,1.96,4,9
vda,11.80,1.20,8.07,6,40
vda,23.40,0.80,8.07,4,40
vda,11.20,1.20,7.85,6,39
vda,8.60,0.80,3.74,4,18
vda,9.80,1.21,0.02,6,0
vda,5.80,0.80,6.11,4,30
vda,38.80,1.22,37.48,6,187
vda,9.60,0.83,4.04,4,20
vda,7.20,1.23,0.02,6,0
vda,5.40,0.80,0.01,4,0
vda,6.80,1.20,0.01,6,0
vda,5.80,0.80,0.02,4,0
vda,9.60,1.23,7.91,6,39
vda,15.40,0.80,8.09,4,40
vda,7.20,0.80,0.02,4,0
vda,17.20,1.20,7.89,6,39
vda,10.80,0.81,7.78,4,38
vda,7.80,1.19,0.03,5,0
vda,34.80,0.81,20.00,4,100
vda,47.60,1.21,27.59,6,137
vda,8.80,0.83,0.03,4,0
vda,7.40,1.23,0.02,6,0
vda,6.40,0.80,0.02,4,0
vda,29.00,1.22,0.10,6,0
vda,3.80,0.80,0.01,4,0
vda,21.40,1.23,7.92,6,39
vda,22.20,0.80,8.14,4,40
vda,19.00,1.20,7.86,6,39
vda,5.80,0.81,1.95,4,9
vda,15.80,1.20,5.83,6,29
vda,12.60,0.80,0.04,4,0
vda,38.40,1.20,16.06,6,80
vda,24.00,0.82,11.81,4,59
vda,22.80,1.25,19.75,6,98
vda,7.00,0.84,0.02,4,0
vda,6.60,1.20,0.01,6,0
vda,6.60,0.80,0.02,4,0
vda,5.60,1.23,0.02,6,0
vda,10.80,0.80,7.94,4,39
vda,20.40,0.90,4.15,4,20
vda,12.60,1.10,8.01,5,40
vda,12.00,0.91,9.64,4,48
vda,8.80,1.10,1.95,5,9
vda,3.00,0.80,0.01,4,0
vda,29.14,1.21,23.83,6,119
vda,26.00,0.81,23.76,4,118
vda,7.80,1.23,0.02,6,0
vda,6.60,0.83,0.02,4,0
vda,7.60,1.20,0.02,6,0
vda,2.80,0.80,0.00,4,0
vda,5.20,1.23,0.01,6,0
vda,17.40,0.80,5.99,4,29
vda,11.00,1.20,8.02,6,40
vda,5.60,0.80,7.96,4,39
vda,16.60,1.21,7.92,6,39
vda,5.40,0.86,1.79,4,8
vda,22.40,1.20,18.04,6,90
vda,26.20,0.81,29.57,4,147
vda,9.00,1.24,0.02,6,0
vda,5.80,0.80,0.01,4,0
vda,7.00,1.23,0.01,6,0
vda,18.20,0.80,0.06,4,0
vda,21.80,1.05,0.09,5,0
vda,15.20,1.02,8.01,5,40
vda,20.60,1.16,8.05,5,40
vda,11.80,1.03,7.86,5,39
vda,16.80,0.80,7.76,4,38
vda,3.40,1.20,0.00,6,0
vda,4.60,0.80,0.02,4,0
vda,3.00,1.20,0.00,6,0
vda,11.60,0.81,0.04,4,0
vda,19.60,1.49,0.04,7,0
vda,2.00,0.80,0.00,4,0
vda,6.20,1.26,0.00,6,0
vda,19.20,0.86,0.07,4,0
vda,5.40,1.20,0.01,6,0
vda,2.20,0.83,0.00,4,0
vda,3.80,1.20,0.00,6,0
vda,4.60,0.80,0.01,4,0
vda,4.20,1.20,0.00,6,0
