4840312.0,2611532.0,20308.0
3891520.5333,2656366.1333,20340.0
3061328.0,2695596.0,20368.0
3061328.0,2695596.0,20368.0
2086052.5333,2871492.0,20394.133333
971452.0,3072516.0,20424.0
628310.13333,3171012.5333,20444.533333
236148.0,3283580.0,20468.0
236148.0,3283580.0,20468.0
196880.8,3277096.8,20488.8
137980.0,3267372.0,20520.0
137980.0,3267372.0,20520.0
206367.2,3224962.4,20539.2
308948.0,3161348.0,20568.0
262000.0,3195597.3333,20588.0
168104.0,3264096.0,20628.0
168104.0,3264096.0,20628.0
154856.0,3272686.4,20642.4
134984.0,3285572.0,20664.0
134984.0,3285572.0,20664.0
141502.4,3274071.2,20672.0
151280.0,3256820.0,20684.0
145797.33333,3259400.2667,20690.4
130720.0,3266496.0,20708.0
130720.0,3266496.0,20708.0
323562.66667,3071426.1333,20719.733333
853880.0,2534984.0,20752.0
853880.0,2534984.0,20752.0
820492.26667,2573314.6667,20765.866667
728676.0,2678724.0,20804.0
1594308.8,2621928.8,20811.2
