vda,1.40,0.00,0.01,0,0
vda,25.40,0.00,0.11,0,0
vda,28.80,0.27,0.01,1,0
vda,2.60,0.07,0.01,0,0
vda,1.20,0.00,0.00,0,0
vda,0.00,0.00,0.00,0,0
vda,1.40,0.00,0.01,0,0
vda,1.40,0.00,0.01,0,0
vda,0.00,0.00,0.00,0,0
vda,9.80,0.00,0.04,0,0
vda,0.80,0.00,0.00,0,0
vda,0.00,0.00,0.00,0,0
vda,250.00,3.15,0.01,15,0
vda,321.20,3.59,0.02,17,0
vda,343.20,13.93,0.02,69,0
vda,48.60,12.73,0.01,63,0
vda,51.80,0.58,0.01,2,0
vda,97.40,0.72,0.04,3,0
vda,10.60,0.03,0.04,0,0
vda,0.60,0.00,0.01,0,0
vda,12.00,0.00,0.10,0,0
vda,7.60,0.01,0.02,0,0
vda,3.80,0.00,0.01,0,0
vda,3.80,0.00,0.01,0,0
vda,17.60,0.00,0.11,0,0
vda,0.20,0.00,0.00,0,0
vda,4.80,0.00,0.03,0,0
vda,3.00,0.00,0.01,0,0
vda,7.60,0.00,0.03,0,0
vda,5.40,0.00,0.02,0,0
vda,0.60,0.00,0.01,0,0
vda,13.20,0.08,0.06,0,0
vda,6.80,0.00,0.03,0,0
vda,0.00,0.00,0.00,0,0
vda,1.00,0.00,0.00,0,0
vda,1.80,0.00,0.01,0,0
vda,1.80,0.00,0.01,0,0
vda,1.20,0.00,0.00,0,0
vda,5.00,0.00,0.03,0,0
vda,0.60,0.00,0.00,0,0
