3303092.0,217136.0,4068.0
3303092.0,217136.0,4068.0
1167684.2667,724271.2,5257.0666667
839160.0,802292.0,5440.0
839160.0,802292.0,5440.0
230101.33333,738519.2,5505.8666667
136400.0,728708.0,5516.0
136400.0,728708.0,5516.0
149292.53333,556490.93333,5620.0
151276.0,529996.0,5636.0
284108.26667,412087.73333,5694.9333333
304544.0,393948.0,5704.0
304544.0,393948.0,5704.0
183340.8,505695.2,5752.0
153040.0,533632.0,5764.0
153040.0,533632.0,5764.0
132348.8,551715.2,5818.4
127176.0,556236.0,5832.0
318391.2,361515.46667,5873.0666667
387924.0,290708.0,5888.0
387924.0,290708.0,5888.0
273342.66667,397537.33333,5933.3333333
216052.0,450952.0,5956.0
139201.6,524681.33333,5997.0666667
111256.0,551492.0,6012.0
111256.0,551492.0,6012.0
280224.8,380422.93333,6053.0666667
341668.0,318216.0,6068.0
341668.0,318216.0,6068.0
252721.6,399832.8,6101.6
193424.0,454244.0,6124.0
168574.93333,484061.6,6158.1333333
146832.0,510152.0,6188.0
146832.0,510152.0,6188.0
121941.6,535587.2,6219.2
105348.0,552544.0,6240.0
105348.0,552544.0,6240.0
136998.13333,521548.8,6274.1333333
164692.0,494428.0,6304.0
145844.26667,511676.0,6328.2666667
124304.0,531388.0,6356.0
124304.0,531388.0,6356.0
129766.4,525548.0,6389.6
137960.0,516788.0,6440.0
137960.0,516788.0,6440.0
202028.8,450717.6,6464.0
298132.0,351612.0,6500.0
1529698.4,268194.4,6520.8
3377048.0,143068.0,6552.0
