vda,28.20,0.27,0.00,1,0
vda,5.00,0.07,0.01,0,0
vda,2.00,0.00,0.01,0,0
vda,3.00,0.00,0.01,0,0
vda,4.20,0.00,0.02,0,0
vda,1.80,0.00,0.01,0,0
vda,25.60,0.00,0.11,0,0
vda,456.00,5.64,0.02,28,0
vda,57.20,0.54,0.01,2,0
vda,365.60,4.81,0.03,24,0
vda,60.40,0.65,0.01,3,0
vda,95.20,0.70,0.05,3,0
vda,14.60,0.00,0.06,0,0
vda,5.00,0.00,0.02,0,0
vda,18.60,0.00,0.79,0,3
vda,21.80,0.09,0.03,0,0
vda,5.00,0.00,0.02,0,0
vda,5.00,0.00,0.02,0,0
vda,4.79,0.00,0.02,0,0
vda,5.60,0.09,0.02,0,0
vda,7.60,0.00,0.03,0,0
vda,8.20,0.00,0.06,0,0
vda,13.00,0.00,0.06,0,0
vda,2.20,0.00,0.01,0,0
vda,0.00,0.00,0.00,0,0
vda,1.80,0.00,0.01,0,0
vda,3.20,0.00,0.02,0,0
vda,1.80,0.00,0.01,0,0
vda,4.00,0.00,0.02,0,0
vda,8.80,0.00,0.04,0,0
vda,1.80,0.00,0.01,0,0
vda,4.20,0.00,0.02,0,0
vda,2.00,0.00,0.01,0,0
vda,3.40,0.00,0.01,0,0
