3551396.0,97620.0,9312.0
3551396.0,97620.0,9312.0
3551396.0,97620.0,9312.0
3002656.0,255226.4,9416.8
807696.0,885652.0,9836.0
628925.86667,786144.8,9724.0
137308.0,512500.0,9416.0
137308.0,512500.0,9416.0
138844.0,456062.66667,9458.6666667
143068.0,300860.0,9576.0
143068.0,300860.0,9576.0
195306.66667,266898.66667,9598.6666667
299784.0,198976.0,9644.0
238058.66667,259897.33333,9666.6666667
114608.0,381740.0,9712.0
114608.0,381740.0,9712.0
120281.6,377349.6,6198.4
128792.0,370764.0,928.0
128792.0,370764.0,928.0
167891.2,327696.8,1411.2
226540.0,263096.0,2136.0
226540.0,263096.0,2136.0
177302.93333,299749.86667,2038.9333333
121032.0,341640.0,1928.0
114670.4,355171.46667,2002.6666667
107400.0,370636.0,2088.0
107400.0,370636.0,2088.0
149263.73333,324225.06667,1806.1333333
197108.0,271184.0,1484.0
173403.2,295278.93333,1470.9333333
146312.0,322816.0,1456.0
146312.0,322816.0,1456.0
136921.33333,326293.33333,1090.6666667
118140.0,333248.0,360.0
118140.0,333248.0,360.0
135092.0,302816.0,714.66666667
168996.0,241952.0,1424.0
171489.33333,250077.33333,1753.3333333
176476.0,266328.0,2412.0
176476.0,266328.0,2412.0
161708.0,280053.33333,2480.0
132172.0,307504.0,2616.0
132172.0,307504.0,2616.0
209148.0,231655.46667,2830.4
420832.0,23072.0,3420.0
1273271.4667,26841.6,3549.0666667
