vda,0.40,0.00,0.00,0,0
vda,2.60,0.00,0.01,0,0
vda,26.40,0.00,0.12,0,0
vda,2.99,0.00,0.01,0,0
vda,0.00,0.00,0.00,0,0
vda,2.00,0.00,0.01,0,0
vda,2.00,0.00,0.01,0,0
vda,434.40,5.29,0.04,26,0
vda,458.40,8.10,0.02,40,0
vda,59.60,13.02,0.04,65,0
vda,12.20,0.16,0.01,0,0
vda,128.40,1.14,0.00,5,0
vda,6.20,0.03,0.02,0,0
vda,6.00,0.00,0.03,0,0
vda,12.80,0.00,0.12,0,0
vda,20.00,0.00,0.08,0,0
vda,5.00,0.00,0.02,0,0
vda,6.60,0.00,0.03,0,0
vda,4.40,0.00,0.02,0,0
vda,7.00,0.00,0.03,0,0
vda,7.60,0.00,0.03,0,0
vda,5.40,0.00,0.07,0,0
vda,4.00,0.09,0.01,0,0
vda,6.60,0.00,0.03,0,0
vda,0.00,0.00,0.00,0,0
vda,9.40,0.00,0.04,0,0
vda,4.60,0.00,0.02,0,0
vda,0.00,0.00,0.00,0,0
vda,8.20,0.00,0.04,0,0
vda,3.00,0.00,0.01,0,0
vda,3.00,0.00,0.01,0,0
vda,0.60,0.00,0.01,0,0
vda,2.20,0.00,0.01,0,0
vda,8.80,0.00,0.04,0,0
vda,2.00,0.00,0.01,0,0
vda,2.00,0.00,0.01,0,0
vda,1.80,0.00,0.01,0,0
