2140504.0,1090052.0,26960.0
1009024.0,1090492.5333,27079.466667
928204.0,1090524.0,27088.0
928204.0,1090524.0,27088.0
359667.2,1177097.0667,27133.066667
272200.0,1190416.0,27140.0
272200.0,1190416.0,27140.0
185131.2,1240461.3333,27188.533333
178912.0,1244036.0,27192.0
187853.33333,1244416.8,27244.266667
188492.0,1244444.0,27248.0
188492.0,1244444.0,27248.0
110592.26667,1294582.6667,27304.0
105028.0,1298164.0,27308.0
105028.0,1298164.0,27308.0
134276.0,1270160.0,27356.0
131718.13333,1270396.8,27377.333333
131718.13333,1270396.8,27377.333333
129480.0,1270604.0,27396.0
143335.46667,1256319.7333,27401.333333
233396.0,1163472.0,27436.0
233396.0,1163472.0,27436.0
225614.66667,1170630.4,27441.333333
175036.0,1217160.0,27476.0
166723.46667,1224320.0,27481.866667
112692.0,1270860.0,27520.0
112692.0,1270860.0,27520.0
113728.53333,1269629.8667,27522.133333
128240.0,1252408.0,27552.0
128240.0,1252408.0,27552.0
240730.66667,1138080.5333,27586.133333
240730.66667,1138080.5333,27586.133333
339160.0,1038044.0,27616.0
