vda,1.20,0.00,0.01,0,0
vda,60.00,0.34,0.13,1,0
vda,2.20,0.00,0.01,0,0
vda,16.60,0.08,0.00,0,0
vda,2.00,0.00,0.01,0,0
vda,1.80,0.00,0.01,0,0
vda,1.00,0.00,0.01,0,0
vda,2.40,0.00,0.01,0,0
vda,9.20,0.00,0.04,0,0
vda,0.20,0.00,0.00,0,0
vda,1.80,0.00,0.01,0,0
vda,1.80,0.00,0.01,0,0
vda,291.80,3.63,0.01,18,0
vda,223.40,2.56,0.02,12,0
vda,240.40,7.03,0.01,35,0
vda,160.60,12.26,0.03,61,0
vda,63.00,17.67,0.01,88,0
vda,17.60,4.82,0.02,24,0
vda,156.00,1.32,0.08,6,0
vda,2.00,0.09,0.02,0,0
vda,10.58,0.00,0.05,0,0
vda,3.00,0.00,0.01,0,0
vda,6.60,0.00,0.04,0,0
vda,1.80,0.00,0.01,0,0
vda,2.40,0.00,0.01,0,0
vda,2.20,0.00,0.01,0,0
vda,27.20,0.09,0.05,0,0
vda,3.60,0.00,0.01,0,0
vda,1.80,0.00,0.01,0,0
