vda,30.60,0.27,0.01,1,0
vda,2.80,0.07,0.01,0,0
vda,24.40,0.00,0.12,0,0
vda,3.40,0.00,0.01,0,0
vda,2.00,0.00,0.01,0,0
vda,1.80,0.00,0.01,0,0
vda,4.80,0.00,0.02,0,0
vda,433.20,5.38,0.02,26,0
vda,428.80,5.46,0.02,27,0
vda,31.80,0.29,0.11,1,0
vda,140.60,1.17,0.04,5,0
vda,15.60,0.09,0.07,0,0
vda,7.20,0.00,0.03,0,0
vda,1.80,0.00,0.01,0,0
vda,1.80,0.00,0.01,0,0
vda,2.80,0.00,0.01,0,0
vda,8.80,0.00,0.07,0,0
vda,8.80,0.00,0.04,0,0
vda,2.40,0.00,0.01,0,0
vda,17.40,0.08,0.01,0,0
vda,0.00,0.00,0.00,0,0
vda,4.20,0.00,0.02,0,0
vda,2.20,0.00,0.01,0,0
vda,2.80,0.00,0.01,0,0
vda,1.80,0.00,0.01,0,0
vda,1.80,0.00,0.01,0,0
