vda,28.00,0.27,0.00,1,0
vda,3.80,0.07,0.01,0,0
vda,1.00,0.00,0.00,0,0
vda,0.00,0.00,0.00,0,0
vda,1.40,0.00,0.01,0,0
vda,1.00,0.00,0.00,0,0
vda,25.20,0.00,0.11,0,0
vda,2.00,0.00,0.01,0,0
vda,0.00,0.00,0.00,0,0
vda,0.60,0.00,0.00,0,0
vda,2.60,0.00,0.01,0,0
vda,1.20,0.00,0.00,0,0
vda,234.00,3.03,0.00,15,0
vda,332.80,3.68,0.03,18,0
vda,332.00,9.17,0.02,45,0
vda,41.60,9.62,0.01,48,0
vda,8.00,0.93,0.02,4,0
vda,145.60,1.28,0.04,6,0
vda,4.60,0.01,0.01,0,0
vda,6.00,0.02,0.03,0,0
vda,10.20,0.00,0.09,0,0
vda,11.60,0.00,0.05,0,0
vda,4.00,0.00,0.02,0,0
vda,4.00,0.00,0.02,0,0
vda,11.40,0.00,11.34,0,56
vda,7.20,0.01,0.02,0,0
vda,4.80,0.00,0.02,0,0
vda,3.00,0.00,0.01,0,0
vda,10.60,0.00,0.04,0,0
vda,4.60,0.00,0.02,0,0
vda,2.20,0.00,0.01,0,0
vda,11.00,0.00,0.07,0,0
vda,4.80,0.00,0.02,0,0
vda,2.80,0.00,0.01,0,0
vda,15.80,0.00,4.87,0,24
vda,8.40,0.00,4.69,0,23
vda,4.00,0.00,0.02,0,0
vda,4.00,0.00,0.02,0,0
vda,7.40,0.00,0.03,0,0
vda,0.00,0.00,0.00,0,0
vda,5.80,0.00,0.03,0,0
vda,7.60,0.00,0.05,0,0
vda,5.80,0.02,0.02,0,0
vda,12.40,0.00,3.25,0,16
vda,7.80,0.00,0.62,0,3
vda,1.60,0.00,0.01,0,0
vda,1.60,0.09,0.00,0,0
vda,6.40,0.00,0.03,0,0
vda,0.00,0.00,0.00,0,0
vda,8.40,0.00,0.04,0,0
vda,3.60,0.00,0.01,0,0
vda,1.00,0.00,0.00,0,0
vda,0.00,0.00,0.00,0,0
vda,0.80,0.00,0.00,0,0
vda,0.00,0.00,0.00,0,0
