vda,0.40,0.00,0.00,0,0
vda,16.20,0.00,0.07,0,0
vda,1.60,0.00,0.01,0,0
vda,0.00,0.00,0.00,0,0
vda,0.80,0.00,0.00,0,0
vda,0.80,0.00,0.00,0,0
vda,1.40,0.00,0.01,0,0
vda,337.80,4.14,0.02,20,0
vda,399.00,5.22,0.03,26,0
vda,199.80,12.50,0.00,62,0
vda,38.60,10.53,0.01,52,0
vda,154.60,6.95,0.01,34,0
vda,14.20,0.04,0.05,0,0
vda,7.20,0.00,0.03,0,0
vda,13.40,0.00,0.07,0,0
vda,16.40,0.00,0.15,0,0
vda,12.60,0.00,0.05,0,0
vda,0.20,0.00,0.00,0,0
vda,20.80,0.09,0.09,0,0
vda,2.00,0.00,0.01,0,0
vda,1.00,0.00,0.00,0,0
vda,0.00,0.00,0.00,0,0
vda,5.60,0.00,0.03,0,0
vda,0.60,0.00,0.00,0,0
vda,0.20,0.00,0.00,0,0
vda,1.40,0.00,0.01,0,0
vda,2.60,0.00,0.01,0,0
vda,1.20,0.00,0.00,0,0
vda,0.00,0.00,0.00,0,0
vda,1.60,0.00,0.01,0,0
vda,2.00,0.00,0.01,0,0
vda,0.80,0.00,0.01,0,0
vda,19.80,0.00,0.08,0,0
