vda,1.00,0.00,0.01,0,0
vda,25.80,0.00,0.13,0,0
vda,23.40,0.24,0.01,1,0
vda,4.20,0.07,0.01,0,0
vda,2.00,0.00,0.01,0,0
vda,1.80,0.00,0.01,0,0
vda,2.80,0.00,0.01,0,0
vda,2.20,0.00,0.01,0,0
vda,3.00,0.00,0.01,0,0
vda,6.99,0.00,0.03,0,0
vda,2.00,0.00,0.01,0,0
vda,4.20,0.00,0.02,0,0
vda,337.00,4.14,0.00,20,0
vda,404.20,5.35,0.03,26,0
vda,153.00,3.02,0.02,15,0
vda,145.40,1.33,0.03,6,0
vda,13.00,0.00,0.05,0,0
vda,8.00,0.09,0.05,0,0
vda,7.60,0.00,0.07,0,0
vda,8.80,0.00,0.04,0,0
vda,2.60,0.00,0.01,0,0
vda,1.80,0.00,0.01,0,0
vda,12.60,0.00,0.06,0,0
vda,2.40,0.00,0.01,0,0
vda,0.00,0.00,0.00,0,0
vda,11.00,0.00,0.05,0,0
vda,2.40,0.00,0.01,0,0
