vda,0.40,0.00,0.00,0,0
vda,2.40,0.00,0.01,0,0
vda,1.80,0.00,0.01,0,0
vda,2.60,0.00,0.01,0,0
vda,21.40,0.00,0.10,0,0
vda,4.00,0.00,0.02,0,0
vda,2.59,0.00,0.01,0,0
vda,440.60,5.40,0.03,26,0
vda,445.60,8.36,0.02,41,0
vda,38.80,7.72,0.02,38,0
vda,139.40,1.28,0.02,6,0
vda,18.40,0.04,1.41,0,7
vda,7.40,0.00,0.03,0,0
vda,11.60,0.00,0.05,0,0
vda,5.80,0.00,0.02,0,0
vda,7.40,0.00,0.03,0,0
vda,6.00,0.00,0.02,0,0
vda,22.40,0.00,0.15,0,0
vda,2.40,0.00,0.01,0,0
vda,0.00,0.00,0.00,0,0
vda,2.00,0.00,0.01,0,0
vda,3.60,0.09,0.01,0,0
vda,6.00,0.00,0.02,0,0
vda,2.40,0.00,0.01,0,0
vda,12.80,0.00,0.06,0,0
vda,2.00,0.00,0.01,0,0
vda,2.60,0.00,0.01,0,0
vda,2.40,0.00,0.01,0,0
vda,0.00,0.00,0.00,0,0
vda,2.40,0.00,0.01,0,0
vda,2.00,0.00,0.01,0,0
vda,2.80,0.00,0.01,0,0
vda,9.00,0.00,0.04,0,0
vda,1.80,0.00,0.01,0,0
vda,1.40,0.00,0.01,0,0
