vda,45.20,0.00,292.80,0,1464
vda,1.60,0.00,7.20,0,36
vda,17.60,0.00,101.60,0,508
vda,5.00,0.00,58.40,0,292
vda,0.40,0.00,8.00,0,40
vda,62.00,0.00,284.00,0,1420
vda,57.20,359.20,194.40,1796,972
vda,39.80,0.80,175.20,4,876
vda,26.80,0.00,173.60,0,868
vda,27.60,0.00,144.80,0,724
vda,1.20,1.60,32.00,8,160
vda,52.00,1643.20,68.80,8216,344
vda,7.20,296.80,8.00,1484,40
vda,23.20,1030.40,15.20,5152,76
vda,67.20,747.20,236.80,3736,1184
vda,23.60,48.80,104.00,244,520
vda,43.60,0.00,291.20,0,1456
vda,21.80,0.00,88.80,0,444
vda,40.80,0.00,211.20,0,1056
vda,48.60,0.00,251.20,0,1256
vda,18.20,0.00,120.00,0,600
vda,0.60,0.00,16.00,0,80
vda,1.20,2.40,16.00,12,80
vda,41.60,0.00,232.00,0,1160
vda,44.80,0.00,184.80,0,924
vda,44.00,0.00,187.20,0,936
vda,43.20,0.00,531.20,0,2656
vda,26.20,0.00,114.40,0,572
vda,36.73,0.00,157.29,0,788
vda,17.60,0.00,103.20,0,516
vda,0.20,0.00,0.80,0,4
