vda,1.40,0.00,0.01,0,0
vda,24.60,0.00,0.11,0,0
vda,33.20,0.34,0.02,1,0
vda,9.00,0.21,0.00,1,0
vda,2.20,0.00,0.01,0,0
vda,1.80,0.00,0.01,0,0
vda,3.40,0.00,0.02,0,0
vda,2.20,0.00,0.01,0,0
vda,2.20,0.00,0.01,0,0
vda,21.60,0.00,0.09,0,0
vda,0.00,0.00,0.00,0,0
vda,3.80,0.00,0.01,0,0
vda,299.00,3.66,0.01,18,0
vda,422.40,5.48,0.02,27,0
vda,184.40,6.23,0.02,31,0
vda,147.40,2.82,0.03,14,0
vda,14.97,0.04,0.05,0,0
vda,13.60,0.00,0.05,0,0
vda,10.00,0.09,0.05,0,0
vda,6.40,0.00,0.03,0,0
vda,3.60,0.00,0.01,0,0
vda,2.00,0.00,0.01,0,0
vda,4.60,0.00,0.07,0,0
vda,1.80,0.00,0.01,0,0
vda,3.00,0.00,0.01,0,0
vda,2.20,0.00,0.01,0,0
vda,1.80,0.00,0.01,0,0
vda,9.20,0.00,0.04,0,0
