vda,0.40,0.00,0.00,0,0
vda,2.20,0.00,0.01,0,0
vda,0.00,0.00,0.00,0,0
vda,0.60,0.00,0.00,0,0
vda,18.60,0.12,0.01,0,0
vda,23.40,0.00,0.11,0,0
vda,31.60,0.34,0.01,1,0
vda,273.60,3.41,0.01,17,0
vda,309.40,3.78,0.01,18,0
vda,320.80,15.03,0.02,75,0
vda,23.00,4.11,0.01,20,0
vda,14.80,3.51,0.02,17,0
vda,152.00,1.30,0.07,6,0
vda,6.60,0.03,0.03,0,0
vda,4.60,0.00,0.02,0,0
vda,8.60,0.00,0.08,0,0
vda,10.60,0.00,0.04,0,0
vda,5.20,0.00,0.03,0,0
vda,4.00,0.00,0.02,0,0
vda,15.00,0.00,0.10,0,0
vda,7.40,0.00,0.04,0,0
vda,0.00,0.00,0.00,0,0
vda,7.20,0.09,0.02,0,0
vda,7.80,0.00,0.03,0,0
vda,1.60,0.00,0.01,0,0
vda,1.00,0.00,0.00,0,0
vda,6.00,0.00,0.04,0,0
vda,1.00,0.00,0.00,0,0
vda,1.80,0.00,0.01,0,0
vda,1.60,0.00,0.01,0,0
vda,7.20,0.00,0.03,0,0
