vda,3.60,0.00,0.01,0,0
vda,25.20,0.00,0.11,0,0
vda,2.20,0.00,0.01,0,0
vda,1.80,0.00,0.01,0,0
vda,2.60,0.00,0.01,0,0
vda,1.80,0.00,0.01,0,0
vda,6.20,0.00,0.03,0,0
vda,4.40,0.00,0.02,0,0
vda,0.00,0.00,0.00,0,0
vda,11.80,0.00,0.05,0,0
vda,2.60,0.00,0.01,0,0
vda,4.40,0.00,0.02,0,0
vda,340.00,4.15,0.02,20,0
vda,405.20,5.37,0.02,26,0
vda,140.80,1.48,0.02,7,0
vda,141.20,1.32,0.01,6,0
vda,19.60,0.00,0.08,0,0
vda,8.20,0.00,0.04,0,0
vda,5.40,0.09,0.08,0,0
vda,6.20,0.00,0.02,0,0
vda,2.40,0.00,0.01,0,0
vda,13.20,0.00,0.06,0,0
vda,2.40,0.00,0.01,0,0
vda,1.80,0.00,0.01,0,0
vda,1.80,0.00,0.01,0,0
vda,4.20,0.00,0.02,0,0
vda,2.00,0.00,0.01,0,0
