vda,0.40,0.00,0.00,0,0
vda,24.00,0.00,0.11,0,0
vda,2.80,0.00,0.01,0,0
vda,29.20,0.24,0.01,1,0
vda,2.00,0.00,0.01,0,0
vda,1.80,0.00,0.01,0,0
vda,1.80,0.00,0.01,0,0
vda,3.00,0.00,0.01,0,0
vda,1.80,0.00,0.01,0,0
vda,3.20,0.00,0.01,0,0
vda,7.00,0.00,0.03,0,0
vda,1.80,0.00,0.01,0,0
vda,273.80,3.44,0.02,17,0
vda,238.60,2.73,0.02,13,0
vda,357.00,4.70,0.02,23,0
vda,154.00,1.43,0.02,7,0
vda,21.20,0.09,0.12,0,0
vda,6.60,0.00,0.03,0,0
vda,1.80,0.00,0.01,0,0
vda,3.00,0.00,0.02,0,0
vda,7.40,0.00,0.03,0,0
vda,2.60,0.00,0.01,0,0
vda,2.20,0.00,0.01,0,0
vda,1.80,0.00,0.01,0,0
vda,4.00,0.00,0.02,0,0
vda,3.40,0.00,0.02,0,0
