vda,2.60,0.00,0.01,0,0
vda,2.00,0.00,0.01,0,0
vda,1.80,0.00,0.01,0,0
vda,19.40,0.00,0.09,0,0
vda,3.60,0.00,0.01,0,0
vda,3.20,0.00,0.02,0,0
vda,11.00,0.00,0.05,0,0
vda,0.00,0.00,0.00,0,0
vda,2.00,0.00,0.01,0,0
vda,1.80,0.00,0.01,0,0
vda,1.80,0.00,0.01,0,0
vda,3.00,0.00,0.01,0,0
vda,394.80,4.81,0.02,24,0
vda,434.20,5.60,0.03,27,0
vda,60.60,1.56,0.02,7,0
vda,139.40,1.32,0.00,6,0
vda,6.60,0.00,0.03,0,0
vda,16.40,0.09,0.08,0,0
vda,6.00,0.00,0.02,0,0
vda,16.40,0.00,0.11,0,0
vda,2.00,0.00,0.01,0,0
vda,2.20,0.00,0.01,0,0
vda,0.00,0.00,0.00,0,0
vda,4.00,0.00,0.02,0,0
vda,2.00,0.00,0.01,0,0
vda,0.80,0.00,0.01,0,0
