vda,0.60,0.00,0.00,0,0
vda,0.80,0.00,0.00,0,0
vda,30.20,0.34,0.01,1,0
vda,1.80,0.00,0.01,0,0
vda,1.00,0.00,0.00,0,0
vda,1.80,0.00,0.01,0,0
vda,23.40,0.00,0.10,0,0
vda,1.20,0.00,0.00,0,0
vda,0.00,0.00,0.00,0,0
vda,1.40,0.00,0.01,0,0
vda,1.00,0.00,0.00,0,0
vda,1.80,0.00,0.01,0,0
vda,321.36,3.84,0.08,19,0
vda,348.80,3.80,0.02,18,0
vda,267.20,10.59,0.02,52,0
vda,4.80,0.00,0.02,0,0
vda,144.40,1.33,0.02,6,0
vda,10.20,0.02,0.03,0,0
vda,2.80,0.03,0.01,0,0
vda,16.80,0.00,0.13,0,0
vda,15.00,0.00,0.06,0,0
vda,9.40,0.00,0.04,0,0
vda,14.80,0.09,0.06,0,0
vda,24.20,0.00,0.11,0,0
vda,1.80,0.00,0.01,0,0
vda,0.00,0.00,0.00,0,0
vda,2.80,0.00,0.01,0,0
vda,1.00,0.00,0.00,0,0
vda,0.00,0.00,0.00,0,0
vda,0.60,0.00,0.00,0,0
vda,1.00,0.00,0.00,0,0
vda,10.60,0.00,0.05,0,0
