vda,2.80,0.00,0.01,0,0
vda,1.00,0.00,0.00,0,0
vda,0.00,0.00,0.00,0,0
vda,0.60,0.00,0.00,0,0
vda,0.00,0.00,0.00,0,0
vda,1.60,0.00,0.01,0,0
vda,65.80,0.42,0.12,2,0
vda,383.00,4.74,0.01,23,0
vda,336.00,4.56,0.02,22,0
vda,167.20,9.03,0.00,45,0
vda,10.20,1.99,0.01,9,0
vda,3.20,0.01,0.02,0,0
vda,109.60,1.06,0.00,5,0
vda,45.60,0.27,0.07,1,0
vda,4.00,0.00,0.02,0,0
vda,5.00,0.00,0.07,0,0
vda,4.99,0.00,0.02,0,0
vda,8.40,0.00,0.03,0,0
vda,8.60,0.00,0.03,0,0
vda,4.20,0.00,0.02,0,0
vda,7.20,0.00,0.08,0,0
vda,14.00,0.00,0.06,0,0
vda,3.60,0.00,0.01,0,0
vda,3.00,0.09,0.01,0,0
vda,6.80,0.00,0.03,0,0
vda,1.00,0.00,0.00,0,0
vda,0.00,0.00,0.00,0,0
vda,6.80,0.00,0.04,0,0
vda,0.60,0.00,0.00,0,0
vda,8.60,0.00,0.04,0,0
vda,2.20,0.00,0.01,0,0
vda,3.40,0.00,0.01,0,0
vda,2.20,0.00,0.01,0,0
