4669564.0,2875224.0,53860.0
4669564.0,2875224.0,53860.0
4451321.8667,2892723.4667,53861.333333
1395932.0,3137716.0,53880.0
1395932.0,3137716.0,53880.0
1395932.0,3137716.0,53880.0
634264.0,3206364.0,53900.0
584024.0,3275522.4,53917.066667
584024.0,3275522.4,53917.066667
540064.0,3336036.0,53932.0
540064.0,3336036.0,53932.0
710452.0,3164128.0,53944.0
710452.0,3164128.0,53944.0
701871.46667,3172221.6,53946.4
581744.0,3285532.0,53980.0
571652.53333,3295387.4667,53981.066667
430372.0,3433364.0,53996.0
430372.0,3433364.0,53996.0
430372.0,3433364.0,53996.0
294920.0,3563724.0,54008.0
294920.0,3563724.0,54008.0
286366.93333,3571856.0,54010.666667
166624.0,3685704.0,54048.0
230196.26667,3621176.5333,54051.2
643416.0,3201748.0,54072.0
643416.0,3201748.0,54072.0
624310.93333,3219070.6667,54074.666667
500128.0,3331668.0,54092.0
500128.0,3331668.0,54092.0
481811.2,3349077.6,54095.733333
362752.0,3462240.0,54120.0
347287.2,3470942.9333,54121.866667
130780.0,3592784.0,54148.0
130780.0,3592784.0,54148.0
191469.06667,3531859.2,54150.133333
585948.0,3135848.0,54164.0
585948.0,3135848.0,54164.0
1115028.5333,3116111.4667,54167.2
4554052.0,2987824.0,54188.0
