vda,0.40,0.00,0.00,0,0
vda,2.20,0.00,0.01,0,0
vda,0.60,0.00,0.01,0,0
vda,1.00,0.00,0.00,0,0
vda,1.60,0.03,0.01,0,0
vda,1.20,0.00,0.00,0,0
vda,20.00,0.00,0.10,0,0
vda,173.60,2.36,0.01,11,0
vda,216.40,11.89,0.03,59,0
vda,48.40,16.12,0.01,80,0
vda,70.20,25.81,0.01,129,0
vda,60.80,22.20,0.01,111,0
vda,59.80,22.99,0.00,114,0
vda,68.40,23.00,0.06,114,0
vda,63.80,22.99,0.07,114,0
vda,68.40,24.63,0.02,123,0
vda,51.80,18.90,0.01,94,0
vda,70.40,25.82,0.01,129,0
vda,59.20,22.55,0.00,112,0
vda,58.80,22.60,0.00,112,0
vda,31.80,4.52,0.07,22,0
vda,55.00,0.62,0.02,3,0
vda,2.60,0.00,0.01,0,0
vda,12.20,0.03,4.46,0,22
vda,0.80,0.00,0.00,0,0
vda,9.20,0.15,0.01,0,0
vda,16.20,0.00,4.92,0,24
vda,4.00,0.00,0.02,0,0
vda,6.00,0.00,4.58,0,22
vda,4.20,0.00,0.02,0,0
vda,5.00,0.00,4.54,0,22
vda,8.60,0.00,4.81,0,24
vda,4.60,0.00,0.02,0,0
vda,6.20,0.00,4.58,0,22
vda,13.60,0.00,6.15,0,30
vda,9.00,0.11,0.02,0,0
vda,19.00,0.00,6.07,0,30
vda,29.00,0.56,0.00,2,0
vda,122.20,2.54,0.01,12,0
vda,56.20,1.23,0.00,6,0
vda,12.20,0.00,0.05,0,0
vda,17.20,0.00,4.54,0,22
vda,0.00,0.00,0.00,0,0
vda,3.00,0.00,0.01,0,0
vda,12.40,0.00,5.79,0,28
vda,19.40,0.08,5.75,0,28
vda,4.20,0.00,0.02,0,0
vda,6.40,0.00,5.71,0,28
vda,4.00,0.00,0.02,0,0
vda,5.00,0.00,5.67,0,28
vda,4.20,0.00,0.02,0,0
vda,2.60,0.00,0.01,0,0
vda,5.00,0.00,5.69,0,28
vda,4.20,0.00,0.02,0,0
vda,4.80,0.00,5.69,0,28
vda,123.60,2.42,6.02,12,30
vda,172.60,3.93,0.00,19,0
vda,1.20,0.00,0.00,0,0
vda,17.80,0.00,5.26,0,26
vda,5.00,0.00,0.02,0,0
vda,0.00,0.00,0.00,0,0
vda,2.60,0.00,0.01,0,0
vda,15.40,0.00,5.56,0,27
vda,4.40,0.00,0.02,0,0
vda,12.40,0.02,5.42,0,27
vda,6.60,0.04,0.02,0,0
vda,22.20,0.00,5.27,0,26
vda,11.60,0.00,5.28,0,26
vda,4.60,0.00,0.02,0,0
vda,10.60,0.00,5.61,0,28
vda,4.00,0.00,0.02,0,0
vda,3.00,0.00,0.01,0,0
vda,19.00,0.02,5.17,0,25
vda,634.80,14.10,0.02,70,0
vda,627.80,13.93,0.01,69,0
vda,24.20,1.16,0.01,5,0
vda,24.00,0.00,5.34,0,26
vda,5.20,0.00,0.02,0,0
vda,15.20,0.00,5.55,0,27
vda,20.00,0.00,5.63,0,28
vda,72.20,0.71,0.02,3,0
vda,19.00,0.00,5.56,0,27
vda,5.40,0.00,0.02,0,0
vda,42.40,0.18,0.01,0,0
vda,14.00,0.00,5.34,0,26
vda,16.60,0.00,5.62,0,28
vda,9.40,0.13,0.02,0,0
vda,25.40,0.03,5.32,0,26
vda,21.60,0.00,5.68,0,28
vda,3.80,0.00,0.01,0,0
vda,721.80,15.69,5.57,78,27
vda,532.60,11.27,0.06,56,0
vda,5.40,0.00,0.02,0,0
vda,0.00,0.00,0.00,0,0
vda,21.20,0.00,5.40,0,27
vda,39.40,0.86,0.02,4,0
vda,21.00,0.00,5.70,0,28
vda,0.20,0.00,0.00,0,0
vda,16.60,0.00,5.64,0,28
vda,19.00,0.00,5.60,0,27
vda,4.00,0.00,0.02,0,0
vda,17.00,0.00,5.41,0,27
vda,0.00,0.00,0.00,0,0
vda,2.60,0.00,0.01,0,0
vda,24.80,0.15,5.53,0,27
vda,26.95,0.05,5.50,0,27
vda,3.80,0.00,0.01,0,0
vda,989.80,21.40,5.63,107,28
vda,270.60,5.97,0.00,29,0
vda,0.00,0.00,0.00,0,0
vda,14.00,0.00,5.16,0,25
vda,19.00,0.01,5.32,0,26
vda,4.00,0.00,0.02,0,0
vda,50.80,1.08,5.16,5,25
vda,1.40,0.00,0.01,0,0
vda,3.40,0.00,0.01,0,0
vda,26.80,0.03,5.17,0,25
vda,4.60,0.00,0.02,0,0
vda,12.80,0.00,4.08,0,20
vda,19.80,0.00,5.81,0,29
vda,5.20,0.00,0.73,0,3
vda,15.60,0.00,3.96,0,19
vda,20.40,0.03,5.18,0,25
vda,12.20,0.11,1.36,0,6
vda,813.00,17.61,4.72,88,23
vda,532.20,11.52,0.79,57,3
vda,17.60,0.00,0.07,0,0
vda,0.00,0.00,0.00,0,0
vda,2.60,0.00,0.01,0,0
vda,17.00,0.00,5.10,0,25
vda,17.20,0.00,4.33,0,21
vda,5.80,0.00,0.73,0,3
vda,15.80,0.00,4.27,0,21
vda,30.20,0.28,4.88,1,24
vda,6.60,0.00,1.52,0,7
vda,17.40,0.00,3.67,0,18
vda,1.40,0.00,1.36,0,6
vda,9.60,0.00,4.06,0,20
vda,10.60,0.00,5.24,0,26
vda,4.40,0.00,0.67,0,3
vda,9.20,0.00,4.31,0,21
vda,5.40,0.00,4.50,0,22
vda,33.20,0.60,1.47,3,7
vda,7.60,0.13,0.02,0,0
vda,1.00,0.00,0.00,0,0
vda,3.00,0.00,0.01,0,0
vda,29.00,0.00,7.58,0,37
vda,16.20,0.00,4.46,0,22
vda,5.20,0.00,0.79,0,3
vda,13.20,0.00,3.94,0,19
vda,4.20,0.00,0.71,0,3
vda,9.60,0.03,4.10,0,20
vda,6.80,0.00,1.53,0,7
vda,3.20,0.00,0.01,0,0
vda,18.60,0.00,4.77,0,23
vda,21.40,0.00,7.90,0,39
vda,5.00,0.00,1.07,0,5
vda,3.20,0.00,0.01,0,0
vda,220.40,4.44,7.68,22,38
vda,1070.40,23.77,0.52,118,2
vda,5.60,0.03,0.01,0,0
vda,99.20,1.68,4.25,8,21
vda,7.00,0.00,1.31,0,6
vda,21.00,0.03,3.24,0,16
vda,2.80,0.00,1.24,0,6
vda,11.60,0.02,3.23,0,16
vda,16.00,0.00,4.68,0,23
vda,7.00,0.00,1.42,0,7
vda,13.40,0.00,3.24,0,16
vda,29.00,0.52,4.76,2,23
vda,10.80,0.09,1.38,0,6
vda,20.20,0.00,3.26,0,16
vda,6.40,0.00,1.31,0,6
vda,13.60,0.00,3.24,0,16
vda,14.00,0.00,4.60,0,22
vda,123.80,2.42,4.52,12,22
vda,944.00,20.86,1.47,104,7
vda,288.00,5.92,0.05,29,0
vda,0.00,0.00,0.00,0,0
vda,0.80,0.00,0.00,0,0
vda,32.40,0.04,8.21,0,41
vda,6.60,0.15,0.83,0,4
vda,3.00,0.00,0.01,0,0
vda,29.20,0.00,8.43,0,42
vda,6.00,0.00,0.92,0,4
vda,4.40,0.01,0.01,0,0
vda,10.20,0.00,3.44,0,17
vda,14.20,0.00,4.74,0,23
vda,6.00,0.01,1.16,0,5
vda,3.00,0.00,0.01,0,0
vda,23.20,0.00,8.31,0,41
vda,28.20,0.52,0.80,2,4
vda,20.60,0.00,4.03,0,20
vda,1054.60,22.96,4.49,114,22
vda,279.00,6.02,0.71,30,3
vda,1.40,0.00,0.01,0,0
vda,0.00,0.00,0.00,0,0
vda,0.60,0.00,0.00,0,0
vda,0.00,0.00,0.00,0,0
vda,2.20,0.00,0.02,0,0
vda,59.40,1.60,0.02,7,0
vda,3.80,0.04,0.01,0,0
vda,1.00,0.00,0.00,0,0
vda,78.60,1.97,0.00,9,0
vda,8.38,0.00,0.03,0,0
vda,0.60,0.00,0.01,0,0
vda,1.00,0.00,0.00,0,0
vda,15.80,0.00,0.09,0,0
vda,0.80,0.00,0.00,0,0
vda,0.20,0.01,0.00,0,0
vda,3.60,0.01,0.01,0,0
vda,9.80,0.00,0.04,0,0
vda,1.00,0.00,0.00,0,0
