5778324.0,1720012.0,6324.0
5778324.0,1720012.0,6324.0
3404969.8667,2060885.8667,6450.1333333
2541932.0,2184840.0,6496.0
2541932.0,2184840.0,6496.0
1335496.8,2488987.2,6534.4
1033888.0,2565024.0,6544.0
447388.8,2844774.4,6595.2
300764.0,2914712.0,6608.0
300764.0,2914712.0,6608.0
156002.93333,3058426.1333,6656.5333333
133732.0,3080536.0,6664.0
133732.0,3080536.0,6664.0
351993.33333,2762583.7333,6716.0
385572.0,2713668.0,6724.0
385572.0,2713668.0,6724.0
180619.2,2922791.2,6779.4666667
149088.0,2954964.0,6788.0
132274.66667,2951188.8,6843.4666667
129688.0,2950608.0,6852.0
129688.0,2950608.0,6852.0
123654.93333,2997129.0667,5250.4
123224.0,3000452.0,5136.0
123224.0,3000452.0,5136.0
794716.26667,2285122.9333,4968.0
842680.0,2234028.0,4956.0
625770.66667,2453845.8667,5014.9333333
592400.0,2487664.0,5024.0
592400.0,2487664.0,5024.0
444518.93333,2631485.6,5079.4666667
421768.0,2653612.0,5088.0
421768.0,2653612.0,5088.0
223218.13333,2851607.2,5150.4
192672.0,2882068.0,5160.0
790474.4,2265594.1333,5222.4
882444.0,2170752.0,5232.0
882444.0,2170752.0,5232.0
689773.6,2357650.4,5287.4666667
660132.0,2386404.0,5296.0
660132.0,2386404.0,5296.0
485613.06667,2551840.2667,5365.3333333
458764.0,2577292.0,5376.0
307080.0,2742149.3333,5431.4666667
283744.0,2767512.0,5440.0
283744.0,2767512.0,5440.0
149691.46667,2902386.1333,5488.5333333
129068.0,2923136.0,5496.0
725730.4,2327097.6,5547.2
874896.0,2178088.0,5560.0
874896.0,2178088.0,5560.0
697045.06667,2355082.4,5601.0666667
632372.0,2419444.0,5616.0
632372.0,2419444.0,5616.0
490439.73333,2549757.3333,5683.4666667
438828.0,2597144.0,5708.0
261513.86667,2774164.8,5754.9333333
197036.0,2838536.0,5772.0
197036.0,2838536.0,5772.0
721099.46667,2302492.8,5827.7333333
911668.0,2107568.0,5848.0
911668.0,2107568.0,5848.0
4222574.6667,1853386.6667,5888.0
5878028.0,1726296.0,5908.0
