vda,1.20,0.00,0.01,0,0
vda,28.80,0.00,0.13,0,0
vda,2.00,0.00,0.01,0,0
vda,1.80,0.00,0.01,0,0
vda,2.40,0.00,0.01,0,0
vda,2.00,0.00,0.01,0,0
vda,3.60,0.00,0.02,0,0
vda,2.20,0.00,0.01,0,0
vda,2.00,0.00,0.01,0,0
vda,1.80,0.00,0.01,0,0
vda,9.20,0.00,0.04,0,0
vda,1.80,0.00,0.01,0,0
vda,299.40,3.79,0.01,18,0
vda,353.60,4.01,0.02,20,0
vda,270.60,18.25,0.03,91,0
vda,33.00,5.33,0.04,26,0
vda,262.08,2.60,0.02,13,0
vda,4.21,0.04,0.01,0,0
vda,9.98,0.00,0.04,0,0
vda,5.00,0.00,0.03,0,0
vda,11.80,0.00,0.10,0,0
vda,5.00,0.00,0.02,0,0
vda,8.60,0.00,0.06,0,0
vda,5.40,0.00,0.02,0,0
vda,4.20,0.00,0.02,0,0
vda,4.80,0.00,0.02,0,0
vda,6.80,0.00,0.03,0,0
vda,3.60,0.00,0.01,0,0
vda,3.00,0.00,0.01,0,0
vda,8.20,0.00,0.05,0,0
vda,5.40,0.00,0.03,0,0
vda,7.20,0.00,0.03,0,0
vda,6.20,0.00,1.53,0,7
vda,4.20,0.08,0.01,0,0
vda,10.60,0.03,0.04,0,0
vda,10.00,0.00,0.04,0,0
vda,6.60,0.00,0.04,0,0
vda,2.20,0.00,0.01,0,0
vda,1.80,0.00,0.01,0,0
vda,2.00,0.00,0.01,0,0
vda,0.40,0.00,0.00,0,0
vda,2.80,0.00,0.01,0,0
vda,2.40,0.00,0.01,0,0
