vda,0.20,0.00,0.00,0,0
vda,2.40,0.00,0.01,0,0
vda,1.00,0.00,0.00,0,0
vda,2.60,0.00,0.01,0,0
vda,1.20,0.00,0.00,0,0
vda,20.40,0.00,0.09,0,0
vda,1.80,0.00,0.01,0,0
vda,2.40,0.00,0.01,0,0
vda,5.40,0.00,0.02,0,0
vda,3.60,0.00,0.01,0,0
vda,8.60,0.00,0.03,0,0
vda,5.60,0.00,0.02,0,0
vda,5.00,0.00,0.02,0,0
vda,20.40,0.00,0.15,0,0
vda,6.20,0.00,0.03,0,0
vda,2.80,0.00,0.01,0,0
vda,0.00,0.00,0.00,0,0
vda,0.60,0.00,0.00,0,0
vda,0.00,0.00,0.00,0,0
vda,8.40,0.00,0.04,0,0
vda,5.60,0.00,0.03,0,0
vda,1.40,0.00,0.01,0,0
vda,1.20,0.00,0.00,0,0
