3564606.6667,57985.333333,4497.3333333
3487148.0,80036.0,5124.0
2613601.3333,339673.33333,5593.3333333
866508.0,858948.0,6532.0
866508.0,858948.0,6532.0
673335.73333,814009.33333,6562.9333333
142112.0,690428.0,6648.0
142112.0,690428.0,6648.0
143126.4,633954.4,6662.9333333
145916.0,478652.0,6704.0
201633.33333,439086.13333,6721.0666667
354856.0,330280.0,6768.0
354856.0,330280.0,6768.0
320897.6,362016.0,6853.6
185064.0,488960.0,7196.0
185064.0,488960.0,7196.0
166240.0,497094.66667,7217.3333333
128592.0,513364.0,7260.0
184316.0,470382.66667,7280.0
295764.0,384420.0,7320.0
295764.0,384420.0,7320.0
232708.0,433057.33333,7341.3333333
106596.0,530332.0,7384.0
106596.0,530332.0,7384.0
209321.33333,423594.66667,7405.3333333
414772.0,210120.0,7448.0
1466321.3333,162946.66667,7472.0
3569420.0,68600.0,7520.0
3569420.0,68600.0,7520.0
