vda,21.40,0.00,0.09,0,0
vda,3.20,0.00,0.01,0,0
vda,1.80,0.00,0.01,0,0
vda,1.60,0.00,0.01,0,0
vda,0.20,0.00,0.00,0,0
vda,4.40,0.00,0.02,0,0
vda,3.00,0.00,0.01,0,0
vda,3.40,0.00,0.01,0,0
vda,0.00,0.00,0.00,0,0
vda,1.80,0.00,0.01,0,0
vda,1.80,0.00,0.01,0,0
vda,7.60,0.00,0.04,0,0
vda,336.20,4.14,0.01,20,0
vda,409.60,5.41,0.02,27,0
vda,153.60,1.50,0.06,7,0
vda,1.80,0.00,0.01,0,0
vda,137.00,1.30,0.00,6,0
vda,6.20,0.03,0.02,0,0
vda,7.40,0.00,0.04,0,0
vda,12.40,0.00,0.10,0,0
vda,14.20,0.00,0.06,0,0
vda,9.40,0.00,0.08,0,0
vda,6.00,0.09,0.03,0,0
vda,9.00,0.00,0.04,0,0
vda,2.40,0.00,0.01,0,0
vda,1.80,0.00,0.01,0,0
vda,1.80,0.00,0.01,0,0
vda,2.20,0.00,0.01,0,0
vda,4.60,0.00,0.02,0,0
vda,9.80,0.00,0.04,0,0
vda,2.20,0.00,0.01,0,0
