vda,17.00,0.09,0.00,0,0
vda,2.79,0.00,0.01,0,0
vda,3.00,0.00,0.01,0,0
vda,4.20,0.00,0.02,0,0
vda,22.40,0.00,0.10,0,0
vda,0.00,0.00,0.00,0,0
vda,2.40,0.00,0.01,0,0
vda,2.80,0.00,0.01,0,0
vda,12.60,0.00,0.05,0,0
vda,2.60,0.00,0.01,0,0
vda,10.80,0.00,0.05,0,0
vda,2.20,0.00,0.01,0,0
vda,264.20,3.22,0.04,16,0
vda,262.20,2.98,0.04,14,0
vda,349.00,4.67,0.02,23,0
vda,154.60,1.43,0.02,7,0
vda,18.60,0.01,0.06,0,0
vda,9.60,0.09,0.04,0,0
vda,8.00,0.00,0.03,0,0
vda,2.80,0.00,0.01,0,0
vda,12.20,0.00,0.08,0,0
vda,0.00,0.00,0.00,0,0
vda,1.80,0.00,0.01,0,0
vda,27.40,0.09,0.05,0,0
vda,0.00,0.00,0.00,0,0
vda,2.60,0.00,0.01,0,0
