vda,28.80,1.13,0.04,5,0
vda,14.20,0.76,0.01,3,0
vda,151.40,1.13,0.54,5,2
vda,19.00,0.76,0.03,3,0
vda,23.60,1.14,0.22,5,1
vda,14.80,0.76,0.01,3,0
vda,24.60,1.13,0.03,5,0
vda,143.00,0.61,0.61,3,3
vda,23.80,0.90,0.04,4,0
vda,19.20,0.76,0.03,3,0
vda,19.00,1.13,0.01,5,0
vda,230.20,1.13,0.86,5,4
vda,12.60,1.16,0.00,5,0
vda,10.20,0.68,0.00,3,0
vda,21.40,1.21,0.01,6,0
vda,36.20,1.97,0.02,9,0
vda,32.20,1.83,0.23,9,1
vda,16.40,0.76,0.03,3,0
vda,157.00,1.14,0.60,5,3
vda,23.20,0.76,0.07,3,0
vda,31.20,1.13,0.11,5,0
vda,19.80,0.76,0.03,3,0
vda,26.00,1.13,0.06,5,0
vda,228.60,0.76,0.99,3,4
vda,28.80,1.12,0.07,5,0
vda,13.20,0.77,0.04,3,0
vda,22.00,0.76,0.04,3,0
vda,24.60,1.13,0.03,5,0
vda,23.40,0.76,0.24,3,1
vda,32.60,1.13,0.07,5,0
vda,25.40,0.76,0.19,3,0
vda,47.00,1.13,0.12,5,0
vda,20.40,0.76,0.07,3,0
vda,161.20,1.13,0.56,5,2
vda,20.40,0.75,0.04,3,0
vda,20.00,0.98,0.02,4,0
vda,19.80,0.91,0.03,4,0
vda,158.00,0.76,0.59,3,2
vda,17.40,1.13,0.00,5,0
