vda,6.20,0.00,0.02,0,0
vda,0.00,0.00,0.00,0,0
vda,27.20,0.00,0.11,0,0
vda,6.40,0.00,0.03,0,0
vda,102.80,0.00,0.42,0,2
vda,2.00,0.00,0.01,0,0
vda,5.20,0.00,0.02,0,0
vda,6.80,0.00,0.22,0,1
vda,3.20,0.00,0.01,0,0
vda,6.80,0.00,0.03,0,0
vda,7.00,0.00,0.03,0,0
vda,23.20,0.00,0.11,0,0
vda,176.40,0.00,0.69,0,3
vda,9.40,0.00,0.04,0,0
vda,2.80,0.00,0.01,0,0
vda,37.00,1.75,0.04,8,0
vda,9.00,0.00,0.04,0,0
vda,11.40,0.00,0.04,0,0
vda,9.00,0.00,0.08,0,0
vda,27.20,0.00,0.41,0,2
vda,7.60,0.00,0.03,0,0
vda,171.00,0.00,0.68,0,3
vda,1.60,0.00,0.01,0,0
vda,1.40,0.00,0.01,0,0
vda,6.40,0.00,0.03,0,0
vda,1.20,0.00,0.00,0,0
