vda,0.40,0.00,0.00,0,0
vda,2.60,0.00,0.01,0,0
vda,2.60,0.00,0.01,0,0
vda,4.20,0.00,0.02,0,0
vda,23.00,0.00,0.10,0,0
vda,2.20,0.00,0.01,0,0
vda,2.40,0.00,0.01,0,0
vda,445.60,5.41,0.06,27,0
vda,446.20,8.35,0.04,41,0
vda,21.20,1.87,0.01,9,0
vda,146.60,5.64,0.00,28,0
vda,6.40,0.04,0.01,0,0
vda,6.80,0.00,0.03,0,0
vda,12.40,0.00,0.05,0,0
vda,21.80,0.00,0.17,0,0
vda,12.60,0.01,0.04,0,0
vda,7.40,0.08,0.03,0,0
vda,4.00,0.00,0.02,0,0
vda,2.00,0.00,0.01,0,0
vda,0.20,0.00,0.00,0,0
vda,2.00,0.00,0.01,0,0
vda,9.00,0.00,0.06,0,0
vda,2.20,0.00,0.01,0,0
vda,9.00,0.00,0.04,0,0
vda,2.00,0.00,0.01,0,0
vda,0.40,0.00,0.00,0,0
vda,3.80,0.00,0.02,0,0
vda,2.20,0.00,0.01,0,0
vda,13.40,0.00,0.06,0,0
vda,2.20,0.00,0.01,0,0
