vda,28.80,0.27,0.01,1,0
vda,29.40,0.07,0.13,0,0
vda,3.20,0.00,0.01,0,0
vda,2.00,0.00,0.01,0,0
vda,1.80,0.00,0.01,0,0
vda,0.00,0.00,0.00,0,0
vda,2.80,0.00,0.01,0,0
vda,429.80,5.32,0.02,26,0
vda,436.40,5.54,0.03,27,0
vda,14.20,0.11,0.01,0,0
vda,138.20,1.32,0.00,6,0
vda,13.60,0.00,0.05,0,0
vda,8.60,0.09,0.05,0,0
vda,20.20,0.00,0.09,0,0
vda,3.00,0.00,0.01,0,0
vda,1.80,0.00,0.01,0,0
vda,27.60,0.09,0.06,0,0
vda,2.40,0.00,0.01,0,0
vda,0.00,0.00,0.00,0,0
vda,1.80,0.00,0.01,0,0
vda,4.00,0.00,0.02,0,0
vda,2.00,0.00,0.01,0,0
vda,0.80,0.00,0.01,0,0
vda,5.20,0.00,0.02,0,0
vda,2.00,0.00,0.01,0,0
vda,1.80,0.00,0.01,0,0
