vda,0.40,0.00,0.00,0,0
vda,2.00,0.00,0.01,0,0
vda,29.80,0.00,0.13,0,0
vda,2.00,0.00,0.01,0,0
vda,0.00,0.00,0.00,0,0
vda,5.80,0.00,0.03,0,0
vda,2.60,0.00,0.01,0,0
vda,2.40,0.00,0.01,0,0
vda,2.00,0.00,0.01,0,0
vda,1.80,0.00,0.01,0,0
vda,1.80,0.00,0.01,0,0
vda,0.80,0.00,0.01,0,0
vda,340.40,4.16,0.01,20,0
vda,192.40,2.06,0.06,10,0
vda,330.54,4.40,0.02,22,0
vda,175.40,1.71,0.02,8,0
vda,7.20,0.03,0.02,0,0
vda,14.20,0.00,0.06,0,0
vda,10.00,0.09,0.05,0,0
vda,14.60,0.00,0.06,0,0
vda,9.80,0.00,0.07,0,0
vda,1.80,0.00,0.01,0,0
vda,1.80,0.00,0.01,0,0
vda,4.40,0.00,0.02,0,0
vda,0.00,0.00,0.00,0,0
vda,1.80,0.00,0.01,0,0
vda,2.00,0.00,0.01,0,0
vda,0.00,0.00,0.00,0,0
