vda,1.20,0.00,0.01,0,0
vda,25.00,0.00,0.11,0,0
vda,0.80,0.00,0.00,0,0
vda,0.80,0.00,0.00,0,0
vda,1.40,0.00,0.01,0,0
vda,3.40,0.00,0.01,0,0
vda,10.60,0.00,0.05,0,0
vda,348.00,4.36,0.00,21,0
vda,181.40,2.02,0.01,10,0
vda,302.00,4.24,0.01,21,0
vda,55.40,0.68,0.02,3,0
vda,133.40,1.16,0.01,5,0
vda,5.20,0.00,0.02,0,0
vda,14.40,0.00,0.06,0,0
vda,4.00,0.00,0.03,0,0
vda,5.80,0.00,0.02,0,0
vda,5.20,0.00,0.07,0,0
vda,10.60,0.00,0.04,0,0
vda,3.40,0.00,0.02,0,0
vda,6.60,0.00,0.03,0,0
vda,14.60,0.00,0.11,0,0
vda,3.40,0.09,0.01,0,0
vda,5.80,0.00,0.02,0,0
vda,1.20,0.00,0.00,0,0
vda,0.20,0.00,0.00,0,0
vda,1.00,0.00,0.00,0,0
vda,0.80,0.00,0.01,0,0
vda,5.80,0.00,0.03,0,0
vda,0.60,0.00,0.00,0,0
vda,6.80,0.00,0.03,0,0
vda,0.80,0.00,0.00,0,0
vda,1.20,0.00,0.01,0,0
vda,1.00,0.00,0.01,0,0
vda,1.00,0.00,0.00,0,0
vda,3.00,0.00,0.01,0,0
