vda,0.60,0.00,0.00,0,0
vda,1.80,0.00,0.01,0,0
vda,0.00,0.00,0.00,0,0
vda,20.40,0.00,0.10,0,0
vda,2.20,0.00,0.01,0,0
vda,0.00,0.00,0.00,0,0
vda,28.40,0.27,0.00,1,0
vda,300.80,3.69,0.06,18,0
vda,227.60,2.58,0.01,12,0
vda,302.00,4.12,0.02,20,0
vda,66.00,1.16,0.01,5,0
vda,140.60,1.29,0.02,6,0
vda,3.00,0.04,0.00,0,0
vda,6.00,0.00,0.03,0,0
vda,17.20,0.00,0.10,0,0
vda,6.00,0.00,0.02,0,0
vda,13.00,0.00,0.10,0,0
vda,4.80,0.00,0.02,0,0
vda,9.80,0.09,0.04,0,0
vda,6.40,0.00,0.03,0,0
vda,1.00,0.00,0.00,0,0
vda,6.40,0.00,0.06,0,0
vda,0.60,0.00,0.00,0,0
vda,7.20,0.00,0.03,0,0
vda,0.60,0.00,0.00,0,0
vda,1.00,0.00,0.01,0,0
vda,1.00,0.00,0.00,0,0
