7506984.0,89468.0,43228.0
6675752.0,177141.33333,43249.333333
5013288.0,352488.0,43292.0
5013288.0,352488.0,43292.0
4444968.0,605950.4,43301.6
2882088.0,1302972.0,43328.0
2882088.0,1302972.0,43328.0
2385544.0,1576152.8,43334.4
1020048.0,2327400.0,43352.0
788107.73333,2392937.0667,43361.6
150272.0,2573164.0,43388.0
150272.0,2573164.0,43388.0
146470.4,2429491.4667,43394.4
136016.0,2034392.0,43412.0
136016.0,2034392.0,43412.0
133957.33333,2054861.3333,43420.533333
128296.0,2111152.0,43444.0
132166.93333,2105504.0,43452.533333
142812.0,2089972.0,43476.0
142812.0,2089972.0,43476.0
164780.0,2066325.6,43485.6
197732.0,2030856.0,43500.0
197732.0,2030856.0,43500.0
410986.66667,1780989.3333,43510.666667
837496.0,1281256.0,43532.0
777454.4,1340552.0,43538.4
612340.0,1503616.0,43556.0
612340.0,1503616.0,43556.0
566418.4,1548243.2,43562.4
382732.0,1726752.0,43588.0
342058.4,1766287.2,43593.6
179364.0,1924428.0,43616.0
179364.0,1924428.0,43616.0
172097.6,1924010.4,43623.2
143032.0,1922340.0,43652.0
143032.0,1922340.0,43652.0
138428.26667,1925286.1333,43658.4
125768.0,1933388.0,43676.0
125768.0,1933388.0,43676.0
125573.86667,1931767.7333,43683.466667
125040.0,1927312.0,43704.0
127201.6,1922534.4,43708.8
135848.0,1903424.0,43728.0
135848.0,1903424.0,43728.0
307507.73333,1729030.4,43735.466667
779572.0,1249448.0,43756.0
779572.0,1249448.0,43756.0
727544.0,1300440.0,43764.8
519432.0,1504408.0,43800.0
467010.4,1555325.6,43806.4
257324.0,1758996.0,43832.0
257324.0,1758996.0,43832.0
249185.06667,1765781.6,43834.666667
135240.0,1860780.0,43872.0
177894.4,1820825.8667,43874.133333
775056.0,1261468.0,43904.0
775056.0,1261468.0,43904.0
757520.53333,1278504.5333,43905.333333
512024.0,1517016.0,43924.0
512024.0,1517016.0,43924.0
512024.0,1517016.0,43924.0
250460.0,1771208.0,43956.0
250460.0,1771208.0,43956.0
169796.0,1841164.0,43984.0
169796.0,1841164.0,43984.0
169796.0,1841164.0,43984.0
1404551.2,611071.73333,44013.866667
1492748.0,523208.0,44016.0
1492748.0,523208.0,44016.0
1249472.8,761667.2,44064.533333
1232096.0,778700.0,44068.0
1018691.2,986400.26667,44097.866667
1003448.0,1001236.0,44100.0
1003448.0,1001236.0,44100.0
952214.13333,1089663.7333,44134.666667
944332.0,1103268.0,44140.0
944332.0,1103268.0,44140.0
734012.8,1295567.4667,44160.8
701656.0,1325152.0,44164.0
501958.66667,1519295.7333,44174.4
471236.0,1549164.0,44176.0
471236.0,1549164.0,44176.0
244464.0,1769897.0667,44207.2
209576.0,1803856.0,44212.0
793990.13333,1196866.9333,44232.8
883900.0,1103484.0,44236.0
883900.0,1103484.0,44236.0
688903.46667,1297728.2667,44270.666667
658904.0,1327612.0,44276.0
658904.0,1327612.0,44276.0
449486.4,1530632.8,44327.2
397132.0,1581388.0,44340.0
175704.8,1789957.6,44368.8
120348.0,1842100.0,44376.0
120348.0,1842100.0,44376.0
692397.86667,1308975.4667,44402.4
900416.0,1115112.0,44412.0
900416.0,1115112.0,44412.0
709546.93333,1301173.3333,44426.666667
640140.0,1368832.0,44432.0
430447.2,1572403.2,44464.0
378024.0,1623296.0,44472.0
378024.0,1623296.0,44472.0
215691.2,1781510.4,44507.2
175108.0,1821064.0,44516.0
175108.0,1821064.0,44516.0
145322.93333,1816605.3333,44545.333333
134492.0,1814984.0,44556.0
1121359.2,781095.46667,44582.4
1480220.0,405136.0,44592.0
1480220.0,405136.0,44592.0
1291844.2667,592185.86667,44609.6
1223344.0,660204.0,44616.0
1223344.0,660204.0,44616.0
1097850.1333,781858.13333,44642.4
1052216.0,826096.0,44652.0
1577445.3333,333882.66667,44676.0
1840060.0,87776.0,44688.0
1840060.0,87776.0,44688.0
1840934.1333,87770.133333,44711.466667
1841252.0,87768.0,44720.0
1841252.0,87768.0,44720.0
5994945.8667,87559.733333,44728.8
7505380.0,87484.0,44732.0
