vda,0.60,0.00,0.00,0,0
vda,1.60,0.00,0.01,0,0
vda,0.80,0.00,0.00,0,0
vda,0.00,0.00,0.00,0,0
vda,0.60,0.00,0.00,0,0
vda,28.40,0.27,0.01,1,0
vda,30.40,0.07,0.13,0,0
vda,322.20,4.05,0.01,20,0
vda,329.40,3.74,0.01,18,0
vda,261.40,17.11,0.02,85,0
vda,33.40,8.62,0.00,43,0
vda,3.20,0.00,0.02,0,0
vda,0.80,0.00,0.00,0,0
vda,8.80,1.12,0.03,5,0
vda,28.20,10.32,0.01,51,0
vda,3.80,0.00,0.06,0,0
vda,1.40,0.00,0.01,0,0
vda,1.60,0.00,0.01,0,0
vda,138.40,1.29,0.01,6,0
vda,5.40,0.04,0.01,0,0
vda,7.00,0.00,0.04,0,0
vda,0.40,0.00,0.00,0,0
vda,15.40,0.00,2.22,0,11
vda,4.80,0.00,0.02,0,0
vda,9.40,0.00,0.04,0,0
vda,3.60,0.00,0.01,0,0
vda,4.60,0.00,0.02,0,0
vda,3.20,0.00,0.01,0,0
vda,21.20,0.00,2.28,0,11
vda,3.20,0.00,0.01,0,0
vda,3.00,0.00,0.01,0,0
vda,6.20,0.00,0.02,0,0
vda,2.40,0.00,0.01,0,0
vda,0.20,0.00,0.00,0,0
vda,11.20,0.00,0.07,0,0
vda,2.60,0.08,0.01,0,0
vda,6.80,0.00,0.03,0,0
vda,1.20,0.00,0.00,0,0
vda,0.00,0.00,0.00,0,0
vda,0.60,0.00,0.00,0,0
vda,0.40,0.00,0.01,0,0
vda,1.20,0.00,0.00,0,0
vda,13.40,0.00,0.06,0,0
vda,0.00,0.00,0.00,0,0
vda,0.80,0.00,0.00,0,0
