vda,0.60,0.00,0.00,0,0
vda,0.40,0.00,0.01,0,0
vda,1.60,0.00,0.01,0,0
vda,0.40,0.00,0.00,0,0
vda,0.40,0.00,0.00,0,0
vda,0.00,0.00,0.00,0,0
vda,1.80,0.00,0.01,0,0
vda,0.40,0.00,0.01,0,0
vda,6.00,0.54,0.03,2,0
vda,11.20,1.44,0.01,7,0
vda,11.20,1.62,0.01,8,0
vda,10.20,1.46,0.01,7,0
vda,11.80,1.75,0.00,8,0
vda,15.20,2.01,0.01,10,0
vda,6.20,0.45,0.05,2,0
vda,1.00,0.00,0.09,0,0
vda,3.60,0.00,0.02,0,0
vda,1.60,0.00,0.03,0,0
vda,0.80,0.00,0.02,0,0
vda,0.60,0.00,0.00,0,0
vda,0.40,0.00,0.00,0,0
vda,0.60,0.00,0.00,0,0
vda,0.40,0.00,0.00,0,0
vda,4.40,0.00,0.02,0,0
vda,0.80,0.00,0.01,0,0
vda,0.40,0.00,0.00,0,0
