vda,0.60,0.00,0.00,0,0
vda,28.40,0.27,0.00,1,0
vda,2.80,0.07,0.01,0,0
vda,1.00,0.00,0.00,0,0
vda,0.80,0.00,0.01,0,0
vda,24.00,0.00,0.11,0,0
vda,1.60,0.00,0.01,0,0
vda,228.60,2.89,0.00,14,0
vda,313.40,3.65,0.01,18,0
vda,340.00,8.04,0.01,40,0
vda,27.80,4.52,0.02,22,0
vda,3.00,0.00,0.01,0,0
vda,42.60,0.50,0.01,2,0
vda,107.20,0.83,0.05,4,0
vda,4.20,0.00,0.02,0,0
vda,6.00,0.00,0.07,0,0
vda,0.80,0.00,0.01,0,0
vda,6.00,0.00,0.02,0,0
vda,17.00,0.00,0.07,0,0
vda,4.00,0.00,0.02,0,0
vda,4.60,0.00,0.02,0,0
vda,8.40,0.00,0.08,0,0
vda,9.00,0.00,0.04,0,0
vda,4.20,0.00,0.01,0,0
vda,4.20,0.08,0.01,0,0
vda,6.00,0.00,0.02,0,0
vda,0.00,0.00,0.00,0,0
vda,0.80,0.00,0.00,0,0
vda,14.80,0.00,0.07,0,0
vda,1.00,0.00,0.00,0,0
vda,0.00,0.00,0.00,0,0
vda,2.40,0.01,0.00,0,0
vda,1.60,0.00,0.01,0,0
vda,1.00,0.00,0.00,0,0
