vda,9.20,0.00,0.06,0,0
vda,3.00,0.00,0.02,0,0
vda,116.60,0.00,0.45,0,2
vda,0.20,0.00,0.00,0,0
vda,2.20,0.00,0.01,0,0
vda,201.40,0.00,0.81,0,4
vda,1.60,0.00,0.01,0,0
vda,1.40,0.00,0.01,0,0
vda,0.00,0.00,0.00,0,0
vda,5.00,0.00,0.02,0,0
vda,2.60,0.00,0.01,0,0
vda,14.80,0.00,0.26,0,1
vda,11.60,0.00,0.05,0,0
vda,130.20,0.00,0.53,0,2
vda,8.80,1.26,0.02,6,0
vda,5.80,1.27,0.00,6,0
vda,10.60,0.05,0.04,0,0
vda,11.60,0.00,0.06,0,0
vda,7.40,0.00,0.19,0,0
vda,6.00,0.00,0.02,0,0
vda,198.80,0.00,0.78,0,3
vda,6.80,0.00,0.07,0,0
vda,1.00,0.00,0.00,0,0
vda,11.20,0.00,0.25,0,1
vda,3.40,0.00,0.07,0,0
vda,9.40,0.00,0.04,0,0
vda,6.40,0.00,0.03,0,0
vda,11.60,0.00,0.04,0,0
vda,1.40,0.00,0.01,0,0
