3458680.5333,45064.0,3982.6666667
3456328.0,45900.0,4364.0
3456328.0,45900.0,4364.0
2931101.6,205771.2,4660.0
830196.0,845256.0,5844.0
647832.26667,728765.33333,5870.6666667
146332.0,408416.0,5944.0
146332.0,408416.0,5944.0
142444.0,344998.66667,5965.3333333
134668.0,218164.0,6008.0
134668.0,218164.0,6008.0
147052.0,224717.6,6120.0
181108.0,242740.0,6428.0
165298.93333,255450.4,6547.4666667
121824.0,290404.0,6876.0
121824.0,290404.0,6876.0
122260.0,276242.66667,4968.0
123132.0,247920.0,1152.0
123132.0,247920.0,1152.0
132861.06667,237084.0,1187.4666667
143980.0,224700.0,1228.0
143980.0,224700.0,1228.0
134608.26667,226376.8,782.13333333
126408.0,227844.0,392.0
119252.8,238730.4,601.06666667
112992.0,248256.0,784.0
112992.0,248256.0,784.0
110578.66667,249658.66667,1037.3333333
109372.0,250360.0,1164.0
109372.0,250360.0,1164.0
131198.66667,214618.66667,1092.0
142112.0,196748.0,1056.0
142021.06667,195706.66667,1114.6666667
141988.0,195328.0,1136.0
141988.0,195328.0,1136.0
121049.86667,216890.93333,904.26666667
113436.0,224732.0,820.0
113436.0,224732.0,820.0
129613.33333,191124.8,770.13333333
135496.0,178904.0,752.0
135862.66667,177865.6,1018.9333333
135996.0,177488.0,1116.0
135996.0,177488.0,1116.0
118035.2,214559.46667,1262.6666667
111504.0,228040.0,1316.0
111504.0,228040.0,1316.0
108998.93333,231386.93333,1530.1333333
108088.0,232604.0,1608.0
116726.66667,223836.26667,1704.8
119868.0,220648.0,1740.0
119868.0,220648.0,1740.0
110179.2,224599.2,1913.0666667
106656.0,226036.0,1976.0
106656.0,226036.0,1976.0
105426.66667,227481.33333,2197.3333333
104812.0,228204.0,2308.0
107948.0,224961.33333,2124.0
109516.0,223340.0,2032.0
109516.0,223340.0,2032.0
134017.33333,186974.66667,1448.0
146268.0,168792.0,1156.0
146268.0,168792.0,1156.0
139982.4,175792.8,1156.0
135792.0,180460.0,1156.0
120038.4,192239.2,1076.8
109536.0,200092.0,1024.0
109536.0,200092.0,1024.0
125380.8,173245.6,1038.4
135944.0,155348.0,1048.0
135944.0,155348.0,1048.0
129368.0,162300.0,1314.6666667
126080.0,165776.0,1448.0
118317.33333,199266.66667,1650.6666667
114436.0,216012.0,1752.0
114436.0,216012.0,1752.0
128044.0,200997.6,1792.8
137116.0,190988.0,1820.0
137116.0,190988.0,1820.0
145273.6,183795.2,1731.2
150712.0,179000.0,1672.0
244276.0,79884.8,1208.8
306652.0,13808.0,900.0
306652.0,13808.0,900.0
304620.0,16338.666667,937.33333333
303604.0,17604.0,956.0
303604.0,17604.0,956.0
