vda,0.60,0.00,0.00,0,0
vda,2.00,0.00,0.01,0,0
vda,33.00,0.34,0.02,1,0
vda,2.00,0.00,0.01,0,0
vda,0.80,0.00,0.01,0,0
vda,2.20,0.00,0.01,0,0
vda,24.60,0.00,0.12,0,0
vda,2.20,0.00,0.01,0,0
vda,1.80,0.00,0.01,0,0
vda,1.80,0.00,0.01,0,0
vda,0.80,0.00,0.01,0,0
vda,2.20,0.00,0.01,0,0
vda,298.20,3.62,0.04,18,0
vda,395.80,5.14,0.01,25,0
vda,211.60,8.72,0.03,43,0
vda,28.00,0.37,0.01,1,0
vda,118.60,0.96,0.02,4,0
vda,5.40,0.00,0.02,0,0
vda,11.20,0.00,0.04,0,0
vda,15.60,0.00,0.08,0,0
vda,5.80,0.00,0.07,0,0
vda,4.40,0.00,0.06,0,0
vda,13.00,0.00,0.05,0,0
vda,0.00,0.00,0.00,0,0
vda,15.40,0.00,0.09,0,0
vda,2.80,0.00,0.01,0,0
vda,3.60,0.09,0.01,0,0
vda,6.40,0.00,0.03,0,0
vda,0.00,0.00,0.00,0,0
vda,1.80,0.00,0.01,0,0
vda,2.80,0.00,0.02,0,0
vda,2.60,0.00,0.01,0,0
vda,5.80,0.00,0.03,0,0
vda,2.40,0.00,0.01,0,0
vda,1.80,0.00,0.01,0,0
