vda,5.00,0.02,0.02,0,0
vda,5.60,0.00,0.02,0,0
vda,2.00,0.00,0.01,0,0
vda,3.00,0.00,0.01,0,0
vda,1.80,0.00,0.01,0,0
vda,1.80,0.00,0.01,0,0
vda,23.40,0.00,0.10,0,0
vda,258.60,4.79,0.02,23,0
vda,165.20,1.85,0.02,9,0
vda,144.60,2.36,0.03,11,0
vda,171.40,19.77,0.01,98,0
vda,53.00,18.95,0.01,94,0
vda,62.60,20.38,0.01,101,0
vda,62.40,22.32,0.02,111,0
vda,60.20,21.26,0.03,106,0
vda,70.40,23.20,0.05,115,0
vda,58.80,18.12,0.10,90,0
vda,32.00,10.70,0.02,53,0
vda,3.40,0.00,0.01,0,0
vda,91.00,0.62,0.05,3,0
vda,15.00,0.11,0.03,0,0
vda,5.80,0.07,0.02,0,0
vda,3.80,0.00,0.01,0,0
vda,29.60,0.00,17.24,0,86
vda,4.60,0.00,0.02,0,0
vda,4.40,0.00,0.02,0,0
vda,1.80,0.00,0.01,0,0
vda,1.80,0.00,0.01,0,0
vda,0.20,0.00,0.00,0,0
vda,11.40,0.05,0.57,0,2
vda,15.40,0.04,4.55,0,22
vda,13.80,0.00,0.05,0,0
vda,0.00,0.00,0.00,0,0
vda,4.80,0.00,0.02,0,0
vda,32.80,0.00,17.92,0,89
vda,6.00,0.00,0.02,0,0
vda,5.20,0.00,0.02,0,0
vda,3.80,0.00,0.01,0,0
vda,5.00,0.04,0.02,0,0
vda,2.00,0.00,0.01,0,0
vda,18.00,0.00,9.09,0,45
vda,4.60,0.00,0.02,0,0
vda,2.40,0.00,0.01,0,0
vda,4.20,0.00,0.02,0,0
vda,4.40,0.00,0.02,0,0
vda,9.60,0.00,2.28,0,11
vda,12.00,0.00,15.63,0,78
vda,5.20,0.00,0.02,0,0
vda,6.40,0.01,0.02,0,0
vda,2.20,0.00,0.01,0,0
vda,0.00,0.00,0.00,0,0
vda,1.80,0.00,0.01,0,0
vda,10.80,0.00,2.27,0,11
vda,8.40,0.00,6.82,0,34
vda,12.60,0.00,0.05,0,0
vda,4.20,0.00,0.02,0,0
vda,3.60,0.00,0.01,0,0
vda,31.20,0.05,15.76,0,78
vda,6.00,0.00,2.19,0,10
vda,3.60,0.00,0.01,0,0
vda,3.80,0.00,0.01,0,0
vda,0.00,0.00,0.00,0,0
vda,1.80,0.00,0.01,0,0
vda,32.80,0.00,9.17,0,45
vda,6.80,0.07,0.02,0,0
vda,4.80,0.00,0.02,0,0
vda,4.60,0.00,0.02,0,0
vda,31.40,0.00,16.86,0,84
vda,7.40,0.04,0.02,0,0
vda,3.80,0.00,0.01,0,0
vda,0.00,0.00,0.00,0,0
vda,4.20,0.00,0.02,0,0
vda,1.80,0.00,0.01,0,0
vda,22.00,0.00,10.17,0,50
vda,4.40,0.00,0.02,0,0
vda,2.40,0.00,0.01,0,0
vda,3.80,0.00,0.01,0,0
vda,3.60,0.00,0.01,0,0
vda,26.95,0.00,17.12,0,85
vda,0.60,0.05,0.00,0,0
vda,16.80,0.00,0.07,0,0
vda,0.00,0.00,0.00,0,0
vda,1.80,0.00,0.01,0,0
vda,1.80,0.00,0.01,0,0
vda,5.60,0.00,0.79,0,3
vda,22.20,0.00,0.11,0,0
vda,4.60,0.00,0.02,0,0
vda,4.40,0.00,0.02,0,0
vda,24.00,0.00,13.53,0,67
vda,13.40,0.03,0.05,0,0
vda,4.80,0.00,0.02,0,0
vda,0.00,0.00,0.00,0,0
vda,1.80,0.00,0.01,0,0
vda,1.80,0.00,0.01,0,0
vda,22.00,0.00,8.96,0,44
vda,7.20,0.00,4.53,0,22
vda,5.60,0.00,0.02,0,0
vda,4.40,0.00,0.02,0,0
vda,5.80,0.07,0.02,0,0
vda,26.40,0.00,16.89,0,84
vda,0.00,0.00,0.00,0,0
vda,4.40,0.00,0.02,0,0
vda,3.80,0.00,0.01,0,0
vda,1.80,0.00,0.01,0,0
vda,1.80,0.00,0.01,0,0
vda,4.60,0.00,1.07,0,5
vda,9.00,0.00,2.26,0,11
vda,13.40,0.01,6.84,0,34
vda,4.00,0.00,0.02,0,0
vda,18.20,0.00,16.54,0,82
vda,6.20,0.00,0.02,0,0
vda,4.80,0.00,0.02,0,0
vda,4.80,0.00,0.02,0,0
vda,1.80,0.00,0.01,0,0
vda,1.80,0.00,0.01,0,0
vda,5.60,0.00,1.40,0,6
vda,20.00,0.00,4.60,0,23
vda,12.20,0.00,4.56,0,22
vda,4.60,0.00,0.02,0,0
vda,19.00,0.00,6.76,0,33
vda,15.20,0.00,6.81,0,34
vda,8.40,0.00,4.39,0,21
vda,4.40,0.00,0.02,0,0
vda,1.80,0.00,0.01,0,0
vda,2.00,0.00,0.01,0,0
vda,1.80,0.00,0.01,0,0
vda,8.20,0.00,0.04,0,0
vda,12.00,0.00,4.55,0,22
vda,2.40,0.00,4.52,0,22
vda,3.20,0.00,0.01,0,0
vda,1.80,0.00,0.01,0,0
vda,1.80,0.00,0.01,0,0
vda,3.20,0.00,0.02,0,0
vda,10.60,0.00,0.04,0,0
vda,4.40,0.00,0.02,0,0
vda,2.80,0.01,0.01,0,0
vda,9.00,0.00,0.04,0,0
vda,10.80,0.00,0.06,0,0
vda,0.00,0.00,0.00,0,0
vda,2.20,0.00,0.01,0,0
vda,1.80,0.00,0.01,0,0
vda,1.80,0.00,0.01,0,0
vda,1.80,0.00,0.01,0,0
vda,2.80,0.00,0.02,0,0
vda,13.60,0.01,0.05,0,0
