vda,1.20,0.00,0.01,0,0
vda,27.00,0.00,0.12,0,0
vda,3.00,0.00,0.01,0,0
vda,1.80,0.00,0.01,0,0
vda,1.80,0.00,0.01,0,0
vda,2.20,0.00,0.01,0,0
vda,4.00,0.00,0.02,0,0
vda,431.80,5.23,0.02,26,0
vda,460.60,6.54,0.03,32,0
vda,40.60,9.26,0.00,46,0
vda,148.40,3.22,0.01,16,0
vda,8.80,0.04,0.02,0,0
vda,20.40,0.00,0.09,0,0
vda,9.60,0.00,0.05,0,0
vda,12.60,0.00,0.10,0,0
vda,5.80,0.09,0.06,0,0
vda,7.40,0.00,0.03,0,0
vda,1.80,0.00,0.01,0,0
vda,14.00,0.00,0.07,0,0
vda,2.40,0.00,0.01,0,0
vda,3.20,0.00,0.01,0,0
vda,0.00,0.00,0.00,0,0
vda,2.00,0.00,0.01,0,0
vda,3.80,0.00,0.01,0,0
vda,11.00,0.00,0.05,0,0
vda,2.60,0.00,0.01,0,0
vda,2.20,0.00,0.01,0,0
vda,1.80,0.00,0.01,0,0
vda,1.80,0.00,0.01,0,0
