vda,0.20,0.00,0.00,0,0
vda,2.40,0.00,0.01,0,0
vda,1.80,0.00,0.01,0,0
vda,1.80,0.00,0.01,0,0
vda,1.80,0.00,0.01,0,0
vda,3.00,0.00,0.01,0,0
vda,25.80,0.00,0.11,0,0
vda,2.00,0.00,0.01,0,0
vda,1.80,0.00,0.01,0,0
vda,0.00,0.00,0.00,0,0
vda,1.80,0.00,0.01,0,0
vda,3.00,0.00,0.01,0,0
vda,355.00,4.40,0.00,21,0
vda,182.00,1.89,0.06,9,0
vda,352.40,4.72,0.02,23,0
vda,148.80,1.34,0.03,6,0
vda,7.60,0.00,0.03,0,0
vda,13.00,0.00,0.06,0,0
vda,11.60,0.09,0.06,0,0
vda,5.99,0.00,0.02,0,0
vda,6.80,0.00,0.08,0,0
vda,9.00,0.00,0.04,0,0
vda,0.00,0.00,0.00,0,0
vda,2.40,0.00,0.01,0,0
vda,2.20,0.00,0.01,0,0
vda,3.20,0.00,0.01,0,0
vda,2.20,0.00,0.01,0,0
vda,3.60,0.00,0.01,0,0
