vda,2.00,0.00,0.01,0,0
vda,1.20,0.00,0.00,0,0
vda,1.00,0.00,0.00,0,0
vda,1.00,0.00,0.00,0,0
vda,0.80,0.00,0.01,0,0
vda,0.80,0.00,0.00,0,0
vda,15.00,0.00,0.08,0,0
vda,236.00,5.16,0.01,25,0
vda,271.00,10.46,0.01,52,0
vda,275.20,8.87,0.02,44,0
vda,164.20,13.42,0.03,67,0
vda,45.20,13.83,0.01,69,0
vda,73.60,25.82,0.01,129,0
vda,59.00,20.01,0.03,100,0
vda,72.00,25.80,0.02,129,0
vda,58.80,21.20,0.01,105,0
vda,63.40,21.75,0.07,108,0
vda,54.80,17.70,0.04,88,0
vda,63.20,22.96,0.01,114,0
vda,71.26,25.75,0.01,128,0
vda,66.20,20.86,0.02,104,0
vda,61.40,21.91,0.03,109,0
vda,73.20,26.41,0.02,132,0
vda,52.60,19.25,0.01,96,0
vda,39.80,15.07,0.00,75,0
vda,54.20,20.49,0.00,102,0
vda,55.20,21.12,0.00,105,0
vda,69.40,9.89,28.46,49,142
vda,20.80,0.00,13.68,0,68
vda,5.60,0.00,3.46,0,17
vda,18.60,0.32,0.00,1,0
vda,6.20,0.14,0.01,0,0
vda,137.80,1.15,0.01,5,0
vda,24.20,0.08,3.28,0,16
vda,4.00,0.00,1.67,0,8
vda,11.00,0.00,3.21,0,16
vda,6.60,0.00,3.92,0,19
vda,11.60,0.00,6.63,0,33
vda,18.80,0.18,3.86,0,19
vda,37.20,0.06,6.80,0,34
vda,21.60,0.00,6.49,0,32
vda,19.60,0.05,4.02,0,20
vda,2.80,0.00,0.37,0,1
vda,19.60,0.02,4.25,0,21
vda,12.20,0.00,5.89,0,29
vda,12.20,0.00,5.18,0,25
vda,9.20,0.00,5.59,0,27
vda,17.00,0.00,4.85,0,24
vda,6.00,0.00,1.71,0,8
vda,23.60,0.40,0.01,1,0
vda,1.00,0.00,0.00,0,0
vda,0.00,0.00,0.00,0,0
vda,4.00,0.07,0.00,0,0
vda,642.00,12.69,0.02,63,0
vda,1050.00,21.14,0.04,105,0
vda,693.20,17.84,0.03,89,0
vda,7.60,0.03,0.00,0,0
vda,31.40,0.00,3.05,0,15
vda,6.20,0.00,0.87,0,4
vda,128.40,2.07,7.77,10,38
vda,20.40,0.00,6.32,0,31
vda,13.20,0.00,3.54,0,17
vda,13.40,0.00,6.37,0,31
vda,73.80,1.02,4.29,5,21
vda,15.60,0.00,3.90,0,19
vda,16.40,0.00,5.41,0,27
vda,17.60,0.00,3.96,0,19
vda,19.00,0.00,5.45,0,27
vda,44.20,0.25,7.89,1,39
vda,21.20,0.00,6.47,0,32
vda,5.20,0.00,0.97,0,4
vda,1.80,0.00,0.01,0,0
vda,0.00,0.00,0.00,0,0
vda,0.80,0.00,0.00,0,0
vda,7.40,0.00,1.62,0,8
vda,800.80,15.76,0.79,78,3
vda,1099.40,21.58,0.01,107,0
vda,522.00,10.80,0.00,53,0
vda,299.40,6.75,0.01,33,0
vda,31.20,0.05,3.26,0,16
vda,20.40,0.03,4.95,0,24
vda,14.00,0.00,3.52,0,17
vda,21.60,0.00,7.53,0,37
vda,26.20,0.01,5.51,0,27
vda,18.60,0.00,4.52,0,22
vda,27.60,0.00,8.37,0,41
vda,27.60,0.22,4.82,1,24
vda,25.40,0.12,3.90,0,19
vda,16.60,0.00,3.84,0,19
vda,25.00,0.00,7.29,0,36
vda,14.80,0.00,4.46,0,22
vda,16.00,0.00,3.31,0,16
vda,6.20,0.00,0.97,0,4
vda,0.40,0.00,0.00,0,0
vda,1.20,0.00,0.00,0,0
vda,7.80,0.20,0.00,1,0
vda,15.60,0.28,0.01,1,0
vda,1147.20,22.58,0.03,112,0
vda,1106.00,22.13,2.41,110,12
vda,167.60,3.50,0.01,17,0
vda,329.80,6.86,0.07,34,0
vda,19.80,0.00,3.05,0,15
vda,17.00,0.00,3.91,0,19
vda,21.80,0.00,6.10,0,30
vda,73.20,0.89,4.61,4,23
vda,54.80,0.28,7.23,1,36
vda,25.00,0.00,8.12,0,40
vda,13.40,0.00,3.15,0,15
vda,22.00,0.00,7.21,0,36
vda,16.00,0.00,3.69,0,18
vda,15.00,0.00,3.92,0,19
vda,14.20,0.00,3.90,0,19
vda,24.40,0.00,6.49,0,32
vda,25.40,0.73,3.95,3,19
vda,7.60,0.16,1.01,0,5
vda,1.20,0.00,0.00,0,0
vda,0.00,0.00,0.00,0,0
vda,0.60,0.00,0.00,0,0
vda,0.00,0.00,0.00,0,0
vda,1168.80,23.49,0.01,117,0
vda,1230.80,25.02,2.45,125,12
vda,376.20,6.09,34.77,30,173
vda,56.00,0.01,19.05,0,95
vda,23.80,0.02,4.92,0,24
vda,63.80,1.02,4.50,5,22
vda,51.80,0.30,5.93,1,29
vda,31.00,0.00,6.44,0,32
vda,30.20,0.01,8.97,0,44
vda,11.20,0.00,2.71,0,13
vda,25.20,0.01,6.96,0,34
vda,16.60,0.00,3.43,0,17
vda,30.00,0.24,6.11,1,30
vda,15.80,0.00,3.61,0,18
vda,23.40,0.00,7.13,0,35
vda,23.00,0.00,5.88,0,29
vda,33.20,1.15,3.19,5,15
vda,7.80,0.17,0.82,0,4
vda,1.80,0.00,0.01,0,0
vda,0.00,0.00,0.00,0,0
vda,15.20,0.22,0.00,1,0
vda,1195.81,23.99,0.01,120,0
vda,609.80,12.63,0.01,63,0
vda,826.80,20.99,0.13,104,0
vda,9.00,0.00,0.10,0,0
vda,17.20,0.00,6.55,0,32
vda,55.80,1.61,2.53,8,12
vda,38.20,0.18,3.62,0,18
vda,34.20,0.00,9.34,0,46
vda,16.00,0.00,4.11,0,20
vda,22.40,0.01,6.33,0,31
vda,15.20,0.00,3.62,0,18
vda,22.20,0.00,6.40,0,32
vda,10.80,0.00,3.21,0,16
vda,20.80,0.00,6.06,0,30
vda,26.00,0.04,6.52,0,32
vda,46.40,1.03,5.26,5,26
vda,11.80,0.00,2.78,0,13
vda,0.80,0.00,0.00,0,0
vda,0.00,0.00,0.00,0,0
vda,0.60,0.00,0.00,0,0
vda,0.00,0.00,0.00,0,0
vda,456.80,9.30,0.00,46,0
vda,1000.00,20.03,0.02,100,0
vda,1186.00,26.37,2.43,131,12
vda,72.20,1.40,0.01,7,0
vda,28.20,0.20,2.50,1,12
vda,24.60,0.00,6.62,0,33
vda,21.20,0.03,4.09,0,20
vda,14.20,0.00,3.30,0,16
vda,20.60,0.00,5.27,0,26
vda,24.40,0.00,6.81,0,34
vda,10.40,0.00,2.71,0,13
vda,24.20,0.00,6.76,0,33
vda,16.00,0.00,3.63,0,18
vda,33.60,0.00,8.94,0,44
vda,43.80,0.87,3.47,4,17
vda,29.80,0.12,6.41,0,32
vda,21.00,0.00,6.99,0,34
vda,5.00,0.00,0.02,0,0
vda,10.80,0.08,0.00,0,0
vda,0.20,0.00,0.00,0,0
vda,34.00,1.12,0.00,5,0
vda,478.40,9.66,0.00,48,0
vda,1180.40,25.04,1.26,125,6
vda,875.40,23.06,0.17,115,0
vda,6.80,0.06,0.01,0,0
vda,69.40,1.33,2.91,6,14
vda,54.60,0.21,5.76,1,28
vda,17.00,0.00,3.57,0,17
vda,23.80,0.01,5.54,0,27
vda,23.60,0.00,5.81,0,29
vda,29.60,0.01,7.81,0,39
vda,20.40,0.00,5.10,0,25
vda,17.40,0.00,4.65,0,23
vda,22.40,0.00,5.80,0,29
vda,36.80,1.17,4.48,5,22
vda,34.60,0.14,6.65,0,33
vda,15.20,0.01,2.80,0,13
vda,21.20,0.00,5.53,0,27
vda,5.40,0.00,0.35,0,1
vda,1.20,0.00,0.00,0,0
vda,0.60,0.01,0.00,0,0
vda,0.60,0.00,0.00,0,0
vda,1016.80,20.72,0.00,103,0
vda,623.00,13.82,0.01,69,0
vda,1003.80,24.15,2.10,120,10
vda,8.20,0.02,0.02,0,0
vda,20.60,0.03,3.09,0,15
vda,28.40,0.00,8.47,0,42
vda,31.60,0.10,6.06,0,30
vda,17.00,0.01,3.52,0,17
vda,24.80,0.00,6.83,0,34
vda,18.20,0.00,3.59,0,17
vda,26.00,0.03,6.73,0,33
vda,16.20,0.00,3.21,0,16
vda,34.20,0.92,4.31,4,21
vda,33.20,0.21,6.42,1,32
vda,29.60,0.00,6.19,0,30
vda,20.80,0.00,6.78,0,33
vda,1.00,0.00,0.15,0,0
vda,3.60,0.00,0.96,0,4
vda,0.80,0.00,0.00,0,0
vda,0.00,0.00,0.00,0,0
vda,0.60,0.00,0.00,0,0
vda,289.40,5.78,2.43,28,12
vda,903.60,17.48,0.01,87,0
vda,1015.40,19.84,0.03,99,0
vda,600.80,13.97,0.09,69,0
vda,21.80,0.00,2.43,0,12
vda,24.40,0.00,6.82,0,34
vda,13.60,0.00,2.56,0,12
vda,19.20,0.00,5.99,0,29
vda,23.80,0.00,6.26,0,31
vda,45.60,0.87,3.12,4,15
vda,29.80,0.00,6.67,0,33
vda,15.80,0.01,2.83,0,14
vda,24.20,0.00,6.75,0,33
vda,28.20,0.00,7.76,0,38
vda,21.20,0.00,5.69,0,28
vda,19.00,0.00,6.20,0,31
vda,20.40,0.00,4.95,0,24
vda,5.60,0.00,0.82,0,4
vda,1.20,0.00,0.00,0,0
vda,0.00,0.00,0.00,0,0
vda,18.60,0.62,0.01,3,0
vda,1.00,0.00,0.00,0,0
vda,844.91,16.80,0.01,84,0
vda,726.00,18.74,0.03,93,0
vda,568.40,16.84,0.00,84,0
vda,268.00,7.10,0.00,35,0
vda,25.20,0.00,0.10,0,0
vda,0.60,0.00,0.00,0,0
vda,47.40,1.06,0.02,5,0
vda,0.40,0.03,0.01,0,0
vda,9.20,0.00,0.08,0,0
vda,0.80,0.00,0.00,0,0
vda,0.00,0.00,0.00,0,0
vda,0.80,0.00,0.00,0,0
vda,7.60,0.00,0.04,0,0
vda,1.00,0.00,0.00,0,0
vda,77.00,2.00,0.01,9,0
vda,25.80,0.06,0.12,0,0
vda,1.20,0.00,0.00,0,0
vda,0.00,0.00,0.00,0,0
vda,0.80,0.00,0.00,0,0
vda,0.00,0.00,0.00,0,0
vda,0.60,0.00,0.00,0,0
vda,1.60,0.00,0.01,0,0
vda,1.00,0.00,0.00,0,0
vda,0.60,0.00,0.00,0,0
