vda,0.40,0.00,0.00,0,0
vda,2.00,0.00,0.01,0,0
vda,23.15,0.00,0.11,0,0
vda,0.00,0.00,0.00,0,0
vda,0.60,0.00,0.00,0,0
vda,0.80,0.00,0.01,0,0
vda,3.80,0.00,0.02,0,0
vda,370.40,4.54,0.02,22,0
vda,149.60,1.66,0.04,8,0
vda,238.00,3.39,0.02,16,0
vda,183.80,12.02,0.01,60,0
vda,68.00,18.33,0.01,91,0
vda,14.20,5.26,0.00,26,0
vda,15.20,4.48,0.01,22,0
vda,15.60,5.34,0.01,26,0
vda,23.20,5.68,0.08,28,0
vda,18.40,3.08,0.04,15,0
vda,0.80,0.00,0.00,0,0
vda,76.40,0.79,0.00,3,0
vda,63.40,0.49,0.02,2,0
vda,5.40,0.01,0.02,0,0
vda,4.80,0.02,0.01,0,0
vda,6.40,0.00,0.03,0,0
vda,9.60,0.00,0.04,0,0
vda,3.80,0.00,0.02,0,0
vda,0.00,0.00,0.00,0,0
vda,11.40,0.00,0.05,0,0
vda,3.80,0.00,0.01,0,0
vda,12.00,0.00,5.07,0,25
vda,7.00,0.00,0.03,0,0
vda,5.20,0.00,0.02,0,0
vda,1.60,0.00,0.00,0,0
vda,2.60,0.00,0.01,0,0
vda,0.00,0.00,0.00,0,0
vda,5.20,0.00,0.03,0,0
vda,7.80,0.00,0.03,0,0
vda,16.00,0.00,0.08,0,0
vda,0.00,0.00,0.00,0,0
vda,2.40,0.00,0.01,0,0
vda,8.20,0.00,1.70,0,8
vda,5.20,0.00,0.85,0,4
vda,4.00,0.00,0.02,0,0
vda,3.20,0.00,0.01,0,0
vda,4.80,0.00,0.02,0,0
vda,3.40,0.00,0.01,0,0
vda,11.80,0.00,0.05,0,0
vda,1.00,0.00,0.01,0,0
vda,3.20,0.00,0.01,0,0
vda,7.60,0.00,0.03,0,0
vda,3.00,0.00,0.01,0,0
vda,4.80,0.00,0.03,0,0
vda,1.80,0.00,0.01,0,0
vda,13.80,0.00,0.06,0,0
vda,1.60,0.00,0.01,0,0
vda,0.00,0.00,0.00,0,0
vda,1.80,0.08,0.00,0,0
vda,7.00,0.00,0.03,0,0
vda,0.00,0.00,0.00,0,0
vda,1.20,0.00,0.01,0,0
vda,8.60,0.00,0.04,0,0
vda,1.60,0.00,0.01,0,0
vda,0.40,0.00,0.00,0,0
vda,0.60,0.00,0.00,0,0
vda,0.00,0.00,0.00,0,0
