3148444.0,378060.0,5156.0
3148444.0,378060.0,5156.0
2107117.6,582074.4,5403.2
1412900.0,718084.0,5568.0
1412900.0,718084.0,5568.0
634772.0,917716.0,5608.8
116020.0,1050804.0,5636.0
126893.86667,868512.0,5682.9333333
130848.0,802224.0,5700.0
130848.0,802224.0,5700.0
227621.6,726359.2,5744.0
262812.0,698772.0,5760.0
262812.0,698772.0,5760.0
190665.33333,767918.66667,5802.6666667
154592.0,802492.0,5824.0
140373.33333,812441.33333,5872.0
133264.0,817416.0,5896.0
133264.0,817416.0,5896.0
331752.0,617741.33333,5946.6666667
430996.0,517904.0,5972.0
430996.0,517904.0,5972.0
342784.0,604016.0,6015.2
283976.0,661424.0,6044.0
198276.8,740040.8,6096.8
141144.0,792452.0,6132.0
141144.0,792452.0,6132.0
299676.26667,632571.46667,6159.7333333
438392.0,492676.0,6184.0
438392.0,492676.0,6184.0
342642.66667,588297.33333,6226.6666667
294768.0,636108.0,6248.0
225420.0,699040.8,6281.6
179188.0,740996.0,6304.0
179188.0,740996.0,6304.0
151264.8,762546.93333,6338.1333333
126832.0,781404.0,6368.0
126832.0,781404.0,6368.0
123169.06667,783351.73333,5657.6
119964.0,785056.0,5036.0
238794.93333,678807.46667,5074.4
342772.0,585840.0,5108.0
342772.0,585840.0,5108.0
292286.66667,634356.26667,5148.5333333
248112.0,676808.0,5184.0
190699.73333,732470.93333,5216.0
140464.0,781176.0,5244.0
140464.0,781176.0,5244.0
308058.66667,616664.0,5284.5333333
454704.0,472716.0,5320.0
454704.0,472716.0,5320.0
454149.33333,472835.46667,5341.3333333
453664.0,472940.0,5360.0
1930743.4667,382926.13333,5387.7333333
