vda,1.00,0.00,0.01,0,0
vda,26.60,0.00,0.12,0,0
vda,2.80,0.00,0.01,0,0
vda,2.00,0.00,0.01,0,0
vda,1.80,0.00,0.01,0,0
vda,1.80,0.00,0.01,0,0
vda,5.00,0.00,0.02,0,0
vda,433.60,5.15,0.06,25,0
vda,428.40,5.53,0.01,27,0
vda,72.40,8.84,0.02,44,0
vda,139.20,1.28,0.01,6,0
vda,6.80,0.04,0.02,0,0
vda,7.60,0.00,0.03,0,0
vda,12.80,0.00,0.06,0,0
vda,11.60,0.00,0.09,0,0
vda,14.00,0.00,0.09,0,0
vda,6.00,0.00,0.02,0,0
vda,10.00,0.00,0.04,0,0
vda,0.80,0.00,0.01,0,0
vda,3.80,0.09,0.02,0,0
vda,7.20,0.00,0.03,0,0
vda,9.20,0.00,0.04,0,0
vda,9.00,0.00,0.05,0,0
vda,0.00,0.00,0.00,0,0
vda,4.80,0.00,0.02,0,0
vda,3.60,0.00,0.01,0,0
vda,0.00,0.00,0.00,0,0
vda,2.20,0.00,0.01,0,0
vda,1.80,0.00,0.01,0,0
vda,3.80,0.00,0.02,0,0
vda,9.60,0.00,0.04,0,0
vda,2.20,0.00,0.01,0,0
vda,2.40,0.00,0.01,0,0
