vda,1.20,0.00,0.01,0,0
vda,27.40,0.00,0.12,0,0
vda,2.00,0.00,0.01,0,0
vda,2.00,0.00,0.01,0,0
vda,4.00,0.00,0.01,0,0
vda,2.20,0.00,0.01,0,0
vda,3.60,0.00,0.02,0,0
vda,2.60,0.00,0.01,0,0
vda,1.00,0.00,0.00,0,0
vda,2.00,0.00,0.01,0,0
vda,2.00,0.00,0.01,0,0
vda,8.60,0.00,0.04,0,0
vda,292.40,3.62,0.01,18,0
vda,401.00,5.11,0.02,25,0
vda,193.80,2.30,0.02,11,0
vda,143.20,1.29,0.04,6,0
vda,7.20,0.04,0.02,0,0
vda,8.80,0.00,0.03,0,0
vda,15.20,0.09,0.07,0,0
vda,6.20,0.00,0.02,0,0
vda,3.00,0.00,0.01,0,0
vda,6.80,0.00,0.03,0,0
vda,6.60,0.00,0.06,0,0
vda,1.80,0.00,0.01,0,0
vda,2.60,0.00,0.01,0,0
vda,4.40,0.00,0.02,0,0
vda,2.40,0.00,0.01,0,0
