vda,9.00,0.00,0.23,0,1
vda,2.79,0.00,0.01,0,0
vda,0.00,0.00,0.00,0,0
vda,198.40,0.00,0.80,0,3
vda,2.60,0.00,0.01,0,0
vda,8.20,0.00,0.03,0,0
vda,0.00,0.00,0.00,0,0
vda,1.60,0.00,0.01,0,0
vda,0.20,0.00,0.00,0,0
vda,6.60,0.00,0.03,0,0
vda,13.40,0.00,0.05,0,0
vda,125.20,0.00,0.52,0,2
vda,18.80,0.00,0.27,0,1
vda,2.60,0.00,0.01,0,0
vda,3.40,0.00,0.01,0,0
vda,5.00,0.00,0.02,0,0
vda,7.00,0.00,0.03,0,0
vda,212.40,0.00,0.98,0,4
vda,6.40,0.00,0.03,0,0
vda,4.00,0.00,0.02,0,0
vda,7.20,0.00,0.03,0,0
vda,8.20,0.00,0.03,0,0
vda,134.40,0.00,0.69,0,3
vda,0.20,0.00,0.00,0,0
vda,5.40,0.00,0.02,0,0
vda,7.80,0.00,0.23,0,1
vda,9.40,0.00,0.04,0,0
vda,0.00,0.00,0.00,0,0
vda,3.20,0.00,0.02,0,0
