vda,33.33,0.00,0.15,0,0
vda,11.40,0.00,0.04,0,0
vda,9.00,0.00,0.04,0,0
vda,124.00,0.00,0.49,0,2
vda,1.40,0.00,0.01,0,0
vda,1.20,0.00,0.00,0,0
vda,2.40,0.00,0.01,0,0
vda,17.60,0.00,0.10,0,0
vda,19.00,1.32,0.06,6,0
vda,16.40,3.71,0.02,18,0
vda,7.60,2.28,0.01,11,0
vda,14.60,2.40,0.03,12,0
vda,179.00,2.41,0.70,12,3
vda,20.80,2.69,0.11,13,0
vda,8.40,0.00,0.05,0,0
vda,13.60,0.00,0.05,0,0
vda,1.20,0.00,0.00,0,0
vda,3.40,0.00,0.01,0,0
vda,18.40,0.00,0.07,0,0
vda,3.60,0.00,0.02,0,0
vda,4.00,0.00,0.02,0,0
vda,179.20,0.00,0.74,0,3
vda,20.00,0.00,0.11,0,0
vda,1.40,0.00,0.01,0,0
vda,5.40,0.00,0.03,0,0
vda,12.40,0.00,0.05,0,0
vda,4.00,0.00,0.02,0,0
vda,2.00,0.00,0.01,0,0
vda,15.60,0.00,0.09,0,0
vda,6.80,0.00,0.05,0,0
vda,130.40,0.00,0.51,0,2
vda,2.00,0.00,0.01,0,0
vda,1.40,0.00,0.01,0,0
vda,9.00,0.00,0.04,0,0
vda,7.20,0.00,0.03,0,0
vda,6.00,0.00,0.06,0,0
vda,3.40,0.00,0.02,0,0
vda,186.20,0.00,0.75,0,3
vda,1.60,0.00,0.01,0,0
vda,5.80,0.00,0.02,0,0
vda,9.80,0.00,2.13,0,10
vda,8.20,0.00,0.03,0,0
vda,13.40,0.00,0.06,0,0
vda,2.60,0.00,0.02,0,0
vda,7.00,0.00,0.05,0,0
vda,184.20,0.00,0.72,0,3
vda,0.60,0.00,0.00,0,0
vda,1.40,0.00,0.01,0,0
vda,12.00,0.00,0.05,0,0
