vda,6.20,0.00,0.02,0,0
vda,131.00,0.00,0.54,0,2
vda,2.40,0.00,0.01,0,0
vda,1.60,0.00,0.01,0,0
vda,5.00,0.00,0.02,0,0
vda,4.20,0.00,0.02,0,0
vda,12.60,0.00,0.25,0,1
vda,5.00,0.00,0.03,0,0
vda,3.79,0.00,0.03,0,0
vda,19.00,0.00,0.07,0,0
vda,174.80,0.00,0.68,0,3
vda,8.00,0.00,0.03,0,0
vda,5.40,0.00,0.02,0,0
vda,13.60,0.00,0.06,0,0
vda,1.80,0.00,0.01,0,0
vda,10.00,0.00,0.06,0,0
vda,26.20,0.00,0.10,0,0
vda,7.20,0.00,0.03,0,0
vda,18.20,0.00,0.27,0,1
vda,175.20,0.00,0.80,0,4
vda,7.40,0.00,0.03,0,0
vda,2.00,0.00,0.01,0,0
vda,14.60,0.00,0.10,0,0
vda,1.20,0.00,0.00,0,0
vda,12.80,0.00,0.05,0,0
vda,8.00,0.00,0.03,0,0
