vda,2.80,0.01,0.01,0,0
vda,1.40,0.00,0.01,0,0
vda,0.00,0.00,0.00,0,0
vda,14.20,0.00,0.07,0,0
vda,4.80,0.01,0.01,0,0
vda,1.00,0.00,0.00,0,0
vda,6.60,0.00,0.03,0,0
vda,17.20,0.28,0.01,1,0
vda,58.00,8.20,0.02,40,0
vda,49.00,18.06,0.01,90,0
vda,54.80,21.00,0.00,105,0
vda,53.00,19.10,0.01,95,0
vda,37.40,13.22,0.01,66,0
vda,68.40,25.29,0.02,126,0
vda,65.40,23.41,0.09,117,0
vda,61.20,20.99,0.03,104,0
vda,51.60,19.37,0.00,96,0
vda,47.80,17.70,0.01,88,0
vda,60.80,22.53,0.01,112,0
vda,36.80,12.90,0.01,64,0
vda,0.40,0.00,0.00,0,0
vda,20.00,0.16,0.05,0,0
vda,3.40,0.00,0.01,0,0
vda,10.40,0.01,3.24,0,16
vda,0.60,0.00,1.30,0,6
vda,4.80,0.00,0.02,0,0
vda,22.40,0.00,11.23,0,56
vda,4.60,0.00,3.71,0,18
vda,15.60,0.00,11.72,0,58
vda,1.80,0.00,3.14,0,15
vda,2.60,0.00,0.01,0,0
vda,0.00,0.00,0.00,0,0
vda,15.00,0.02,0.06,0,0
vda,3.40,0.05,0.00,0,0
vda,22.20,0.00,6.49,0,32
vda,6.60,0.00,2.56,0,12
vda,3.60,0.00,0.01,0,0
vda,12.40,0.00,11.24,0,56
vda,2.20,0.00,4.31,0,21
vda,4.40,0.00,0.02,0,0
vda,2.20,0.00,0.01,0,0
vda,0.00,0.00,0.00,0,0
vda,4.40,0.04,0.01,0,0
vda,16.60,0.00,9.67,0,48
vda,1.80,0.00,3.75,0,18
vda,3.60,0.00,0.01,0,0
vda,10.20,0.00,3.25,0,16
vda,9.20,0.00,12.38,0,61
vda,4.40,0.00,0.02,0,0
vda,14.80,0.00,11.05,0,55
vda,6.20,0.00,3.80,0,18
vda,3.00,0.00,0.01,0,0
vda,3.60,0.02,0.01,0,0
vda,1.40,0.00,0.00,0,0
vda,21.40,0.00,10.76,0,53
vda,6.20,0.00,3.72,0,18
vda,14.80,0.00,11.12,0,55
vda,12.40,0.04,3.62,0,18
vda,16.60,0.00,10.69,0,53
vda,5.80,0.00,3.73,0,18
vda,2.00,0.00,0.01,0,0
vda,2.20,0.03,0.00,0,0
vda,16.80,0.02,0.06,0,0
vda,3.40,0.00,0.01,0,0
vda,31.60,0.00,11.31,0,56
vda,4.20,0.00,4.03,0,20
vda,10.60,0.00,1.65,0,8
vda,9.80,0.00,10.63,0,53
vda,5.00,0.00,2.56,0,12
vda,0.80,0.00,0.00,0,0
vda,1.60,0.00,0.01,0,0
vda,2.60,0.04,0.00,0,0
vda,21.20,0.01,11.12,0,55
vda,6.20,0.00,3.65,0,18
vda,12.40,0.00,11.25,0,56
vda,7.00,0.00,3.96,0,19
vda,4.00,0.00,0.02,0,0
vda,7.60,0.00,10.95,0,54
vda,5.80,0.00,3.62,0,18
vda,1.80,0.00,0.01,0,0
vda,1.60,0.00,0.01,0,0
vda,12.40,0.00,0.05,0,0
vda,12.20,0.18,0.01,0,0
vda,34.40,0.00,9.13,0,45
vda,8.00,0.00,3.13,0,15
vda,17.60,0.00,10.76,0,53
vda,2.60,0.00,3.78,0,18
vda,13.40,0.00,10.67,0,53
vda,5.80,0.00,3.76,0,18
vda,1.60,0.00,0.01,0,0
vda,2.00,0.00,0.01,0,0
vda,2.20,0.00,0.01,0,0
vda,3.00,0.00,0.01,0,0
vda,21.00,0.07,10.56,0,52
vda,7.40,0.00,3.80,0,18
vda,11.60,0.00,11.29,0,56
vda,6.00,0.00,2.93,0,14
vda,3.20,0.00,0.01,0,0
vda,0.00,0.00,0.00,0,0
vda,0.60,0.00,0.00,0,0
vda,1.80,0.00,0.01,0,0
vda,8.00,0.00,2.89,0,14
vda,11.60,0.00,11.07,0,55
vda,5.80,0.05,0.02,0,0
vda,28.60,0.00,10.04,0,50
vda,8.00,0.00,3.74,0,18
vda,19.20,0.00,6.44,0,32
vda,16.20,0.00,11.09,0,55
vda,3.40,0.00,0.01,0,0
vda,10.00,0.00,0.04,0,0
vda,12.40,0.00,0.05,0,0
vda,0.00,0.00,0.00,0,0
vda,32.40,0.02,10.78,0,53
vda,16.00,0.08,3.76,0,18
vda,24.60,0.00,7.58,0,37
vda,10.40,0.00,7.01,0,35
vda,4.60,0.00,0.02,0,0
vda,1.80,0.00,0.01,0,0
vda,0.00,0.00,0.00,0,0
vda,1.60,0.00,0.01,0,0
vda,2.40,0.00,0.02,0,0
vda,19.56,0.02,9.35,0,46
vda,3.60,0.00,1.76,0,8
vda,1.60,0.00,0.01,0,0
vda,0.00,0.00,0.00,0,0
vda,0.60,0.00,0.00,0,0
vda,0.00,0.00,0.00,0,0
vda,0.60,0.00,0.00,0,0
vda,0.80,0.00,0.01,0,0
vda,14.20,0.00,0.07,0,0
vda,0.80,0.00,0.00,0,0
vda,8.20,0.02,0.03,0,0
vda,3.00,0.01,0.01,0,0
vda,8.60,0.00,0.04,0,0
vda,1.60,0.00,0.01,0,0
vda,0.00,0.00,0.00,0,0
vda,0.60,0.00,0.00,0,0
vda,0.00,0.00,0.00,0,0
