vda,0.20,0.00,0.00,0,0
vda,1.40,0.00,0.01,0,0
vda,0.80,0.00,0.01,0,0
vda,1.00,0.00,0.00,0,0
vda,1.20,0.00,0.01,0,0
vda,0.80,0.00,0.00,0,0
vda,19.40,0.00,0.09,0,0
vda,1.20,0.00,0.00,0,0
vda,87.40,6.71,0.03,33,0
vda,183.40,12.70,0.02,63,0
vda,3.00,0.00,0.01,0,0
vda,7.20,0.00,0.03,0,0
vda,3.00,0.00,0.01,0,0
vda,1.80,0.00,0.02,0,0
vda,1.60,0.00,0.06,0,0
vda,9.20,0.00,0.04,0,0
vda,3.60,0.00,0.01,0,0
vda,9.40,0.00,4.05,0,20
vda,8.80,0.01,2.88,0,14
vda,1.00,0.00,0.00,0,0
vda,0.20,0.00,0.00,0,0
vda,2.60,0.00,0.01,0,0
vda,3.40,0.00,0.01,0,0
vda,10.60,0.00,1.50,0,7
vda,12.00,0.00,2.81,0,14
vda,3.60,0.00,0.01,0,0
vda,8.00,0.00,0.03,0,0
vda,15.80,0.02,0.06,0,0
vda,4.00,0.00,5.50,0,27
vda,8.80,0.00,5.64,0,28
vda,4.20,0.00,0.02,0,0
vda,9.20,0.00,0.06,0,0
vda,4.40,0.00,0.02,0,0
vda,12.80,0.00,5.52,0,27
vda,5.40,0.00,5.62,0,28
vda,3.60,0.00,0.02,0,0
vda,7.40,0.00,0.03,0,0
vda,6.80,0.00,2.74,0,13
vda,13.80,0.00,5.68,0,28
vda,4.60,0.00,2.80,0,13
vda,3.20,0.00,0.01,0,0
vda,6.20,0.00,0.03,0,0
vda,8.20,0.00,5.53,0,27
vda,11.00,0.00,5.66,0,28
vda,2.00,0.00,0.01,0,0
vda,13.80,0.00,0.06,0,0
vda,10.20,0.00,0.06,0,0
vda,5.40,0.00,0.03,0,0
vda,1.00,0.00,0.00,0,0
vda,1.40,0.00,0.01,0,0
vda,3.60,0.00,0.01,0,0
vda,5.80,0.00,2.72,0,13
vda,18.80,0.00,5.68,0,28
vda,9.40,0.00,2.83,0,14
vda,4.80,0.01,0.02,0,0
vda,2.40,0.00,0.01,0,0
vda,3.00,0.00,2.72,0,13
vda,13.20,0.00,8.44,0,42
vda,2.80,0.00,0.01,0,0
vda,1.40,0.00,0.01,0,0
vda,14.20,0.00,0.06,0,0
vda,6.00,0.00,1.40,0,6
vda,10.00,0.00,6.99,0,34
vda,4.20,0.00,2.80,0,14
vda,2.00,0.00,0.01,0,0
vda,11.80,0.00,0.05,0,0
vda,1.20,0.00,0.00,0,0
vda,6.80,0.00,0.05,0,0
vda,0.00,0.00,0.00,0,0
vda,7.80,0.00,0.03,0,0
vda,7.00,0.00,0.03,0,0
vda,0.60,0.00,0.01,0,0
vda,1.00,0.00,0.00,0,0
vda,1.20,0.00,0.00,0,0
vda,6.20,0.01,0.03,0,0
vda,1.40,0.00,0.01,0,0
vda,0.60,0.00,0.00,0,0
vda,0.80,0.00,0.01,0,0
vda,1.00,0.00,0.00,0,0
