2222172.0,1228544.0,27732.0
1738798.6667,1229637.8667,27900.0
1704272.0,1229716.0,27912.0
442831.73333,1361168.5333,27960.533333
248764.0,1381392.0,27968.0
248764.0,1381392.0,27968.0
134506.13333,1402639.2,28020.0
116928.0,1405908.0,28028.0
116928.0,1405908.0,28028.0
224630.93333,1371639.7333,28076.533333
232324.0,1369192.0,28080.0
150746.93333,1427514.1333,28128.533333
144920.0,1431680.0,28132.0
132036.8,1444582.4,28164.0
132036.8,1444582.4,28164.0
120764.0,1455872.0,28192.0
118912.26667,1456851.2,28224.0
118912.26667,1456851.2,28224.0
117292.0,1457708.0,28252.0
136028.0,1438530.9333,28258.4
257812.0,1313880.0,28300.0
249309.06667,1322205.8667,28305.866667
194040.0,1376324.0,28344.0
194040.0,1376324.0,28344.0
185164.26667,1384652.5333,28350.933333
127472.0,1438788.0,28396.0
127472.0,1438788.0,28396.0
127573.6,1438377.0667,28400.0
128996.0,1432624.0,28456.0
146263.2,1415162.1333,28459.2
388004.0,1170696.0,28504.0
388004.0,1170696.0,28504.0
388004.0,1170696.0,28504.0
