vda,1.20,0.00,0.01,0,0
vda,29.40,0.00,0.13,0,0
vda,0.80,0.00,0.00,0,0
vda,0.00,0.00,0.00,0,0
vda,2.20,0.00,0.01,0,0
vda,1.00,0.00,0.00,0,0
vda,1.00,0.00,0.01,0,0
vda,1.40,0.00,0.01,0,0
vda,0.00,0.00,0.00,0,0
vda,11.00,0.00,0.05,0,0
vda,0.00,0.00,0.00,0,0
vda,0.60,0.00,0.00,0,0
vda,267.00,3.35,0.01,16,0
vda,356.80,4.08,0.03,20,0
vda,284.20,8.41,0.02,42,0
vda,40.00,8.13,0.00,40,0
vda,144.60,1.28,0.04,6,0
vda,6.80,0.04,0.02,0,0
vda,21.20,0.00,1.44,0,7
vda,4.80,0.00,0.02,0,0
vda,6.60,0.01,0.02,0,0
vda,0.00,0.00,0.00,0,0
vda,13.40,0.01,0.05,0,0
vda,0.00,0.00,0.00,0,0
vda,5.40,0.00,0.03,0,0
vda,11.18,0.00,0.08,0,0
vda,1.40,0.09,0.00,0,0
vda,6.60,0.00,0.03,0,0
vda,0.00,0.00,0.00,0,0
vda,7.80,0.00,0.03,0,0
vda,1.40,0.00,0.01,0,0
vda,2.20,0.00,0.01,0,0
vda,9.40,0.00,0.05,0,0
vda,0.80,0.00,0.00,0,0
vda,0.00,0.00,0.00,0,0
