vda,0.40,0.00,0.00,0,0
vda,1.80,0.00,0.01,0,0
vda,20.80,0.00,0.09,0,0
vda,2.40,0.00,0.01,0,0
vda,0.80,0.00,0.00,0,0
vda,0.00,0.00,0.00,0,0
vda,0.80,0.00,0.00,0,0
vda,11.20,0.00,0.05,0,0
vda,1.40,0.00,0.01,0,0
vda,8.60,0.00,0.04,0,0
vda,1.00,0.00,0.00,0,0
vda,1.00,0.00,0.00,0,0
vda,267.40,3.37,0.02,16,0
vda,333.60,3.93,0.02,19,0
vda,321.00,12.11,0.02,60,0
vda,12.20,0.11,0.11,0,0
vda,142.60,1.32,0.02,6,0
vda,14.60,0.01,0.05,0,0
vda,29.00,0.00,0.98,0,4
vda,15.80,0.00,0.06,0,0
vda,10.20,0.00,0.04,0,0
vda,9.60,0.09,0.04,0,0
vda,0.00,0.00,0.00,0,0
vda,8.60,0.00,0.05,0,0
vda,0.80,0.00,0.00,0,0
vda,2.40,0.00,0.01,0,0
vda,10.60,0.00,0.05,0,0
vda,1.60,0.00,0.01,0,0
vda,0.00,0.00,0.00,0,0
vda,0.80,0.00,0.00,0,0
