vda,31.20,0.34,0.01,1,0
vda,1.20,0.00,0.00,0,0
vda,22.00,0.00,0.11,0,0
vda,1.60,0.00,0.01,0,0
vda,0.00,0.00,0.00,0,0
vda,0.80,0.00,0.00,0,0
vda,0.00,0.00,0.00,0,0
vda,329.00,4.11,0.00,20,0
vda,190.40,2.11,0.02,10,0
vda,327.60,4.39,0.02,21,0
vda,176.80,1.71,0.03,8,0
vda,13.20,0.00,0.05,0,0
vda,13.00,0.09,0.06,0,0
vda,5.60,0.00,0.02,0,0
vda,14.20,0.00,0.10,0,0
vda,1.60,0.00,0.01,0,0
vda,1.60,0.00,0.01,0,0
vda,2.20,0.00,0.01,0,0
vda,2.60,0.00,0.01,0,0
vda,1.00,0.00,0.00,0,0
vda,3.00,0.00,0.01,0,0
vda,10.60,0.00,0.05,0,0
