vda,1.20,0.00,0.01,0,0
vda,28.80,0.00,0.13,0,0
vda,2.00,0.00,0.01,0,0
vda,2.00,0.00,0.01,0,0
vda,1.80,0.00,0.01,0,0
vda,1.80,0.00,0.01,0,0
vda,3.40,0.00,0.02,0,0
vda,2.00,0.00,0.01,0,0
vda,1.80,0.00,0.01,0,0
vda,2.60,0.00,0.01,0,0
vda,12.00,0.00,0.05,0,0
vda,0.20,0.00,0.00,0,0
vda,283.80,3.47,0.02,17,0
vda,238.20,2.74,0.02,13,0
vda,241.60,3.46,0.04,17,0
vda,136.00,1.48,0.09,7,0
vda,136.20,1.17,0.02,5,0
vda,14.60,0.00,0.06,0,0
vda,8.40,0.09,0.04,0,0
vda,1.80,0.00,0.01,0,0
vda,10.80,0.00,0.08,0,0
vda,3.60,0.00,0.01,0,0
vda,2.00,0.00,0.01,0,0
vda,12.20,0.00,0.05,0,0
vda,18.00,0.09,0.01,0,0
vda,1.80,0.00,0.01,0,0
vda,1.80,0.00,0.01,0,0
