vda,2.60,0.00,0.01,0,0
vda,15.40,0.00,0.08,0,0
vda,0.80,0.00,0.00,0,0
vda,0.00,0.00,0.00,0,0
vda,0.80,0.00,0.00,0,0
vda,0.00,0.00,0.00,0,0
vda,2.80,0.00,0.01,0,0
vda,29.60,0.49,0.01,2,0
vda,29.60,1.75,0.04,8,0
vda,66.60,24.36,0.02,121,0
vda,159.60,9.90,0.00,49,0
vda,215.60,6.61,0.01,33,0
vda,51.60,14.09,0.04,70,0
vda,78.20,25.40,0.03,127,0
vda,142.20,15.79,0.05,78,0
vda,254.80,5.32,0.04,26,0
vda,117.80,2.96,0.03,14,0
vda,10.40,0.16,0.00,0,0
vda,4.20,0.00,0.02,0,0
vda,3.20,0.00,0.02,0,0
vda,1.80,0.00,0.01,0,0
vda,20.20,0.00,9.69,0,48
vda,6.60,0.00,3.77,0,18
vda,4.00,0.00,0.02,0,0
vda,3.20,0.00,0.01,0,0
vda,5.60,0.01,0.02,0,0
vda,2.00,0.00,0.01,0,0
vda,12.80,0.00,0.06,0,0
vda,6.00,0.00,0.05,0,0
vda,3.00,0.00,0.01,0,0
vda,2.60,0.00,0.01,0,0
vda,5.80,0.00,0.02,0,0
vda,15.40,0.00,12.84,0,64
vda,7.00,0.00,5.14,0,25
vda,4.40,0.00,0.02,0,0
vda,5.40,0.02,0.02,0,0
vda,2.00,0.00,0.01,0,0
vda,7.60,0.00,0.03,0,0
vda,3.00,0.00,0.01,0,0
vda,15.20,0.00,10.33,0,51
vda,9.40,0.00,12.89,0,64
vda,4.80,0.00,0.02,0,0
vda,3.00,0.00,0.01,0,0
vda,3.60,0.00,0.01,0,0
vda,4.40,0.00,0.02,0,0
vda,5.20,0.00,0.03,0,0
vda,5.20,0.00,2.28,0,11
vda,7.40,0.00,2.32,0,11
vda,7.80,0.00,4.57,0,22
vda,6.60,0.00,5.24,0,26
vda,9.60,0.00,0.04,0,0
vda,5.80,0.00,1.62,0,8
vda,14.60,0.00,15.69,0,78
vda,13.60,0.03,6.53,0,32
vda,2.00,0.06,0.00,0,0
vda,15.20,0.00,0.06,0,0
vda,1.60,0.00,0.01,0,0
vda,3.20,0.00,0.01,0,0
vda,6.40,0.00,1.13,0,5
vda,13.00,0.00,2.94,0,14
vda,6.00,0.00,0.03,0,0
vda,3.60,0.00,0.01,0,0
vda,10.20,0.00,6.41,0,32
vda,19.60,0.00,18.50,0,92
vda,3.40,0.00,0.01,0,0
vda,2.40,0.00,0.01,0,0
vda,4.00,0.00,0.02,0,0
vda,2.60,0.00,0.01,0,0
vda,3.80,0.00,2.21,0,11
vda,17.40,0.00,2.35,0,11
vda,11.80,0.00,20.93,0,104
vda,4.60,0.00,0.02,0,0
vda,1.60,0.00,0.01,0,0
vda,2.00,0.00,0.01,0,0
vda,5.40,0.00,0.02,0,0
vda,5.20,0.00,0.03,0,0
vda,2.20,0.00,5.22,0,26
vda,9.20,0.00,0.04,0,0
vda,18.20,0.00,16.06,0,80
vda,9.40,0.00,6.52,0,32
vda,16.80,0.00,0.07,0,0
vda,1.80,0.00,0.01,0,0
vda,0.00,0.00,0.00,0,0
vda,2.80,0.00,0.01,0,0
vda,6.40,0.01,0.03,0,0
vda,7.20,0.00,4.56,0,22
vda,11.20,0.00,0.74,0,3
vda,24.00,0.00,16.06,0,80
vda,8.40,0.00,6.52,0,32
vda,0.20,0.00,0.00,0,0
vda,0.60,0.00,0.00,0,0
vda,1.80,0.00,0.01,0,0
vda,0.80,0.00,0.00,0,0
vda,9.80,0.00,0.05,0,0
vda,8.60,0.00,5.25,0,26
vda,4.20,0.00,0.02,0,0
vda,19.00,0.00,11.26,0,56
vda,9.80,0.00,11.32,0,56
vda,4.00,0.00,0.02,0,0
vda,0.00,0.00,0.00,0,0
vda,1.80,0.00,0.01,0,0
vda,14.00,0.00,0.05,0,0
vda,5.20,0.00,0.03,0,0
vda,7.80,0.00,0.06,0,0
vda,10.00,0.00,0.04,0,0
vda,3.20,0.00,0.01,0,0
vda,30.00,0.00,16.07,0,80
vda,6.00,0.00,6.50,0,32
vda,4.00,0.02,0.01,0,0
vda,1.80,0.00,0.01,0,0
vda,0.80,0.00,0.00,0,0
vda,0.00,0.00,0.00,0,0
vda,2.00,0.00,0.02,0,0
vda,5.40,0.00,2.36,0,11
vda,4.60,0.00,2.88,0,14
vda,2.60,0.00,0.01,0,0
vda,0.00,0.00,0.00,0,0
vda,0.60,0.00,0.00,0,0
vda,2.00,0.07,0.01,0,0
vda,6.80,0.00,0.03,0,0
vda,8.80,0.00,0.04,0,0
vda,5.60,0.00,0.03,0,0
vda,1.40,0.00,0.01,0,0
vda,0.00,0.00,0.00,0,0
vda,1.60,0.00,0.01,0,0
vda,1.20,0.00,0.00,0,0
vda,0.00,0.00,0.00,0,0
vda,1.00,0.00,0.00,0,0
