vda,17.00,0.09,0.00,0,0
vda,1.00,0.00,0.00,0,0
vda,0.00,0.00,0.00,0,0
vda,28.80,0.27,0.01,1,0
vda,3.60,0.07,0.01,0,0
vda,2.60,0.00,0.01,0,0
vda,18.80,0.00,0.09,0,0
vda,2.00,0.00,0.01,0,0
vda,0.00,0.00,0.00,0,0
vda,1.40,0.00,0.01,0,0
vda,1.00,0.00,0.00,0,0
vda,2.60,0.00,0.01,0,0
vda,204.00,2.50,0.00,12,0
vda,307.60,3.68,0.01,18,0
vda,214.00,3.20,0.01,16,0
vda,299.60,2.91,0.14,14,0
vda,14.00,0.02,0.04,0,0
vda,15.80,0.09,0.06,0,0
vda,6.60,0.00,0.04,0,0
vda,9.00,0.00,0.07,0,0
vda,1.00,0.00,0.00,0,0
vda,0.00,0.00,0.00,0,0
vda,2.60,0.00,0.01,0,0
vda,16.40,0.09,0.00,0,0
vda,15.80,0.00,0.07,0,0
vda,1.40,0.00,0.01,0,0
vda,0.00,0.00,0.00,0,0
