vda,1.20,0.00,0.01,0,0
vda,25.40,0.00,0.11,0,0
vda,0.80,0.00,0.00,0,0
vda,0.00,0.00,0.00,0,0
vda,2.00,0.00,0.01,0,0
vda,1.40,0.00,0.01,0,0
vda,10.60,0.00,0.05,0,0
vda,333.40,4.13,0.01,20,0
vda,186.60,2.08,0.03,10,0
vda,341.52,4.59,0.02,22,0
vda,166.80,1.64,0.01,8,0
vda,15.20,0.05,0.03,0,0
vda,17.00,0.09,0.07,0,0
vda,6.80,0.00,0.03,0,0
vda,18.20,0.00,0.11,0,0
vda,22.20,0.16,0.00,0,0
vda,1.60,0.00,0.01,0,0
vda,8.60,0.05,0.00,0,0
vda,0.80,0.00,0.00,0,0
vda,0.00,0.00,0.00,0,0
vda,1.20,0.00,0.01,0,0
vda,14.00,0.00,0.06,0,0
vda,2.00,0.00,0.01,0,0
vda,0.00,0.00,0.00,0,0
vda,2.40,0.00,0.01,0,0
vda,1.00,0.00,0.00,0,0
vda,0.80,0.00,0.01,0,0
