vda,2.20,0.00,0.01,0,0
vda,0.00,0.00,0.00,0,0
vda,20.40,0.03,0.10,0,0
vda,1.40,0.00,0.01,0,0
vda,0.00,0.00,0.00,0,0
vda,0.60,0.00,0.00,0,0
vda,7.60,0.00,0.03,0,0
vda,135.20,1.98,0.00,9,0
vda,217.40,2.42,0.02,12,0
vda,77.40,25.84,0.02,129,0
vda,48.80,16.66,0.00,83,0
vda,57.40,19.78,0.02,98,0
vda,57.20,20.51,0.02,102,0
vda,71.40,23.79,0.05,118,0
vda,61.00,22.16,0.02,110,0
vda,61.80,23.79,0.05,118,0
vda,59.60,21.57,0.01,107,0
vda,55.00,18.17,0.03,90,0
vda,54.00,18.96,0.02,94,0
vda,6.40,0.11,0.01,0,0
vda,55.40,0.58,0.04,2,0
vda,4.40,0.03,0.01,0,0
vda,4.60,0.01,0.01,0,0
vda,0.00,0.00,0.00,0,0
vda,16.60,0.00,3.27,0,16
vda,7.80,0.00,8.12,0,40
vda,3.60,0.00,0.01,0,0
vda,2.60,0.00,0.01,0,0
vda,1.80,0.00,0.01,0,0
vda,22.40,0.05,4.08,0,20
vda,7.00,0.00,9.61,0,48
vda,3.40,0.00,0.01,0,0
vda,0.20,0.00,0.00,0,0
vda,3.40,0.00,0.01,0,0
vda,16.60,0.00,4.86,0,24
vda,11.80,0.00,12.04,0,60
vda,4.00,0.01,0.01,0,0
vda,2.80,0.00,0.01,0,0
vda,13.80,0.00,0.05,0,0
vda,1.00,0.00,0.00,0,0
vda,3.60,0.00,0.01,0,0
vda,5.00,0.00,0.03,0,0
vda,16.00,0.00,4.26,0,21
vda,13.00,0.00,10.03,0,50
vda,2.00,0.00,0.01,0,0
vda,2.60,0.00,0.01,0,0
vda,2.59,0.00,0.01,0,0
vda,11.80,0.00,10.22,0,51
vda,11.80,0.00,8.96,0,44
vda,3.00,0.00,0.01,0,0
vda,0.00,0.00,0.00,0,0
vda,2.80,0.00,0.01,0,0
vda,2.20,0.00,0.01,0,0
vda,16.20,0.00,4.07,0,20
vda,5.60,0.00,10.03,0,50
vda,0.00,0.00,0.00,0,0
vda,2.40,0.00,0.01,0,0
vda,0.00,0.00,0.00,0,0
vda,10.40,0.00,4.04,0,20
vda,9.40,0.00,10.10,0,50
vda,3.80,0.00,0.01,0,0
vda,0.00,0.00,0.00,0,0
vda,2.80,0.00,0.01,0,0
vda,22.00,0.00,9.85,0,49
vda,5.60,0.00,9.42,0,47
vda,2.20,0.00,0.01,0,0
vda,2.80,0.00,0.01,0,0
vda,11.40,0.00,4.05,0,20
vda,9.20,0.00,10.05,0,50
vda,12.00,0.02,0.04,0,0
vda,1.20,0.00,0.00,0,0
vda,1.20,0.00,0.00,0,0
vda,2.80,0.00,0.01,0,0
vda,5.00,0.00,0.03,0,0
vda,22.60,0.00,4.10,0,20
vda,7.80,0.00,10.00,0,50
vda,2.80,0.00,0.01,0,0
vda,8.60,0.00,4.03,0,20
vda,8.20,0.00,9.78,0,48
vda,7.00,0.03,0.02,0,0
vda,3.80,0.00,0.01,0,0
vda,14.60,0.00,4.06,0,20
vda,6.40,0.00,10.00,0,50
vda,3.00,0.00,0.01,0,0
vda,2.40,0.00,0.01,0,0
vda,1.40,0.00,0.01,0,0
vda,0.80,0.00,0.00,0,0
vda,1.60,0.00,0.01,0,0
vda,7.40,0.04,2.74,0,13
vda,15.60,0.03,2.88,0,14
vda,3.80,0.00,0.01,0,0
vda,10.40,0.00,4.03,0,20
vda,15.40,0.00,10.02,0,50
vda,2.80,0.00,0.01,0,0
vda,11.40,0.00,4.03,0,20
vda,16.00,0.00,9.78,0,48
vda,3.40,0.00,0.01,0,0
vda,16.40,0.00,0.06,0,0
vda,24.60,0.04,4.10,0,20
vda,22.80,0.03,10.01,0,50
vda,3.40,0.00,0.01,0,0
vda,1.40,0.00,0.01,0,0
vda,6.40,0.14,0.00,0,0
vda,1.20,0.00,0.00,0,0
vda,4.00,0.00,0.02,0,0
vda,23.20,0.00,8.89,0,44
vda,5.20,0.00,8.05,0,40
vda,7.00,0.06,0.02,0,0
vda,3.40,0.00,0.01,0,0
vda,15.40,0.00,4.06,0,20
vda,7.40,0.00,9.63,0,48
vda,1.60,0.00,0.01,0,0
vda,8.80,0.00,4.04,0,20
vda,7.60,0.00,10.06,0,50
vda,27.60,0.61,0.01,3,0
vda,2.20,0.00,0.01,0,0
vda,3.60,0.00,0.01,0,0
vda,9.80,0.00,0.04,0,0
vda,1.80,0.00,0.01,0,0
vda,31.80,0.00,4.14,0,20
vda,19.00,0.00,9.97,0,49
vda,0.00,0.00,0.00,0,0
vda,10.00,0.00,3.23,0,16
vda,14.20,0.00,7.97,0,39
vda,3.60,0.00,0.01,0,0
vda,1.80,0.00,0.01,0,0
vda,24.00,0.00,7.95,0,39
vda,5.40,0.00,6.53,0,32
vda,0.20,0.00,0.00,0,0
vda,17.40,0.00,3.68,0,18
vda,10.60,0.00,7.42,0,37
vda,3.00,0.00,0.01,0,0
vda,2.00,0.00,0.01,0,0
vda,0.80,0.00,0.00,0,0
vda,0.00,0.00,0.00,0,0
vda,4.20,0.00,2.31,0,11
vda,23.20,0.00,3.29,0,16
vda,14.40,0.00,8.08,0,40
vda,3.40,0.00,0.01,0,0
vda,2.00,0.00,0.01,0,0
vda,10.60,0.00,3.33,0,16
vda,14.60,0.00,7.79,0,38
vda,3.20,0.00,0.01,0,0
vda,0.00,0.00,0.00,0,0
vda,12.40,0.00,3.29,0,16
vda,21.20,0.00,7.84,0,39
vda,18.80,0.00,3.26,0,16
vda,17.00,0.00,7.99,0,39
vda,3.20,0.00,0.01,0,0
vda,13.00,0.00,0.05,0,0
vda,0.60,0.00,0.00,0,0
vda,0.20,0.00,0.00,0,0
vda,13.80,0.00,3.26,0,16
vda,17.80,0.00,7.98,0,39
vda,6.60,0.02,0.02,0,0
vda,19.20,0.00,3.26,0,16
vda,14.60,0.00,7.97,0,39
vda,4.20,0.00,0.02,0,0
vda,0.00,0.00,0.00,0,0
vda,11.40,0.00,3.28,0,16
vda,7.00,0.00,4.79,0,23
vda,8.00,0.00,6.54,0,32
vda,3.20,0.00,0.01,0,0
vda,9.60,0.00,4.03,0,20
vda,19.00,0.01,9.21,0,46
vda,3.00,0.02,0.01,0,0
vda,1.40,0.00,0.01,0,0
vda,0.80,0.00,0.00,0,0
vda,0.00,0.00,0.00,0,0
vda,21.40,0.00,3.28,0,16
vda,18.00,0.00,8.13,0,40
vda,3.40,0.00,0.01,0,0
vda,1.80,0.00,0.01,0,0
vda,16.00,0.03,3.38,0,16
vda,13.20,0.00,7.73,0,38
vda,3.60,0.00,0.01,0,0
vda,17.00,0.00,3.26,0,16
vda,16.20,0.00,7.80,0,38
vda,3.00,0.00,0.01,0,0
vda,9.80,0.00,3.22,0,16
vda,17.60,0.00,8.05,0,40
vda,3.20,0.00,0.01,0,0
vda,0.00,0.00,0.00,0,0
vda,13.40,0.03,0.05,0,0
vda,9.80,0.03,0.03,0,0
vda,2.40,0.00,0.02,0,0
vda,6.20,0.00,0.06,0,0
vda,0.60,0.00,0.00,0,0
vda,0.20,0.00,0.00,0,0
vda,0.60,0.00,0.00,0,0
vda,8.40,0.00,0.04,0,0
vda,1.20,0.00,0.00,0,0
vda,8.80,0.00,0.04,0,0
vda,1.80,0.00,0.01,0,0
vda,8.00,0.00,0.04,0,0
vda,1.20,0.00,0.00,0,0
vda,0.80,0.00,0.00,0,0
vda,0.00,0.00,0.00,0,0
vda,0.60,0.00,0.00,0,0
vda,2.40,0.11,0.00,0,0
vda,6.40,0.00,0.03,0,0
vda,5.20,0.00,0.02,0,0
vda,9.80,0.00,0.04,0,0
vda,1.20,0.00,0.00,0,0
vda,0.20,0.00,0.00,0,0
vda,0.60,0.00,0.00,0,0
vda,0.00,0.00,0.00,0,0
vda,0.60,0.00,0.00,0,0
