4768272.0,2713732.0,21444.0
4394547.7333,2721916.5333,21449.333333
1965340.0,2775116.0,21484.0
1965340.0,2775116.0,21484.0
1888060.5333,2789830.1333,21486.666667
806148.0,2995828.0,21524.0
806148.0,2995828.0,21524.0
762865.33333,3010993.8667,21528.8
481528.0,3109572.0,21560.0
484124.53333,3106158.9333,21562.133333
520476.0,3058376.0,21592.0
520476.0,3058376.0,21592.0
513549.86667,3065407.4667,21593.866667
416584.0,3163848.0,21620.0
407443.2,3172868.2667,21622.666667
279472.0,3299152.0,21660.0
279472.0,3299152.0,21660.0
270219.2,3306507.2,21661.6
140680.0,3409480.0,21684.0
140680.0,3409480.0,21684.0
141145.06667,3408751.4667,21685.866667
147656.0,3398552.0,21712.0
147656.0,3398552.0,21712.0
146974.13333,3398321.3333,21714.666667
137428.0,3395092.0,21752.0
137180.53333,3394471.7333,21756.8
135572.0,3390440.0,21788.0
135572.0,3390440.0,21788.0
159125.6,3367001.0667,21790.4
488876.0,3038856.0,21824.0
488876.0,3038856.0,21824.0
469364.53333,3054692.2667,21828.266667
342540.0,3157628.0,21856.0
326325.6,3174714.4,21862.4
220932.0,3285776.0,21904.0
220932.0,3285776.0,21904.0
215620.8,3290162.1333,21905.333333
141264.0,3351568.0,21924.0
141264.0,3351568.0,21924.0
141202.66667,3350180.2667,21928.8
140804.0,3341160.0,21960.0
476780.8,3272019.7333,21961.866667
5180456.0,2304056.0,21988.0
