vda,0.20,0.00,0.00,0,0
vda,2.40,0.00,0.01,0,0
vda,28.40,0.00,0.13,0,0
vda,2.80,0.00,0.01,0,0
vda,2.00,0.00,0.01,0,0
vda,5.40,0.00,0.03,0,0
vda,2.20,0.00,0.01,0,0
vda,435.20,5.28,0.03,26,0
vda,445.00,5.52,0.13,27,0
vda,78.40,14.06,0.02,70,0
vda,139.40,1.29,0.01,6,0
vda,23.60,0.04,0.15,0,0
vda,8.80,0.09,0.04,0,0
vda,1.80,0.00,0.01,0,0
vda,1.80,0.00,0.01,0,0
vda,0.00,0.00,0.00,0,0
vda,4.00,0.00,0.02,0,0
vda,0.60,0.00,0.01,0,0
vda,10.20,0.00,0.05,0,0
vda,2.60,0.00,0.01,0,0
vda,1.80,0.00,0.01,0,0
vda,11.40,0.00,0.05,0,0
vda,2.20,0.00,0.01,0,0
vda,4.00,0.00,0.02,0,0
vda,2.20,0.00,0.01,0,0
vda,1.80,0.00,0.01,0,0
