vda,0.80,0.00,0.01,0,0
vda,0.40,0.00,0.00,0,0
vda,0.80,0.00,0.00,0,0
vda,0.40,0.00,0.00,0,0
vda,2.60,0.00,0.01,0,0
vda,0.60,0.00,0.00,0,0
vda,1.00,0.00,0.01,0,0
vda,0.00,0.00,0.00,0,0
vda,5.60,0.54,0.02,2,0
vda,12.57,1.44,0.02,7,0
vda,11.00,1.68,0.00,8,0
vda,13.60,2.10,0.00,10,0
vda,8.20,0.53,0.03,2,0
vda,5.40,0.59,0.02,2,0
vda,1.40,0.00,0.09,0,0
vda,0.80,0.00,0.05,0,0
vda,0.60,0.00,0.01,0,0
vda,0.60,0.00,0.03,0,0
vda,0.60,0.00,0.00,0,0
vda,10.20,0.00,0.06,0,0
vda,1.00,0.00,0.01,0,0
vda,0.40,0.00,0.00,0,0
vda,0.40,0.00,0.00,0,0
vda,0.20,0.00,0.00,0,0
vda,1.20,0.00,0.01,0,0
vda,0.40,0.00,0.01,0,0
