vda,31.60,0.34,0.01,1,0
vda,1.20,0.00,0.00,0,0
vda,0.00,0.00,0.00,0,0
vda,0.80,0.00,0.00,0,0
vda,0.00,0.00,0.00,0,0
vda,1.20,0.00,0.01,0,0
vda,43.00,0.12,0.12,0,0
vda,214.60,2.62,0.01,13,0
vda,292.00,3.52,0.01,17,0
vda,233.20,3.33,0.02,16,0
vda,238.80,2.43,0.03,12,0
vda,52.60,0.38,0.04,1,0
vda,8.40,0.00,0.03,0,0
vda,29.40,0.09,0.15,0,0
vda,8.20,0.03,0.04,0,0
vda,0.00,0.00,0.00,0,0
vda,1.00,0.00,0.00,0,0
vda,1.60,0.00,0.01,0,0
vda,1.00,0.00,0.00,0,0
vda,0.80,0.00,0.00,0,0
vda,6.80,0.00,0.05,0,0
vda,2.40,0.00,0.01,0,0
vda,1.20,0.00,0.00,0,0
