2215268.0,1192964.0,30492.0
1179127.2,1193296.8,30607.2
920092.0,1193380.0,30636.0
920092.0,1193380.0,30636.0
522226.4,1257857.6,30677.066667
377548.0,1281304.0,30692.0
413394.4,1295172.8,30743.2
422356.0,1298640.0,30756.0
422356.0,1298640.0,30756.0
358667.46667,1360823.7333,30797.066667
335508.0,1383436.0,30812.0
335508.0,1383436.0,30812.0
327250.66667,1321284.5333,30858.933333
324248.0,1298684.0,30876.0
263214.13333,1360864.8,30911.2
241020.0,1383476.0,30924.0
241020.0,1383476.0,30924.0
189243.73333,1433512.8,30953.333333
170416.0,1451708.0,30964.0
170416.0,1451708.0,30964.0
262278.4,1356466.4,30992.8
285244.0,1332656.0,31000.0
272657.06667,1345245.8667,31032.266667
268080.0,1349824.0,31044.0
268080.0,1349824.0,31044.0
