3109900.0,444828.0,4428.0
2381418.4,494070.66667,4510.1333333
2329384.0,497588.0,4516.0
2329384.0,497588.0,4516.0
124420.0,1258204.0,4568.0
124420.0,1258204.0,4568.0
131909.06667,963621.6,4638.9333333
132444.0,942580.0,4644.0
132444.0,942580.0,4644.0
246516.0,883660.0,4700.0
246516.0,883660.0,4700.0
246516.0,883660.0,4700.0
139568.0,960056.0,4776.0
139568.0,960056.0,4776.0
557136.0,549392.0,4828.0
557136.0,549392.0,4828.0
557136.0,549392.0,4828.0
306820.0,776888.0,4908.0
306820.0,776888.0,4908.0
306820.0,776888.0,4908.0
2869951.2,517981.33333,4971.4666667
