vda,2.79,0.00,0.01,0,0
vda,1.00,0.00,0.00,0,0
vda,21.00,0.00,0.10,0,0
vda,2.20,0.00,0.01,0,0
vda,1.00,0.00,0.01,0,0
vda,1.20,0.00,0.01,0,0
vda,1.40,0.00,0.01,0,0
vda,3.40,0.00,0.01,0,0
vda,5.80,0.00,0.02,0,0
vda,5.00,0.00,0.02,0,0
vda,4.40,0.00,0.02,0,0
vda,2.60,0.00,0.01,0,0
vda,13.80,0.00,0.11,0,0
vda,1.40,0.00,0.01,0,0
vda,0.00,0.00,0.00,0,0
vda,4.80,0.00,0.03,0,0
vda,1.20,0.00,0.00,0,0
vda,2.80,0.00,0.01,0,0
vda,2.60,0.00,0.01,0,0
vda,2.80,0.00,0.01,0,0
vda,3.80,0.00,0.01,0,0
vda,1.00,0.00,0.01,0,0
vda,1.40,0.00,0.01,0,0
vda,4.60,0.00,0.02,0,0
vda,3.20,0.00,0.01,0,0
vda,11.40,0.00,0.05,0,0
vda,6.60,0.00,3.70,0,18
vda,8.60,0.00,2.55,0,12
vda,3.00,0.00,0.01,0,0
vda,0.00,0.00,0.00,0,0
vda,8.40,0.00,0.03,0,0
vda,2.40,0.00,0.01,0,0
vda,0.80,0.00,0.01,0,0
vda,6.20,0.00,0.05,0,0
vda,10.80,0.00,0.04,0,0
vda,4.20,0.00,0.02,0,0
vda,7.20,0.00,3.74,0,18
vda,4.60,0.00,2.36,0,11
vda,5.80,0.00,0.02,0,0
vda,3.20,0.00,0.01,0,0
vda,1.60,0.00,0.01,0,0
vda,7.20,0.00,0.03,0,0
vda,1.80,0.00,0.01,0,0
vda,9.00,0.00,0.05,0,0
vda,9.60,0.00,2.15,0,10
vda,2.80,0.00,1.04,0,5
vda,2.20,0.00,0.01,0,0
vda,4.80,0.00,0.02,0,0
vda,4.00,0.00,0.02,0,0
vda,2.20,0.00,3.15,0,15
vda,7.40,0.00,0.03,0,0
vda,6.00,0.00,0.03,0,0
vda,3.40,0.00,0.01,0,0
vda,8.60,0.00,2.15,0,10
vda,4.80,0.00,1.06,0,5
vda,4.20,0.00,0.02,0,0
vda,4.80,0.00,0.02,0,0
vda,8.40,0.00,0.04,0,0
vda,0.40,0.00,0.00,0,0
vda,5.60,0.00,0.02,0,0
vda,3.80,0.00,0.02,0,0
vda,2.80,0.00,0.01,0,0
vda,7.40,0.00,0.03,0,0
vda,3.60,0.00,0.01,0,0
vda,6.60,0.00,0.03,0,0
vda,0.60,0.00,0.00,0,0
vda,2.20,0.00,0.01,0,0
vda,7.40,0.00,0.03,0,0
vda,9.40,0.00,0.04,0,0
vda,0.00,0.00,0.00,0,0
vda,7.40,0.00,0.04,0,0
vda,1.80,0.00,0.01,0,0
vda,1.00,0.00,0.00,0,0
vda,0.00,0.00,0.00,0,0
vda,0.60,0.00,0.00,0,0
vda,0.00,0.00,0.00,0,0
