vda,14.20,0.01,0.06,0,0
vda,195.60,0.00,0.79,0,3
vda,2.20,0.00,0.01,0,0
vda,5.00,0.00,0.02,0,0
vda,7.40,0.00,0.22,0,1
vda,3.40,0.00,0.01,0,0
vda,0.00,0.00,0.00,0,0
vda,6.40,0.00,0.03,0,0
vda,2.20,0.00,0.01,0,0
vda,196.40,0.00,0.77,0,3
vda,4.20,0.01,0.01,0,0
vda,4.20,0.00,0.02,0,0
vda,11.60,0.00,0.05,0,0
vda,7.60,0.00,0.03,0,0
vda,2.00,0.00,0.01,0,0
vda,6.20,0.39,0.02,1,0
vda,35.00,0.00,0.36,0,1
vda,3.20,0.00,0.01,0,0
vda,121.00,0.00,0.49,0,2
vda,2.59,0.00,0.10,0,0
vda,7.60,0.01,0.02,0,0
vda,11.60,0.00,0.05,0,0
vda,2.00,0.00,0.01,0,0
vda,11.60,0.00,0.08,0,0
vda,29.20,0.00,0.12,0,0
vda,5.80,0.00,0.02,0,0
vda,5.60,0.00,0.02,0,0
vda,240.20,0.00,1.00,0,5
vda,8.00,0.00,0.23,0,1
vda,3.60,0.00,0.01,0,0
vda,16.20,0.00,0.10,0,0
vda,17.40,0.00,0.07,0,0
vda,0.60,0.00,0.00,0,0
vda,5.60,0.00,0.02,0,0
vda,3.20,0.00,0.07,0,0
vda,7.80,0.00,0.03,0,0
vda,178.80,0.00,0.71,0,3
vda,6.60,0.00,0.04,0,0
vda,1.60,0.00,0.01,0,0
vda,24.60,0.02,0.09,0,0
vda,15.20,0.00,0.26,0,1
vda,4.00,0.00,0.05,0,0
vda,4.80,0.00,0.02,0,0
vda,140.60,0.00,0.58,0,2
vda,1.80,0.00,0.01,0,0
vda,5.00,0.00,0.02,0,0
vda,0.00,0.00,0.00,0,0
vda,1.20,0.00,0.00,0,0
vda,195.80,0.00,0.77,0,3
