vda,0.20,0.00,0.00,0,0
vda,208.20,0.00,0.84,0,4
vda,2.20,0.00,0.01,0,0
vda,0.00,0.00,0.00,0,0
vda,5.40,0.00,0.02,0,0
vda,129.80,0.00,0.52,0,2
vda,5.40,0.00,0.02,0,0
vda,0.40,0.00,0.00,0,0
vda,2.40,0.00,0.01,0,0
vda,12.20,0.00,0.24,0,1
vda,3.00,0.00,0.01,0,0
vda,143.60,0.00,0.59,0,2
vda,6.80,0.00,0.03,0,0
vda,8.00,0.00,0.03,0,0
vda,1.80,0.00,0.01,0,0
vda,198.60,0.00,0.87,0,4
vda,6.20,0.00,0.02,0,0
vda,6.00,0.00,0.02,0,0
vda,8.80,0.00,0.03,0,0
vda,3.00,0.00,0.01,0,0
vda,8.00,0.00,0.03,0,0
vda,148.60,0.00,0.90,0,4
vda,5.40,0.00,0.02,0,0
vda,3.20,0.00,0.01,0,0
vda,5.00,0.00,0.02,0,0
vda,0.00,0.00,0.00,0,0
vda,195.40,0.00,0.77,0,3
vda,6.40,0.00,0.03,0,0
vda,0.00,0.00,0.00,0,0
