vda,22.80,0.00,0.12,0,0
vda,2.40,0.00,0.01,0,0
vda,2.00,0.00,0.01,0,0
vda,1.80,0.00,0.01,0,0
vda,0.00,0.00,0.00,0,0
vda,2.60,0.00,0.01,0,0
vda,2.40,0.00,0.01,0,0
vda,4.20,0.00,0.02,0,0
vda,1.60,0.00,0.01,0,0
vda,2.00,0.00,0.01,0,0
vda,1.80,0.00,0.01,0,0
vda,0.60,0.00,0.01,0,0
vda,291.60,3.66,0.01,18,0
vda,227.80,2.52,0.05,12,0
vda,261.80,3.70,0.03,18,0
vda,251.80,2.44,0.02,12,0
vda,11.40,0.00,0.04,0,0
vda,16.00,0.09,0.08,0,0
vda,6.20,0.00,0.02,0,0
vda,0.00,0.00,0.00,0,0
vda,2.60,0.00,0.01,0,0
vda,6.20,0.00,0.08,0,0
vda,9.40,0.00,0.04,0,0
vda,2.60,0.00,0.01,0,0
vda,2.20,0.00,0.01,0,0
vda,1.80,0.00,0.01,0,0
vda,1.60,0.00,0.01,0,0
