vda,20.60,0.00,128.00,0,640
vda,40.00,0.00,172.80,0,864
vda,0.20,0.00,0.80,0,4
vda,36.80,0.80,148.00,4,740
vda,72.80,0.00,332.00,0,1660
vda,12.00,0.00,56.00,0,280
vda,40.40,0.00,220.80,0,1104
vda,24.00,0.00,142.40,0,712
vda,0.40,0.00,12.80,0,64
vda,3.40,133.60,53.60,668,268
vda,27.40,0.00,110.40,0,552
vda,49.60,30.40,245.60,152,1228
vda,48.00,47.20,197.60,236,988
vda,37.60,0.00,608.80,0,3044
vda,0.60,0.00,8.80,0,44
vda,0.20,0.80,0.00,4,0
vda,58.40,0.00,265.60,0,1328
vda,0.40,0.00,9.60,0,48
vda,12.60,0.00,51.20,0,256
vda,18.80,0.00,108.00,0,540
vda,25.40,0.00,116.00,0,580
