vda,3.00,0.00,0.01,0,0
vda,23.00,0.00,0.11,0,0
vda,29.80,0.27,0.01,1,0
vda,3.80,0.07,0.01,0,0
vda,11.80,0.00,0.05,0,0
vda,2.40,0.00,0.01,0,0
vda,1.80,0.00,0.01,0,0
vda,0.00,0.00,0.00,0,0
vda,2.00,0.00,0.01,0,0
vda,1.80,0.00,0.01,0,0
vda,3.00,0.00,0.01,0,0
vda,3.00,0.00,0.01,0,0
vda,251.40,3.12,0.03,15,0
vda,365.40,4.26,0.02,21,0
vda,281.40,5.37,0.02,26,0
vda,137.40,1.52,0.00,7,0
vda,6.20,0.03,0.02,0,0
vda,16.20,0.09,0.07,0,0
vda,14.00,0.00,0.08,0,0
vda,8.80,0.00,0.04,0,0
vda,2.60,0.00,0.01,0,0
vda,4.60,0.00,0.02,0,0
vda,3.00,0.00,0.02,0,0
vda,0.00,0.00,0.00,0,0
vda,1.80,0.00,0.01,0,0
vda,2.20,0.00,0.01,0,0
