3444480.0,83612.0,3448.0
2368632.0,273740.0,5051.2
1651400.0,400492.0,6120.0
1651400.0,400492.0,6120.0
1614776.0,431005.6,6218.4
1590360.0,451348.0,6284.0
1590360.0,451348.0,6284.0
1618085.6,451517.86667,6371.7333333
1649772.0,451712.0,6472.0
1647287.4667,451726.93333,6520.5333333
1644448.0,451744.0,6576.0
1644448.0,451744.0,6576.0
1577621.3333,451749.6,6605.8666667
1501248.0,451756.0,6640.0
1501248.0,451756.0,6640.0
1493682.4,457779.73333,6666.1333333
1485036.0,464664.0,6696.0
2248773.3333,435293.86667,6845.3333333
3121616.0,401728.0,7016.0
3121616.0,401728.0,7016.0
