3203684.0,3092772.0,41504.0
3118794.4,3092934.1333,41508.266667
2567012.0,3093988.0,41536.0
2567012.0,3093988.0,41536.0
2563667.2,3094376.0,41538.933333
2516840.0,3099808.0,41580.0
2516840.0,3099808.0,41580.0
2492913.8667,3099666.6667,41582.666667
2157948.0,3097688.0,41620.0
2156221.0667,3097498.1333,41622.666667
2132044.0,3094840.0,41660.0
2132044.0,3094840.0,41660.0
2132044.0,3094840.0,41660.0
1551508.0,3092924.0,41696.0
1551508.0,3092924.0,41696.0
1514484.0,3091848.8,41723.733333
1514484.0,3091848.8,41723.733333
1482088.0,3090908.0,41748.0
1466644.0,3089912.0,41776.0
1466644.0,3089912.0,41776.0
1466644.0,3089912.0,41776.0
1423524.0,3088000.0,41812.0
1423524.0,3088000.0,41812.0
1423524.0,3088000.0,41812.0
1400373.6,3086062.4,41856.8
1398720.0,3085924.0,41860.0
1274496.0,3082936.0,41904.0
1274496.0,3082936.0,41904.0
1274496.0,3082936.0,41904.0
1245865.0667,3080871.4667,41941.333333
1243820.0,3080724.0,41944.0
1243820.0,3080724.0,41944.0
976729.86667,3078823.7333,41988.8
957652.0,3078688.0,41992.0
953328.8,3077676.2667,42018.133333
953020.0,3077604.0,42020.0
953020.0,3077604.0,42020.0
945923.73333,3075856.8,42051.2
944832.0,3075588.0,42056.0
944832.0,3075588.0,42056.0
939784.0,3073652.0,42096.0
939784.0,3073652.0,42096.0
942188.0,3071608.0,42128.0
942188.0,3071608.0,42128.0
942188.0,3071608.0,42128.0
938540.53333,3068722.1333,42139.2
938280.0,3068516.0,42140.0
938280.0,3068516.0,42140.0
939926.4,3066421.6,42181.066667
940044.0,3066272.0,42184.0
908937.86667,3065461.8667,42225.066667
906716.0,3065404.0,42228.0
906716.0,3065404.0,42228.0
908244.8,3063556.2667,42269.6
908480.0,3063272.0,42276.0
908480.0,3063272.0,42276.0
3145495.7333,2850200.2667,42331.466667
