vda,0.60,0.00,0.00,0,0
vda,1.60,0.00,0.01,0,0
vda,0.00,0.00,0.00,0,0
vda,21.60,0.00,0.10,0,0
vda,2.20,0.00,0.01,0,0
vda,30.60,0.33,0.01,1,0
vda,0.00,0.00,0.00,0,0
vda,363.80,4.53,0.00,22,0
vda,373.60,4.99,0.01,24,0
vda,155.80,5.55,0.02,27,0
vda,139.00,1.28,0.01,6,0
vda,11.80,0.04,0.04,0,0
vda,16.80,0.00,0.07,0,0
vda,7.80,0.00,0.04,0,0
vda,6.40,0.00,0.03,0,0
vda,27.60,0.09,2.04,0,10
vda,7.20,0.00,0.03,0,0
vda,1.20,0.02,0.00,0,0
vda,0.60,0.00,0.00,0,0
vda,15.40,0.09,0.00,0,0
vda,1.40,0.00,0.01,0,0
vda,0.60,0.00,0.01,0,0
vda,5.80,0.00,0.03,0,0
vda,0.80,0.00,0.00,0,0
vda,8.80,0.00,0.04,0,0
