vda,1.20,0.00,0.01,0,0
vda,30.60,0.00,0.13,0,0
vda,2.80,0.00,0.01,0,0
vda,1.80,0.00,0.01,0,0
vda,4.00,0.00,0.02,0,0
vda,2.20,0.00,0.01,0,0
vda,10.20,0.00,0.04,0,0
vda,1.80,0.00,0.01,0,0
vda,5.20,0.00,0.02,0,0
vda,2.00,0.00,0.01,0,0
vda,1.80,0.00,0.01,0,0
vda,2.00,0.00,0.01,0,0
vda,391.20,4.75,0.02,23,0
vda,161.80,1.72,0.04,8,0
vda,345.40,4.56,0.03,22,0
vda,13.00,0.16,0.02,0,0
vda,134.40,1.16,0.02,5,0
vda,14.40,0.05,0.02,0,0
vda,0.00,0.00,0.00,0,0
vda,6.20,0.00,0.04,0,0
vda,17.60,0.00,0.13,0,0
vda,13.40,0.00,0.05,0,0
vda,6.80,0.09,0.03,0,0
vda,8.60,0.00,0.03,0,0
vda,1.80,0.00,0.01,0,0
vda,1.00,0.00,0.01,0,0
vda,2.20,0.00,0.01,0,0
vda,7.60,0.00,0.05,0,0
vda,2.00,0.00,0.01,0,0
vda,0.20,0.00,0.00,0,0
vda,9.20,0.00,0.04,0,0
vda,2.60,0.00,0.01,0,0
