vda,0.40,0.00,0.00,0,0
vda,2.60,0.00,0.01,0,0
vda,2.40,0.00,0.01,0,0
vda,28.00,0.00,0.12,0,0
vda,2.00,0.00,0.01,0,0
vda,1.80,0.00,0.01,0,0
vda,4.20,0.00,0.02,0,0
vda,2.00,0.00,0.01,0,0
vda,3.00,0.00,0.01,0,0
vda,1.80,0.00,0.01,0,0
vda,3.60,0.00,0.01,0,0
vda,1.80,0.00,0.01,0,0
vda,375.20,4.61,0.00,23,0
vda,151.80,1.62,0.05,8,0
vda,352.80,4.69,0.02,23,0
vda,13.20,0.07,0.03,0,0
vda,143.00,1.32,0.01,6,0
vda,10.00,0.01,0.04,0,0
vda,10.80,0.03,0.04,0,0
vda,5.20,0.00,0.03,0,0
vda,7.20,0.00,0.08,0,0
vda,11.20,0.00,0.05,0,0
vda,4.80,0.00,0.02,0,0
vda,7.80,0.00,0.03,0,0
vda,8.00,0.00,0.08,0,0
vda,3.80,0.00,0.02,0,0
vda,6.00,0.00,0.03,0,0
vda,3.00,0.00,0.01,0,0
vda,8.00,0.00,0.03,0,0
vda,5.60,0.00,0.02,0,0
vda,12.20,0.08,0.05,0,0
vda,9.40,0.00,0.05,0,0
vda,0.80,0.00,0.01,0,0
vda,2.20,0.00,0.01,0,0
vda,2.80,0.00,0.01,0,0
vda,2.20,0.00,0.01,0,0
vda,2.20,0.00,0.01,0,0
vda,2.00,0.00,0.01,0,0
vda,6.20,0.00,0.03,0,0
vda,1.80,0.00,0.01,0,0
