vda,2.60,0.00,0.01,0,0
vda,1.00,0.00,0.00,0,0
vda,0.00,0.00,0.00,0,0
vda,21.20,0.00,0.10,0,0
vda,32.40,0.34,0.01,1,0
vda,1.00,0.00,0.00,0,0
vda,10.20,0.00,0.04,0,0
vda,286.00,3.61,0.00,18,0
vda,319.40,3.77,0.03,18,0
vda,294.20,11.22,0.09,56,0
vda,14.80,0.51,0.01,2,0
vda,2.40,0.01,0.01,0,0
vda,15.20,4.06,0.03,20,0
vda,152.00,1.29,0.07,6,0
vda,6.40,0.04,0.01,0,0
vda,14.60,0.00,0.85,0,4
vda,4.60,0.00,0.02,0,0
vda,0.00,0.00,0.00,0,0
vda,4.80,0.00,0.02,0,0
vda,10.40,0.00,0.04,0,0
vda,4.20,0.00,0.02,0,0
vda,3.60,0.00,0.02,0,0
vda,8.80,0.00,0.07,0,0
vda,7.80,0.00,0.03,0,0
vda,4.00,0.00,0.01,0,0
vda,0.00,0.00,0.00,0,0
vda,7.60,0.08,0.03,0,0
vda,7.20,0.00,0.03,0,0
vda,0.20,0.00,0.00,0,0
vda,15.80,0.00,0.08,0,0
vda,2.60,0.00,0.01,0,0
vda,1.00,0.00,0.00,0,0
vda,0.00,0.00,0.00,0,0
vda,12.00,0.00,0.05,0,0
vda,2.40,0.00,0.01,0,0
vda,0.00,0.00,0.00,0,0
