vda,44.20,0.97,0.03,4,0
vda,8.40,1.20,0.02,6,0
vda,26.95,0.80,1.53,4,7
vda,4.80,1.22,0.00,6,0
vda,3.60,0.83,0.00,4,0
vda,3.40,1.20,0.00,6,0
vda,2.80,0.80,0.00,4,0
vda,8.40,1.42,0.00,7,0
vda,46.00,10.80,0.02,53,0
vda,54.40,17.31,0.04,86,0
vda,71.00,26.45,0.02,132,0
vda,68.60,26.90,0.00,134,0
vda,72.00,25.01,0.03,125,0
vda,64.80,24.99,0.00,124,0
vda,73.20,26.41,0.03,132,0
vda,73.40,26.42,0.07,132,0
vda,74.00,25.41,0.04,127,0
vda,65.80,24.21,0.01,121,0
vda,65.20,24.48,0.01,122,0
vda,69.40,26.17,0.01,130,0
vda,67.20,24.54,0.02,122,0
vda,48.00,18.02,0.01,90,0
vda,53.60,18.98,0.01,94,0
vda,29.40,6.42,0.06,32,0
vda,8.40,0.00,0.04,0,0
vda,14.40,5.29,0.00,26,0
vda,36.20,13.43,0.01,67,0
vda,35.00,11.47,0.03,57,0
vda,23.80,8.43,0.01,42,0
vda,7.00,0.00,0.03,0,0
vda,5.60,0.00,0.03,0,0
vda,7.40,0.00,0.04,0,0
vda,1.20,0.00,0.00,0,0
vda,9.40,0.00,5.32,0,26
vda,13.80,0.00,5.62,0,28
vda,8.20,0.82,0.02,4,0
vda,6.00,0.83,0.01,4,0
vda,6.80,1.20,0.01,6,0
vda,5.60,0.83,0.01,4,0
vda,8.20,1.20,0.03,6,0
vda,9.20,0.80,5.48,4,27
vda,11.80,1.23,5.49,6,27
vda,19.00,0.80,5.51,4,27
vda,12.60,1.20,5.49,6,27
vda,6.80,0.80,5.63,4,28
vda,13.80,1.20,5.50,6,27
vda,11.60,0.80,5.30,4,26
vda,13.80,1.20,5.46,6,27
vda,11.60,0.42,5.61,2,28
vda,23.40,1.23,5.47,6,27
vda,11.40,0.80,5.50,4,27
vda,16.40,1.23,5.65,6,28
vda,15.00,0.80,5.50,4,27
vda,7.20,1.20,5.58,6,27
vda,10.00,0.83,5.61,4,28
vda,6.20,1.20,0.01,6,0
vda,19.40,0.80,5.66,4,28
vda,33.40,1.20,0.12,6,0
vda,4.80,0.80,0.01,4,0
vda,5.20,0.80,0.01,4,0
vda,6.60,1.20,0.01,6,0
vda,4.20,0.00,0.02,0,0
vda,3.40,0.00,0.01,0,0
vda,20.40,0.00,0.13,0,0
vda,3.80,0.00,0.01,0,0
vda,15.20,0.00,5.31,0,26
vda,10.00,0.00,5.58,0,27
vda,8.40,0.00,5.50,0,27
vda,9.20,0.00,5.50,0,27
vda,9.60,0.00,5.50,0,27
vda,15.40,0.00,5.56,0,27
vda,8.20,0.00,5.65,0,28
vda,7.80,0.00,5.50,0,27
vda,9.40,0.00,5.32,0,26
vda,16.20,1.22,5.47,6,27
vda,11.40,0.83,5.63,4,28
vda,10.20,1.23,5.43,6,27
vda,21.80,0.80,5.57,4,27
vda,11.80,1.20,5.65,6,28
vda,9.80,0.80,5.50,4,27
vda,10.00,1.23,5.61,6,28
vda,9.20,0.80,5.61,4,28
vda,9.20,0.80,5.62,4,28
vda,19.20,1.20,5.54,6,27
vda,13.00,0.80,0.06,4,0
vda,5.80,1.20,0.01,6,0
vda,5.00,0.80,0.01,4,0
vda,8.20,1.22,0.03,6,0
vda,5.60,0.83,0.01,4,0
vda,14.20,1.23,5.31,6,26
vda,14.00,0.80,5.59,4,27
vda,25.80,1.20,5.55,6,27
vda,12.40,0.80,5.50,4,27
vda,13.00,1.23,5.50,6,27
vda,11.20,0.80,5.51,4,27
vda,12.00,1.20,5.65,6,28
vda,11.60,0.80,5.51,4,27
vda,7.20,1.20,5.29,6,26
vda,25.80,0.80,5.54,4,27
vda,13.60,1.20,5.62,6,28
vda,13.00,0.80,5.44,4,27
vda,15.40,1.22,5.51,6,27
vda,13.20,0.83,5.69,4,28
vda,14.60,1.20,5.51,6,27
vda,13.20,0.83,5.63,4,28
vda,50.20,0.80,5.78,4,28
vda,12.80,1.20,5.62,6,28
vda,12.80,0.82,5.50,4,27
vda,7.60,1.20,0.02,6,0
vda,2.20,0.80,0.01,4,0
vda,9.60,1.20,0.03,6,0
vda,4.60,0.80,0.01,4,0
vda,26.80,1.21,0.15,6,0
vda,17.60,0.81,5.31,4,26
vda,8.40,1.23,5.57,6,27
vda,10.80,0.83,5.52,4,27
vda,14.60,1.24,5.51,6,27
vda,7.20,0.80,0.02,4,0
vda,11.00,1.23,5.49,6,27
vda,19.00,0.80,5.55,4,27
vda,15.20,1.20,5.67,6,28
vda,9.80,0.80,5.51,4,27
vda,9.40,1.20,5.29,6,26
vda,20.20,0.80,5.50,4,27
vda,13.00,1.20,5.63,6,28
vda,10.40,0.81,5.44,4,27
vda,25.80,1.24,5.58,6,27
vda,34.40,1.09,0.02,5,0
vda,8.40,0.83,5.68,4,28
vda,8.80,1.20,5.50,6,27
vda,9.20,0.80,5.64,4,28
vda,16.40,1.23,5.63,6,28
vda,13.20,0.80,5.63,4,28
vda,26.40,1.20,5.56,6,27
vda,9.20,0.80,0.03,4,0
vda,6.40,1.20,0.01,6,0
vda,5.80,0.80,0.02,4,0
vda,14.00,1.20,5.31,6,26
vda,14.60,0.81,5.60,4,28
vda,17.80,1.24,5.53,6,27
vda,34.20,0.80,5.59,4,27
vda,20.00,1.23,5.50,6,27
vda,17.20,0.80,5.53,4,27
vda,21.60,1.20,5.67,6,28
vda,21.80,0.83,5.53,4,27
vda,18.60,1.20,5.33,6,26
vda,95.80,0.80,38.57,4,192
vda,41.60,1.20,0.15,6,0
vda,5.20,0.80,0.01,4,0
vda,5.80,1.20,0.01,6,0
vda,6.80,0.84,0.01,4,0
vda,4.00,0.81,0.01,4,0
vda,80.40,1.24,0.74,6,3
vda,8.60,0.80,2.76,4,13
vda,14.60,1.23,5.69,6,28
vda,14.00,0.80,5.51,4,27
vda,12.00,1.20,2.76,6,13
vda,6.00,0.83,0.02,4,0
vda,6.80,1.20,0.02,6,0
vda,16.80,0.87,0.06,4,0
vda,7.20,1.20,0.02,6,0
vda,17.80,0.80,5.31,4,26
vda,16.80,1.20,5.58,6,27
vda,8.20,0.80,5.50,4,27
vda,15.40,1.22,5.50,6,27
vda,15.00,0.83,5.51,4,27
vda,13.80,1.20,5.52,6,27
vda,27.00,0.89,5.72,4,28
vda,12.40,1.20,5.51,6,27
vda,4.40,0.80,5.29,4,26
vda,10.20,1.23,5.47,6,27
vda,8.40,0.80,0.03,4,0
vda,9.80,1.20,5.61,6,28
vda,12.60,0.80,5.44,4,27
vda,25.40,0.80,5.57,4,27
vda,10.00,1.20,5.68,6,28
vda,7.40,0.80,5.49,4,27
vda,77.20,1.30,5.89,6,29
vda,5.80,0.83,0.01,4,0
vda,3.00,1.20,0.00,6,0
vda,4.80,0.83,0.01,4,0
vda,25.80,1.20,0.26,6,1
vda,4.40,0.80,0.01,4,0
vda,4.20,1.23,0.01,6,0
vda,7.60,0.80,0.03,4,0
vda,18.40,1.20,5.31,6,26
vda,21.60,0.82,5.60,4,27
vda,17.76,1.20,5.50,6,27
vda,15.63,0.80,5.52,4,27
vda,12.77,1.20,5.49,6,27
vda,8.20,0.82,0.02,4,0
vda,12.60,1.23,5.51,6,27
vda,11.20,0.80,5.65,4,28
vda,12.60,1.23,5.52,6,27
vda,6.20,0.80,0.02,4,0
vda,21.80,1.22,5.36,6,26
vda,11.00,0.83,5.48,4,27
vda,10.60,0.80,5.62,4,28
vda,10.40,1.20,5.43,6,27
vda,9.40,0.80,5.51,4,27
vda,9.20,1.20,5.68,6,28
vda,9.80,0.80,5.49,4,27
vda,26.20,1.20,5.70,6,28
vda,12.20,0.82,5.62,4,28
vda,10.60,1.23,5.62,6,28
vda,10.00,0.80,5.50,4,27
vda,8.00,1.23,0.02,6,0
vda,6.20,0.82,0.01,4,0
vda,7.00,1.20,0.02,6,0
vda,19.40,0.83,5.36,4,26
vda,10.60,1.20,5.59,6,27
vda,9.80,0.80,5.52,4,27
vda,10.20,1.20,5.49,6,27
vda,11.20,0.80,5.51,4,27
vda,13.20,1.20,5.52,6,27
vda,12.00,0.80,5.66,4,28
vda,22.80,1.22,5.56,6,27
vda,23.40,0.86,5.33,4,26
vda,12.20,1.23,5.48,6,27
vda,10.40,0.80,5.63,4,28
vda,11.60,0.80,5.45,4,27
vda,13.20,1.20,5.52,6,27
vda,14.60,0.83,5.69,4,28
vda,27.20,1.20,5.59,6,27
vda,36.40,0.80,5.74,4,28
vda,10.40,1.20,5.61,6,28
vda,9.00,0.80,5.62,4,28
vda,9.80,1.20,5.49,6,27
vda,10.80,0.82,0.03,4,0
vda,8.40,1.22,0.02,6,0
vda,23.40,0.83,0.14,4,0
vda,6.80,1.23,0.01,6,0
vda,17.20,0.80,5.32,4,26
vda,20.00,1.20,5.59,6,27
vda,19.20,0.80,5.53,4,27
vda,17.80,1.23,5.50,6,27
vda,12.80,0.80,5.50,4,27
vda,27.00,1.24,5.56,6,27
vda,16.20,0.80,5.67,4,28
vda,11.00,1.20,5.51,6,27
vda,8.80,0.80,5.31,4,26
vda,11.00,1.20,5.47,6,27
vda,10.00,0.82,5.62,4,28
vda,12.40,0.83,5.45,4,27
vda,24.80,1.23,5.58,6,27
vda,5.60,0.80,5.66,4,28
vda,9.60,1.20,5.50,6,27
vda,11.60,0.80,5.64,4,28
vda,13.00,1.23,5.61,6,28
vda,15.00,0.80,5.62,4,28
vda,15.20,1.20,5.52,6,27
vda,19.40,0.80,0.09,4,0
vda,6.40,1.20,0.01,6,0
vda,6.80,0.80,0.02,4,0
vda,5.20,1.20,0.01,6,0
vda,35.80,0.80,13.76,4,68
vda,46.80,1.21,19.22,6,96
vda,6.20,0.84,0.01,4,0
vda,6.40,1.20,0.01,6,0
vda,4.80,0.83,0.01,4,0
vda,3.00,1.20,0.00,6,0
vda,5.60,0.80,0.02,4,0
vda,32.00,1.22,5.76,6,28
vda,20.80,0.80,5.54,4,27
vda,19.60,1.20,5.33,6,26
vda,75.80,0.80,38.46,4,192
vda,39.00,0.80,0.14,4,0
vda,7.80,0.80,0.02,4,0
vda,3.80,0.00,0.01,0,0
vda,0.00,0.00,0.00,0,0
vda,0.60,0.00,0.00,0,0
vda,73.60,0.00,0.79,0,3
vda,6.20,0.00,5.60,0,28
vda,54.80,0.00,0.22,0,1
vda,1.20,0.00,0.00,0,0
vda,0.00,0.00,0.00,0,0
vda,0.60,0.00,0.00,0,0
vda,1.80,0.00,0.01,0,0
vda,2.80,0.00,0.02,0,0
vda,17.80,0.00,0.21,0,1
vda,3.40,0.41,0.01,2,0
vda,3.40,1.24,0.00,6,0
vda,2.60,0.80,0.00,4,0
vda,4.00,1.23,0.00,6,0
vda,4.60,0.80,0.02,4,0
vda,4.20,1.20,0.00,6,0
vda,5.80,0.84,0.01,4,0
vda,4.60,1.21,0.01,6,0
vda,9.80,0.80,0.04,4,0
vda,2.80,0.80,0.00,4,0
vda,4.00,1.20,0.01,6,0
vda,3.00,0.80,0.00,4,0
vda,3.80,1.20,0.00,6,0
vda,6.60,0.81,0.02,4,0
vda,5.00,1.24,0.01,6,0
vda,5.80,0.81,0.01,4,0
vda,5.40,1.23,0.01,6,0
