vda,29.60,0.76,0.09,3,0
vda,20.00,1.13,0.01,5,0
vda,12.80,0.76,0.01,3,0
vda,18.40,1.13,0.00,5,0
vda,11.60,0.76,0.00,3,0
vda,19.60,1.13,0.01,5,0
vda,14.80,0.76,0.01,3,0
vda,26.20,1.37,0.02,6,0
vda,25.20,0.88,0.02,4,0
vda,73.80,21.64,0.00,108,0
vda,57.60,15.56,0.04,77,0
vda,70.80,21.13,0.01,105,0
vda,70.60,22.76,0.01,113,0
vda,397.40,25.32,0.03,126,0
vda,332.20,20.79,0.11,103,0
vda,232.80,21.60,0.00,108,0
vda,296.60,22.94,0.01,114,0
vda,314.40,24.88,0.01,124,0
vda,225.20,19.78,0.06,98,0
vda,396.60,27.09,0.02,135,0
vda,270.40,26.34,0.02,131,0
vda,390.40,25.08,0.03,125,0
vda,407.80,26.03,0.01,130,0
vda,382.00,24.30,0.01,121,0
vda,390.40,25.22,0.01,126,0
vda,306.40,19.65,0.02,98,0
vda,3.40,0.00,0.01,0,0
vda,11.80,0.00,0.06,0,0
vda,12.40,0.00,0.06,0,0
vda,25.20,0.99,0.03,4,0
vda,18.40,1.13,0.00,5,0
vda,21.96,0.75,0.05,3,0
vda,25.00,1.13,0.03,5,0
vda,34.40,0.76,1.42,3,7
vda,22.80,1.13,0.02,5,0
vda,19.60,0.76,0.04,3,0
vda,27.80,1.13,0.07,5,0
vda,19.00,0.76,0.03,3,0
vda,25.00,1.13,0.03,5,0
vda,18.00,0.76,0.03,3,0
vda,50.60,1.13,7.52,5,37
vda,33.80,0.76,9.66,3,48
vda,63.20,1.13,26.92,5,134
vda,69.00,0.76,35.76,3,178
vda,29.40,1.14,0.04,5,0
vda,19.40,0.76,0.03,3,0
vda,18.20,0.76,0.03,3,0
vda,25.20,1.13,0.03,5,0
vda,22.00,0.76,2.81,3,14
vda,49.00,1.13,6.90,5,34
vda,110.60,0.76,51.56,3,257
vda,17.80,0.38,0.05,1,0
vda,37.80,0.76,0.10,3,0
vda,13.20,0.76,0.01,3,0
vda,17.60,1.13,0.01,5,0
vda,31.40,0.76,0.12,3,0
vda,19.00,1.13,0.01,5,0
vda,13.20,0.76,0.01,3,0
vda,17.60,1.13,0.00,5,0
vda,12.80,0.76,0.01,3,0
vda,24.40,1.13,0.03,5,0
vda,13.20,0.76,0.01,3,0
vda,20.40,1.14,0.02,5,0
