vda,57.40,0.34,0.12,1,0
vda,2.40,0.00,0.01,0,0
vda,0.00,0.00,0.00,0,0
vda,11.40,0.00,0.05,0,0
vda,2.40,0.00,0.01,0,0
vda,2.20,0.00,0.01,0,0
vda,1.80,0.00,0.01,0,0
vda,375.00,4.61,0.01,23,0
vda,409.80,5.34,0.04,26,0
vda,179.40,22.79,0.03,113,0
vda,69.60,16.74,0.09,83,0
vda,26.40,6.08,0.04,30,0
vda,139.80,1.28,0.02,6,0
vda,12.40,0.00,0.07,0,0
vda,4.40,0.01,0.01,0,0
vda,3.80,0.00,0.01,0,0
vda,4.20,0.00,1.62,0,8
vda,6.80,0.03,1.05,0,5
vda,4.20,0.00,0.02,0,0
vda,4.00,0.00,0.02,0,0
vda,4.40,0.00,0.02,0,0
vda,2.00,0.00,0.01,0,0
vda,13.80,0.00,4.86,0,24
vda,6.40,0.00,2.14,0,10
vda,10.00,0.00,0.04,0,0
vda,0.00,0.00,0.00,0,0
vda,3.60,0.00,0.01,0,0
vda,3.80,0.00,0.01,0,0
vda,5.80,0.00,0.03,0,0
vda,13.60,0.00,3.27,0,16
vda,6.00,0.00,2.14,0,10
vda,2.80,0.00,0.01,0,0
vda,3.80,0.00,0.01,0,0
vda,0.00,0.00,0.00,0,0
vda,4.40,0.00,0.02,0,0
vda,18.00,0.00,4.09,0,20
vda,6.00,0.00,2.65,0,13
vda,0.00,0.00,0.00,0,0
vda,3.60,0.00,0.01,0,0
vda,1.80,0.00,0.01,0,0
vda,9.40,0.00,0.04,0,0
vda,6.80,0.00,0.03,0,0
vda,7.00,0.00,2.69,0,13
vda,6.80,0.00,2.71,0,13
vda,3.00,0.00,0.01,0,0
vda,2.40,0.00,0.01,0,0
vda,0.00,0.00,0.00,0,0
vda,15.00,0.00,2.72,0,13
vda,5.00,0.00,0.02,0,0
vda,2.60,0.00,2.67,0,13
vda,11.20,0.00,0.05,0,0
vda,2.00,0.00,0.01,0,0
vda,4.20,0.00,0.02,0,0
vda,7.00,0.03,0.03,0,0
vda,2.60,0.00,0.01,0,0
vda,17.80,0.00,3.28,0,16
vda,1.60,0.00,2.13,0,10
vda,4.60,0.00,0.02,0,0
vda,1.80,0.00,0.01,0,0
vda,4.00,0.00,0.02,0,0
vda,6.40,0.00,0.03,0,0
vda,3.40,0.00,0.02,0,0
vda,4.20,0.00,0.02,0,0
vda,5.60,0.00,2.68,0,13
vda,5.80,0.00,2.69,0,13
vda,3.60,0.00,0.01,0,0
vda,7.20,0.00,0.03,0,0
vda,8.20,0.00,0.04,0,0
vda,2.40,0.00,0.01,0,0
vda,7.60,0.08,0.04,0,0
vda,7.20,0.00,0.03,0,0
vda,14.80,0.00,0.07,0,0
vda,2.40,0.00,0.01,0,0
vda,0.00,0.00,0.00,0,0
vda,3.80,0.00,0.02,0,0
vda,2.40,0.00,0.01,0,0
vda,3.80,0.00,0.02,0,0
vda,4.20,0.00,0.02,0,0
vda,34.20,0.09,0.08,0,0
vda,2.60,0.00,0.01,0,0
vda,2.00,0.00,0.01,0,0
vda,0.00,0.00,0.00,0,0
vda,1.80,0.00,0.01,0,0
vda,1.80,0.00,0.01,0,0
