vda,0.40,0.00,0.00,0,0
vda,2.80,0.00,0.01,0,0
vda,1.80,0.00,0.01,0,0
vda,20.80,0.00,0.10,0,0
vda,2.80,0.00,0.01,0,0
vda,4.20,0.00,0.02,0,0
vda,2.80,0.00,0.01,0,0
vda,2.40,0.00,0.01,0,0
vda,2.00,0.00,0.01,0,0
vda,0.80,0.00,0.01,0,0
vda,4.00,0.00,0.02,0,0
vda,1.80,0.00,0.01,0,0
vda,363.00,4.40,0.04,21,0
vda,384.00,5.13,0.02,25,0
vda,156.80,4.64,0.02,23,0
vda,142.40,1.32,0.02,6,0
vda,7.80,0.00,0.03,0,0
vda,17.20,0.09,0.11,0,0
vda,6.80,0.00,0.03,0,0
vda,2.00,0.00,0.01,0,0
vda,0.40,0.00,0.00,0,0
vda,2.80,0.00,0.02,0,0
vda,2.20,0.00,0.01,0,0
vda,0.00,0.00,0.00,0,0
vda,12.60,0.00,0.06,0,0
vda,2.00,0.00,0.01,0,0
