vda,1.20,0.00,0.01,0,0
vda,29.40,0.00,0.13,0,0
vda,2.00,0.00,0.01,0,0
vda,0.00,0.00,0.00,0,0
vda,1.80,0.00,0.01,0,0
vda,1.80,0.00,0.01,0,0
vda,4.40,0.00,0.02,0,0
vda,2.40,0.00,0.01,0,0
vda,0.00,0.00,0.00,0,0
vda,4.00,0.00,0.02,0,0
vda,1.80,0.00,0.01,0,0
vda,0.00,0.00,0.00,0,0
vda,324.40,3.96,0.04,19,0
vda,292.80,3.42,0.02,17,0
vda,318.00,15.39,0.02,76,0
vda,39.80,3.43,0.01,17,0
vda,118.40,0.95,0.02,4,0
vda,10.80,0.00,0.05,0,0
vda,13.00,0.00,0.06,0,0
vda,7.00,0.00,0.04,0,0
vda,8.40,0.00,0.08,0,0
vda,8.60,0.00,0.03,0,0
vda,7.20,0.09,0.03,0,0
vda,14.40,0.00,0.06,0,0
vda,7.20,0.00,0.08,0,0
vda,2.20,0.00,0.01,0,0
vda,4.20,0.00,0.02,0,0
vda,2.20,0.00,0.01,0,0
vda,0.00,0.00,0.00,0,0
vda,2.00,0.00,0.01,0,0
vda,2.20,0.00,0.01,0,0
vda,3.20,0.00,0.01,0,0
