vda,2.60,0.00,0.01,0,0
vda,0.80,0.00,0.00,0,0
vda,0.00,0.00,0.00,0,0
vda,1.40,0.00,0.01,0,0
vda,1.40,0.00,0.01,0,0
vda,2.60,0.00,0.01,0,0
vda,23.40,0.03,0.11,0,0
vda,4.40,0.00,0.02,0,0
vda,4.20,0.00,0.02,0,0
vda,16.40,6.40,0.01,32,0
vda,27.40,6.76,0.01,33,0
vda,3.00,0.00,0.01,0,0
vda,8.80,0.00,0.05,0,0
vda,9.60,0.00,0.05,0,0
vda,4.60,0.00,0.07,0,0
vda,5.00,0.00,0.03,0,0
vda,25.40,0.00,4.61,0,23
vda,2.60,0.00,0.01,0,0
vda,4.40,0.00,0.02,0,0
vda,10.60,0.00,0.04,0,0
vda,3.80,0.00,0.01,0,0
vda,4.00,0.00,0.02,0,0
vda,6.00,0.00,0.03,0,0
vda,24.00,0.76,3.47,3,17
vda,28.00,0.76,6.08,3,30
vda,21.00,1.13,0.01,5,0
vda,14.60,0.76,0.01,3,0
vda,22.40,1.13,0.02,5,0
vda,14.40,0.76,0.01,3,0
vda,22.60,1.14,0.02,5,0
vda,25.60,0.76,2.81,3,14
vda,32.00,1.13,2.05,5,10
vda,17.80,0.76,1.39,3,6
vda,22.00,1.13,3.37,5,16
vda,21.20,0.76,1.41,3,7
vda,24.20,1.13,2.75,5,13
vda,18.60,0.76,0.67,3,3
vda,29.40,1.13,3.49,5,17
vda,19.20,0.76,0.03,3,0
vda,19.20,1.13,0.01,5,0
vda,18.80,0.76,0.03,3,0
vda,18.00,1.13,0.00,5,0
vda,12.60,0.76,0.01,3,0
vda,13.60,0.76,0.01,3,0
vda,23.00,1.13,0.04,5,0
vda,12.40,0.76,0.00,3,0
vda,17.20,1.14,0.00,5,0
vda,12.20,0.76,0.00,3,0
