vda,1.20,0.00,0.01,0,0
vda,27.20,0.00,0.11,0,0
vda,33.20,0.34,0.02,1,0
vda,2.00,0.00,0.01,0,0
vda,1.80,0.00,0.01,0,0
vda,1.80,0.00,0.01,0,0
vda,3.60,0.00,0.02,0,0
vda,2.00,0.00,0.01,0,0
vda,9.60,0.00,0.04,0,0
vda,2.20,0.00,0.01,0,0
vda,1.80,0.00,0.01,0,0
vda,2.80,0.00,0.01,0,0
vda,380.60,4.61,0.02,23,0
vda,405.40,5.34,0.02,26,0
vda,146.40,11.75,0.02,58,0
vda,12.00,0.53,0.04,2,0
vda,140.92,1.30,0.02,6,0
vda,13.20,0.03,0.05,0,0
vda,6.60,0.00,0.03,0,0
vda,11.00,0.00,0.05,0,0
vda,12.00,0.05,0.06,0,0
vda,17.00,0.00,0.07,0,0
vda,12.00,0.00,0.07,0,0
vda,4.60,0.00,0.02,0,0
vda,6.20,0.00,0.03,0,0
vda,4.80,0.00,0.02,0,0
vda,8.80,0.00,0.04,0,0
vda,3.40,0.09,0.76,0,3
vda,6.60,0.00,0.03,0,0
vda,7.20,0.00,0.05,0,0
vda,4.60,0.00,0.02,0,0
vda,2.40,0.00,0.01,0,0
vda,2.00,0.00,0.01,0,0
vda,1.80,0.00,0.01,0,0
vda,3.20,0.00,0.01,0,0
vda,1.80,0.00,0.01,0,0
vda,12.00,0.00,0.05,0,0
