vda,33.20,0.34,0.01,1,0
vda,1.20,0.00,0.00,0,0
vda,0.00,0.00,0.00,0,0
vda,0.80,0.00,0.00,0,0
vda,0.00,0.00,0.00,0,0
vda,1.40,0.00,0.01,0,0
vda,23.40,0.00,0.11,0,0
vda,327.40,4.10,0.01,20,0
vda,182.00,2.07,0.01,10,0
vda,356.60,4.73,0.02,23,0
vda,137.80,1.27,0.02,6,0
vda,27.20,0.18,0.04,0,0
vda,6.80,0.00,0.03,0,0
vda,14.00,0.00,0.10,0,0
vda,9.80,0.00,0.04,0,0
vda,15.60,0.09,0.06,0,0
vda,0.00,0.00,0.00,0,0
vda,8.40,0.00,0.06,0,0
vda,2.20,0.00,0.01,0,0
vda,1.00,0.00,0.00,0,0
vda,1.20,0.00,0.00,0,0
vda,0.00,0.00,0.00,0,0
vda,0.60,0.00,0.00,0,0
vda,0.80,0.00,0.01,0,0
