vda,1.20,0.00,0.01,0,0
vda,24.40,0.00,0.11,0,0
vda,0.80,0.00,0.00,0,0
vda,0.00,0.00,0.00,0,0
vda,0.80,0.00,0.00,0,0
vda,0.00,0.00,0.00,0,0
vda,1.60,0.00,0.01,0,0
vda,347.60,4.21,0.01,21,0
vda,355.60,4.64,0.03,23,0
vda,225.00,10.89,0.01,54,0
vda,161.40,4.49,0.13,22,0
vda,2.60,0.04,0.00,0,0
vda,8.20,0.00,0.03,0,0
vda,14.40,0.09,0.06,0,0
vda,6.60,0.00,0.03,0,0
vda,0.00,0.00,0.00,0,0
vda,1.20,0.00,0.01,0,0
vda,8.40,0.00,0.06,0,0
vda,0.00,0.00,0.00,0,0
vda,3.00,0.00,0.01,0,0
vda,1.80,0.00,0.01,0,0
vda,9.60,0.00,0.04,0,0
vda,1.20,0.00,0.00,0,0
vda,14.80,0.00,0.06,0,0
vda,2.20,0.00,0.01,0,0
vda,0.80,0.00,0.00,0,0
vda,0.00,0.00,0.00,0,0
vda,0.60,0.00,0.00,0,0
