2929568.0,461944.0,51068.0
2929568.0,461944.0,51068.0
1867048.0,707076.8,51090.4
273268.0,1074776.0,51124.0
273268.0,1074776.0,51124.0
217409.33333,1027354.6667,51130.666667
105692.0,932512.0,51144.0
186104.0,864194.66667,51148.0
346928.0,727560.0,51156.0
346928.0,727560.0,51156.0
311749.33333,763342.66667,51162.666667
241392.0,834908.0,51176.0
241392.0,834908.0,51176.0
206856.0,861784.0,51180.0
137784.0,915536.0,51188.0
128141.33333,928721.33333,51200.0
108856.0,955092.0,51224.0
108856.0,955092.0,51224.0
120074.66667,942408.0,51228.0
142512.0,917040.0,51236.0
142512.0,917040.0,51236.0
136971.2,920971.2,51242.4
128660.0,926868.0,51252.0
238472.8,815797.6,50216.8
403192.0,649192.0,48664.0
403192.0,649192.0,48664.0
353888.0,688108.8,48774.4
279932.0,746484.0,48940.0
279932.0,746484.0,48940.0
249729.33333,776646.66667,48952.0
189324.0,836972.0,48976.0
167132.0,867346.4,37907.2
133844.0,912908.0,21304.0
133844.0,912908.0,21304.0
126078.66667,934738.66667,15394.133333
117204.0,959688.0,8640.0
117204.0,959688.0,8640.0
394735.2,694692.0,5244.0
579756.0,518028.0,2980.0
579756.0,518028.0,2980.0
514048.8,583207.2,3044.8
470244.0,626660.0,3088.0
2201198.6667,478241.33333,3253.3333333
3066676.0,404032.0,3336.0
3066676.0,404032.0,3336.0
