vda,1.40,0.00,0.01,0,0
vda,24.80,0.00,0.11,0,0
vda,2.80,0.00,0.01,0,0
vda,32.60,0.33,0.02,1,0
vda,10.00,0.00,0.04,0,0
vda,0.00,0.00,0.00,0,0
vda,4.40,0.00,0.02,0,0
vda,2.60,0.00,0.01,0,0
vda,4.20,0.00,0.02,0,0
vda,4.20,0.00,0.02,0,0
vda,2.40,0.00,0.01,0,0
vda,2.00,0.00,0.01,0,0
vda,366.80,4.34,0.08,21,0
vda,165.60,1.86,0.01,9,0
vda,334.60,4.49,0.00,22,0
vda,168.20,1.64,0.02,8,0
vda,5.80,0.00,0.02,0,0
vda,12.60,0.09,0.06,0,0
vda,6.40,0.00,0.03,0,0
vda,14.00,0.00,0.07,0,0
vda,2.80,0.00,0.01,0,0
vda,2.40,0.00,0.01,0,0
vda,1.80,0.00,0.01,0,0
vda,2.40,0.00,0.01,0,0
vda,2.80,0.00,0.01,0,0
vda,2.20,0.00,0.01,0,0
vda,2.00,0.00,0.01,0,0
