vda,0.40,0.00,0.00,0,0
vda,2.60,0.00,0.01,0,0
vda,1.80,0.00,0.01,0,0
vda,1.80,0.00,0.01,0,0
vda,2.80,0.00,0.01,0,0
vda,3.40,0.00,0.01,0,0
vda,22.60,0.00,0.09,0,0
vda,434.60,5.38,0.02,26,0
vda,82.80,0.83,0.01,4,0
vda,377.00,8.89,0.02,44,0
vda,31.00,7.41,0.00,37,0
vda,140.00,1.29,0.02,6,0
vda,12.60,0.04,0.05,0,0
vda,17.00,0.00,0.08,0,0
vda,4.60,0.00,0.02,0,0
vda,6.20,0.00,0.07,0,0
vda,4.00,0.00,0.02,0,0
vda,5.40,0.00,0.02,0,0
vda,9.20,0.00,0.04,0,0
vda,4.60,0.00,0.02,0,0
vda,7.80,0.00,0.07,0,0
vda,4.20,0.00,0.02,0,0
vda,7.60,0.00,0.03,0,0
vda,13.40,0.00,0.06,0,0
vda,0.00,0.00,0.00,0,0
vda,3.60,0.08,0.02,0,0
vda,6.20,0.00,0.02,0,0
vda,10.18,0.00,0.05,0,0
vda,2.40,0.00,0.01,0,0
vda,2.40,0.00,0.01,0,0
vda,2.00,0.00,0.01,0,0
vda,1.80,0.00,0.01,0,0
vda,0.20,0.00,0.00,0,0
vda,9.00,0.00,0.04,0,0
vda,3.20,0.00,0.01,0,0
vda,2.40,0.00,0.01,0,0
vda,2.60,0.00,0.01,0,0
vda,2.20,0.00,0.01,0,0
vda,1.80,0.00,0.01,0,0
vda,1.80,0.00,0.01,0,0
