vda,1.00,0.00,0.01,0,0
vda,30.60,0.00,0.13,0,0
vda,2.60,0.00,0.01,0,0
vda,1.80,0.00,0.01,0,0
vda,1.80,0.00,0.01,0,0
vda,22.80,0.12,0.02,0,0
vda,2.60,0.00,0.01,0,0
vda,486.20,5.91,0.02,29,0
vda,404.80,8.36,0.02,41,0
vda,44.20,7.79,0.04,38,0
vda,103.00,3.35,0.02,16,0
vda,66.40,0.41,0.08,2,0
vda,8.20,0.00,0.03,0,0
vda,14.00,0.00,0.08,0,0
vda,13.00,0.00,0.10,0,0
vda,9.20,0.00,0.04,0,0
vda,14.00,0.00,0.08,0,0
vda,9.40,0.09,0.04,0,0
vda,2.40,0.00,0.01,0,0
vda,2.60,0.00,0.01,0,0
vda,2.20,0.00,0.01,0,0
vda,2.00,0.00,0.01,0,0
vda,1.80,0.00,0.01,0,0
vda,6.00,0.00,0.03,0,0
vda,9.40,0.00,0.04,0,0
vda,2.80,0.00,0.01,0,0
vda,3.00,0.00,0.01,0,0
vda,2.20,0.00,0.01,0,0
vda,2.00,0.00,0.01,0,0
vda,1.80,0.00,0.01,0,0
vda,3.20,0.00,0.01,0,0
