vda,3.20,0.00,0.01,0,0
vda,2.00,0.00,0.01,0,0
vda,1.80,0.00,0.01,0,0
vda,2.40,0.00,0.01,0,0
vda,2.20,0.00,0.01,0,0
vda,4.00,0.00,0.02,0,0
vda,22.20,0.00,0.09,0,0
vda,5.60,0.01,0.02,0,0
vda,141.60,2.80,0.02,13,0
vda,239.00,1.99,0.03,9,0
vda,227.00,21.25,0.01,106,0
vda,80.40,26.66,0.00,133,0
vda,23.40,5.60,0.04,28,0
vda,10.80,0.45,0.04,2,0
vda,63.80,22.76,0.02,113,0
vda,12.20,3.04,0.07,15,0
vda,5.20,0.00,0.02,0,0
vda,2.20,0.00,0.01,0,0
vda,2.00,0.00,0.01,0,0
vda,2.40,0.00,0.01,0,0
vda,29.20,10.11,0.01,50,0
vda,78.40,24.85,0.05,124,0
vda,22.40,6.40,0.02,32,0
vda,23.60,6.85,0.02,34,0
vda,35.60,12.93,0.01,64,0
vda,23.00,7.77,0.01,38,0
vda,15.60,1.46,0.05,7,0
vda,29.80,8.88,0.02,44,0
vda,30.80,10.08,0.02,50,0
vda,21.40,8.43,0.00,42,0
vda,18.20,4.09,0.01,20,0
vda,36.40,11.86,0.01,59,0
vda,30.60,1.50,0.05,7,0
vda,135.00,1.11,0.05,5,0
vda,16.60,0.21,0.01,1,0
vda,5.80,0.01,0.02,0,0
vda,21.40,0.02,6.49,0,32
vda,6.80,0.00,4.60,0,23
vda,5.20,0.00,0.02,0,0
vda,3.40,0.00,0.01,0,0
vda,12.80,0.00,6.83,0,34
vda,7.40,0.00,4.65,0,23
vda,4.60,0.00,0.02,0,0
vda,0.40,0.00,0.00,0,0
vda,39.00,0.55,6.47,2,32
vda,6.60,0.01,9.66,0,48
vda,4.80,0.00,0.02,0,0
vda,1.80,0.00,0.01,0,0
vda,23.80,0.00,0.10,0,0
vda,0.00,0.00,0.00,0,0
vda,16.00,0.03,6.45,0,32
vda,5.00,0.00,4.46,0,22
vda,2.40,0.00,0.01,0,0
vda,1.80,0.00,0.01,0,0
vda,4.40,0.00,0.01,0,0
vda,7.80,0.03,0.01,0,0
vda,5.00,0.00,0.03,0,0
vda,3.20,0.00,0.01,0,0
vda,19.00,0.00,0.11,0,0
vda,2.00,0.00,0.01,0,0
vda,17.80,0.00,3.26,0,16
vda,7.00,0.00,2.37,0,11
vda,1.80,0.00,0.01,0,0
vda,11.40,0.00,6.45,0,32
vda,8.80,0.00,4.68,0,23
vda,4.40,0.00,0.02,0,0
vda,14.40,0.00,6.47,0,32
vda,5.60,0.00,4.55,0,22
vda,3.80,0.00,0.01,0,0
vda,10.00,0.00,6.44,0,32
vda,6.20,0.00,4.56,0,22
vda,3.60,0.00,0.01,0,0
vda,9.60,0.00,6.45,0,32
vda,4.20,0.00,4.47,0,22
vda,4.80,0.00,0.02,0,0
vda,2.40,0.00,0.01,0,0
vda,2.20,0.00,0.01,0,0
vda,0.00,0.00,0.00,0,0
vda,4.60,0.00,0.03,0,0
vda,16.40,0.00,1.68,0,8
vda,4.00,0.00,1.33,0,6
vda,2.60,0.00,0.01,0,0
vda,3.80,0.00,0.01,0,0
vda,12.00,0.02,6.45,0,32
vda,7.20,0.02,4.60,0,22
vda,21.60,0.00,6.48,0,32
vda,10.80,0.00,4.66,0,23
vda,4.60,0.00,0.02,0,0
vda,15.20,0.00,6.44,0,32
vda,9.80,0.00,4.64,0,23
vda,4.60,0.00,0.02,0,0
vda,18.00,0.00,6.45,0,32
vda,9.60,0.00,4.53,0,22
vda,9.20,0.09,0.02,0,0
vda,2.20,0.00,0.01,0,0
vda,2.00,0.00,0.01,0,0
vda,2.00,0.00,0.01,0,0
vda,19.20,0.00,3.28,0,16
vda,7.20,0.00,2.23,0,11
vda,10.60,0.00,0.04,0,0
vda,3.20,0.00,0.01,0,0
vda,2.20,0.02,0.01,0,0
vda,5.80,0.03,0.02,0,0
vda,28.00,0.00,6.52,0,32
vda,9.40,0.00,4.60,0,22
vda,10.20,0.00,6.44,0,32
vda,12.80,0.05,4.67,0,23
vda,4.80,0.00,0.02,0,0
vda,8.20,0.00,6.44,0,32
vda,6.60,0.00,4.65,0,23
vda,4.60,0.00,0.02,0,0
vda,24.40,0.09,6.46,0,32
vda,10.00,0.00,4.54,0,22
vda,0.20,0.00,0.00,0,0
vda,11.40,0.00,0.05,0,0
vda,0.00,0.00,0.00,0,0
vda,2.00,0.00,0.01,0,0
vda,2.80,0.00,0.02,0,0
vda,7.00,0.00,0.03,0,0
vda,13.00,0.00,5.43,0,27
vda,3.40,0.00,0.01,0,0
vda,4.20,0.00,0.02,0,0
vda,1.60,0.00,0.01,0,0
vda,2.80,0.00,0.02,0,0
vda,4.80,0.00,0.02,0,0
vda,29.20,0.00,6.45,0,32
vda,9.80,0.00,3.55,0,17
vda,18.20,0.00,7.35,0,36
vda,12.00,0.00,3.56,0,17
vda,4.80,0.00,0.02,0,0
vda,28.00,0.02,6.76,0,33
vda,10.00,0.00,3.50,0,17
vda,4.40,0.00,0.02,0,0
vda,14.60,0.00,6.43,0,32
vda,11.00,0.00,4.00,0,20
vda,5.00,0.00,0.02,0,0
vda,1.80,0.00,0.01,0,0
vda,15.00,0.00,0.06,0,0
vda,1.80,0.00,0.01,0,0
vda,2.80,0.00,0.02,0,0
vda,12.00,0.06,2.76,0,13
vda,33.00,0.50,5.43,2,27
vda,112.60,2.34,0.02,11,0
vda,14.00,0.29,0.01,1,0
vda,2.00,0.00,0.01,0,0
vda,5.00,0.00,0.03,0,0
vda,27.00,0.00,5.70,0,28
vda,12.00,0.00,3.55,0,17
vda,5.00,0.00,0.02,0,0
vda,16.60,0.00,6.45,0,32
vda,7.60,0.00,3.78,0,18
vda,5.40,0.01,0.02,0,0
vda,22.60,0.00,5.93,0,29
vda,24.60,0.00,9.89,0,49
vda,19.80,0.17,3.53,0,17
vda,5.00,0.00,0.02,0,0
vda,30.60,0.00,6.49,0,32
vda,10.80,0.00,4.50,0,22
vda,2.20,0.00,0.01,0,0
vda,5.60,0.04,0.02,0,0
vda,2.20,0.00,0.01,0,0
vda,0.00,0.00,0.00,0,0
vda,2.80,0.00,0.02,0,0
vda,6.40,0.00,0.03,0,0
vda,3.20,0.00,0.01,0,0
vda,9.60,0.00,0.04,0,0
vda,11.20,0.00,0.04,0,0
vda,7.80,0.04,0.03,0,0
vda,28.00,0.08,5.33,0,26
vda,13.00,0.00,3.56,0,17
vda,4.40,0.00,0.02,0,0
vda,20.40,0.00,5.86,0,29
vda,17.00,0.00,9.49,0,47
vda,10.80,0.00,3.56,0,17
vda,5.00,0.00,0.02,0,0
vda,24.80,0.09,5.34,0,26
vda,12.60,0.07,3.42,0,17
vda,5.20,0.00,0.02,0,0
vda,23.80,0.00,4.88,0,24
vda,11.20,0.00,5.61,0,28
vda,2.00,0.00,0.01,0,0
vda,4.00,0.00,0.01,0,0
vda,0.00,0.00,0.00,0,0
vda,1.80,0.00,0.01,0,0
vda,16.20,0.08,2.77,0,13
vda,7.80,0.00,0.03,0,0
vda,2.20,0.00,0.01,0,0
vda,2.00,0.00,0.01,0,0
vda,7.00,0.00,0.03,0,0
vda,2.00,0.00,0.01,0,0
vda,21.00,0.00,6.13,0,30
vda,12.80,0.00,3.55,0,17
vda,4.60,0.00,0.02,0,0
vda,25.40,0.04,6.24,0,31
vda,12.20,0.00,3.56,0,17
vda,26.60,0.00,6.45,0,32
vda,12.40,0.00,3.47,0,17
vda,20.00,0.00,6.00,0,30
vda,10.20,0.00,3.43,0,17
vda,20.00,0.00,6.16,0,30
vda,11.60,0.00,3.37,0,16
vda,2.80,0.00,0.01,0,0
vda,6.80,0.22,0.01,1,0
vda,2.00,0.00,0.01,0,0
vda,2.00,0.00,0.01,0,0
vda,5.80,0.00,1.44,0,7
vda,6.60,0.00,0.03,0,0
vda,3.20,0.00,0.01,0,0
vda,17.20,0.00,0.07,0,0
vda,10.80,0.00,0.04,0,0
vda,2.00,0.00,0.01,0,0
vda,4.20,0.00,0.03,0,0
vda,24.20,0.00,6.38,0,31
vda,14.60,0.08,3.55,0,17
vda,4.20,0.00,0.02,0,0
vda,25.80,0.00,6.02,0,30
vda,9.60,0.00,3.56,0,17
vda,13.80,0.00,6.02,0,30
vda,7.40,0.00,3.47,0,17
vda,18.00,0.00,6.41,0,32
vda,11.00,0.00,3.43,0,17
vda,20.60,0.00,5.88,0,29
vda,14.20,0.07,3.37,0,16
vda,2.80,0.00,0.01,0,0
vda,1.80,0.00,0.01,0,0
vda,1.80,0.00,0.01,0,0
vda,2.40,0.02,0.01,0,0
vda,6.60,0.00,1.72,0,8
vda,12.80,0.00,0.06,0,0
vda,4.00,0.00,0.02,0,0
vda,2.00,0.00,0.01,0,0
vda,14.40,0.02,0.05,0,0
vda,2.40,0.00,0.01,0,0
vda,31.00,0.00,5.55,0,27
vda,12.40,0.00,3.55,0,17
vda,4.00,0.00,0.02,0,0
vda,21.00,0.00,6.36,0,31
vda,24.20,0.00,8.89,0,44
vda,11.20,0.00,3.47,0,17
vda,5.00,0.00,0.02,0,0
vda,16.20,0.00,5.51,0,27
vda,8.60,0.03,3.43,0,17
vda,4.60,0.00,0.02,0,0
vda,22.00,0.00,6.19,0,30
vda,6.00,0.00,2.76,0,13
vda,1.80,0.00,0.01,0,0
vda,2.00,0.00,0.01,0,0
vda,1.80,0.00,0.01,0,0
vda,1.80,0.00,0.01,0,0
vda,8.80,0.05,1.40,0,6
vda,8.60,0.00,2.77,0,13
vda,10.00,0.00,0.04,0,0
vda,2.40,0.00,0.01,0,0
vda,9.00,0.00,0.04,0,0
vda,1.80,0.00,0.01,0,0
vda,3.00,0.00,0.02,0,0
vda,2.00,0.00,0.01,0,0
vda,7.20,0.00,0.05,0,0
vda,2.00,0.00,0.01,0,0
vda,6.40,0.05,0.02,0,0
vda,2.20,0.00,0.01,0,0
vda,0.60,0.00,0.01,0,0
vda,2.20,0.00,0.01,0,0
vda,1.80,0.00,0.01,0,0
vda,4.60,0.00,0.02,0,0
vda,0.00,0.00,0.00,0,0
vda,8.80,0.00,0.04,0,0
vda,8.00,0.14,0.02,0,0
vda,7.80,0.03,0.03,0,0
vda,4.00,0.06,0.01,0,0
vda,2.00,0.00,0.01,0,0
vda,6.00,0.00,0.03,0,0
vda,8.80,0.04,0.01,0,0
vda,2.60,0.00,0.02,0,0
vda,10.40,0.19,0.01,0,0
vda,13.80,0.00,0.06,0,0
vda,2.00,0.00,0.01,0,0
