3356993.0667,97761.866667,13522.4
2232752.0,259516.0,15348.0
2232752.0,259516.0,15348.0
2197574.6667,276720.26667,15352.0
1705092.0,517580.0,15408.0
1705092.0,517580.0,15408.0
1579422.1333,565899.46667,15416.533333
762568.0,879976.0,15472.0
719324.8,872427.73333,15175.2
113920.0,766752.0,11020.0
128423.82222,615626.66667,11071.2
128423.82222,615626.66667,11071.2
128423.82222,615626.66667,11071.2
134316.0,554232.0,11092.0
131258.93333,565764.26667,11121.866667
111388.0,640724.0,11316.0
147934.13333,595402.4,11333.066667
385484.0,300812.0,11444.0
385484.0,300812.0,11444.0
373595.46667,312090.13333,11448.8
207156.0,469984.0,11516.0
207156.0,469984.0,11516.0
207156.0,469984.0,11516.0
115856.0,553540.0,11580.0
115856.0,553540.0,11580.0
143380.0,482652.0,11636.0
143380.0,482652.0,11636.0
143380.0,482652.0,11636.0
121524.0,498400.0,11700.0
121524.0,498400.0,11700.0
121524.0,498400.0,11700.0
105212.0,499256.0,11764.0
105212.0,499256.0,11764.0
147864.0,470548.0,11960.0
147864.0,470548.0,11960.0
147864.0,470548.0,11960.0
118836.0,494348.0,12032.0
118836.0,494348.0,12032.0
118836.0,494348.0,12032.0
133213.06667,463357.6,12102.933333
134240.0,461144.0,12108.0
125160.8,471613.33333,12163.466667
123764.0,473224.0,12172.0
123764.0,473224.0,12172.0
232162.4,364544.0,12192.533333
271580.0,325024.0,12200.0
203820.0,378313.86667,12246.933333
179180.0,397692.0,12264.0
179180.0,397692.0,12264.0
151985.06667,427474.13333,9800.0
142096.0,438304.0,8904.0
142096.0,438304.0,8904.0
121058.13333,458860.8,8959.7333333
113408.0,466336.0,8980.0
113408.0,466336.0,8980.0
121494.4,439942.4,9024.8
123516.0,433344.0,9036.0
123550.66667,433264.26667,7957.8666667
123556.0,433252.0,7792.0
123556.0,433252.0,7792.0
151129.86667,433674.93333,7857.8666667
155372.0,433740.0,7868.0
155372.0,433740.0,7868.0
118975.46667,470445.06667,7926.9333333
113376.0,476092.0,7936.0
129776.8,458772.53333,8005.3333333
132300.0,456108.0,8016.0
132300.0,456108.0,8016.0
221233.86667,359658.4,8071.4666667
234916.0,344820.0,8080.0
234916.0,344820.0,8080.0
130621.6,449008.8,8131.2
104548.0,475056.0,8144.0
119620.0,458640.0,8195.2
123388.0,454536.0,8208.0
123388.0,454536.0,8208.0
340750.93333,230056.8,8249.0666667
419792.0,148428.0,8264.0
419792.0,148428.0,8264.0
293299.2,271720.8,8315.2
261676.0,302544.0,8328.0
245724.0,313974.4,8385.6
241736.0,316832.0,8400.0
241736.0,316832.0,8400.0
432900.8,114390.4,8451.2
480692.0,63780.0,8464.0
480692.0,63780.0,8464.0
472293.86667,64011.733333,8510.9333333
469240.0,64096.0,8528.0
