vda,1.40,0.00,0.01,0,0
vda,59.80,0.34,0.13,1,0
vda,3.00,0.00,0.01,0,0
vda,1.80,0.00,0.01,0,0
vda,1.80,0.00,0.01,0,0
vda,0.00,0.00,0.00,0,0
vda,3.00,0.00,0.01,0,0
vda,433.00,5.33,0.02,26,0
vda,132.40,1.38,0.01,6,0
vda,327.60,4.33,0.03,21,0
vda,143.80,1.33,0.02,6,0
vda,8.20,0.00,0.03,0,0
vda,8.20,0.09,0.04,0,0
vda,16.40,0.00,0.08,0,0
vda,2.20,0.00,0.01,0,0
vda,1.80,0.00,0.01,0,0
vda,2.00,0.00,0.01,0,0
vda,1.80,0.00,0.01,0,0
vda,0.00,0.00,0.00,0,0
vda,5.20,0.00,0.02,0,0
vda,2.60,0.00,0.01,0,0
vda,2.20,0.00,0.01,0,0
vda,1.80,0.00,0.01,0,0
vda,2.00,0.00,0.01,0,0
vda,0.00,0.00,0.00,0,0
vda,2.60,0.00,0.01,0,0
