vda,17.60,0.00,0.08,0,0
vda,2.80,0.00,0.01,0,0
vda,28.80,0.27,0.00,1,0
vda,2.20,0.07,0.00,0,0
vda,11.18,0.00,0.05,0,0
vda,0.80,0.00,0.00,0,0
vda,0.00,0.00,0.00,0,0
vda,0.60,0.00,0.00,0,0
vda,0.00,0.00,0.00,0,0
vda,0.60,0.00,0.00,0,0
vda,0.80,0.00,0.01,0,0
vda,2.00,0.00,0.01,0,0
vda,260.80,3.26,0.00,16,0
vda,262.20,2.96,0.02,14,0
vda,269.00,3.80,0.02,19,0
vda,237.20,2.31,0.02,11,0
vda,18.40,0.01,0.06,0,0
vda,7.40,0.09,0.04,0,0
vda,8.40,0.00,0.06,0,0
vda,0.80,0.00,0.00,0,0
vda,8.00,0.00,0.03,0,0
vda,0.40,0.00,0.00,0,0
vda,4.40,0.00,0.02,0,0
vda,8.80,0.00,0.04,0,0
vda,1.40,0.00,0.01,0,0
vda,0.80,0.00,0.00,0,0
vda,0.00,0.00,0.00,0,0
