vda,1.20,0.00,0.01,0,0
vda,28.60,0.00,0.13,0,0
vda,3.00,0.00,0.01,0,0
vda,2.00,0.00,0.01,0,0
vda,1.80,0.00,0.01,0,0
vda,4.00,0.00,0.02,0,0
vda,3.60,0.00,0.02,0,0
vda,0.00,0.00,0.00,0,0
vda,2.00,0.00,0.01,0,0
vda,3.60,0.00,0.01,0,0
vda,1.80,0.00,0.01,0,0
vda,9.00,0.00,0.04,0,0
vda,273.60,3.45,0.01,17,0
vda,303.60,3.59,0.02,17,0
vda,329.00,12.76,0.03,63,0
vda,30.20,1.73,0.01,8,0
vda,137.40,1.10,0.05,5,0
vda,15.60,0.00,0.06,0,0
vda,21.40,0.09,0.18,0,0
vda,0.00,0.00,0.00,0,0
vda,1.80,0.00,0.01,0,0
vda,1.80,0.00,0.01,0,0
vda,1.80,0.00,0.01,0,0
vda,0.00,0.00,0.00,0,0
vda,2.60,0.00,0.01,0,0
vda,7.80,0.00,0.04,0,0
vda,2.20,0.00,0.01,0,0
