vda,0.40,0.00,0.00,0,0
vda,29.00,0.27,0.01,1,0
vda,25.60,0.07,0.12,0,0
vda,1.20,0.00,0.00,0,0
vda,0.00,0.00,0.00,0,0
vda,8.00,0.00,0.03,0,0
vda,0.00,0.00,0.00,0,0
vda,0.60,0.00,0.00,0,0
vda,0.80,0.00,0.01,0,0
vda,3.20,0.00,0.01,0,0
vda,0.80,0.00,0.00,0,0
vda,1.00,0.00,0.00,0,0
vda,229.20,2.81,0.01,14,0
vda,293.20,3.41,0.01,17,0
vda,228.20,3.31,0.02,16,0
vda,278.20,2.80,0.02,14,0
vda,14.20,0.01,0.04,0,0
vda,13.00,0.09,0.07,0,0
vda,10.00,0.00,0.04,0,0
vda,0.40,0.00,0.00,0,0
vda,2.20,0.00,0.01,0,0
vda,1.80,0.00,0.01,0,0
vda,0.00,0.00,0.00,0,0
vda,2.00,0.00,0.01,0,0
vda,6.20,0.00,0.03,0,0
vda,0.00,0.00,0.00,0,0
