vda,0.20,0.00,0.00,0,0
vda,2.40,0.00,0.01,0,0
vda,2.00,0.00,0.01,0,0
vda,2.60,0.00,0.02,0,0
vda,21.20,0.00,0.10,0,0
vda,2.20,0.00,0.01,0,0
vda,5.80,0.00,0.02,0,0
vda,2.00,0.00,0.01,0,0
vda,0.00,0.00,0.00,0,0
vda,2.20,0.00,0.01,0,0
vda,2.40,0.00,0.01,0,0
vda,3.80,0.00,0.01,0,0
vda,282.40,3.46,0.01,17,0
vda,244.60,2.76,0.03,13,0
vda,286.80,3.98,0.04,19,0
vda,220.20,2.15,0.02,10,0
vda,32.40,0.00,0.55,0,2
vda,14.20,0.00,0.06,0,0
vda,8.60,0.09,0.04,0,0
vda,0.00,0.00,0.00,0,0
vda,1.80,0.00,0.01,0,0
vda,1.80,0.00,0.01,0,0
vda,2.80,0.00,0.01,0,0
vda,16.20,0.00,0.09,0,0
vda,0.00,0.00,0.00,0,0
vda,2.20,0.00,0.01,0,0
vda,1.80,0.00,0.01,0,0
vda,2.40,0.00,0.01,0,0
