vda,0.40,0.00,0.00,0,0
vda,8.20,0.00,0.04,0,0
vda,24.60,0.00,0.11,0,0
vda,176.00,0.00,0.69,0,3
vda,5.20,0.00,0.02,0,0
vda,0.00,0.00,0.00,0,0
vda,1.60,0.00,0.01,0,0
vda,142.00,0.00,0.58,0,2
vda,2.40,0.00,0.01,0,0
vda,0.00,0.00,0.00,0,0
vda,12.20,0.00,0.24,0,1
vda,3.20,0.00,0.01,0,0
vda,7.60,0.00,0.03,0,0
vda,281.00,0.00,1.17,0,5
vda,7.40,1.63,0.01,8,0
vda,11.20,3.21,0.01,16,0
vda,11.40,0.00,0.04,0,0
vda,145.80,0.00,0.70,0,3
vda,0.20,0.00,0.00,0,0
vda,12.00,0.00,0.05,0,0
vda,1.20,0.00,0.00,0,0
vda,2.00,0.00,0.01,0,0
vda,11.00,0.00,0.24,0,1
vda,5.80,0.00,0.05,0,0
vda,20.80,0.00,0.08,0,0
vda,178.60,0.00,0.72,0,3
vda,5.00,0.00,0.02,0,0
