vda,139.80,0.00,0.57,0,2
vda,6.20,0.00,0.02,0,0
vda,5.00,0.00,0.02,0,0
vda,26.00,0.00,0.12,0,0
vda,161.80,0.00,0.63,0,3
vda,5.40,0.00,0.02,0,0
vda,0.00,0.00,0.00,0,0
vda,15.80,0.07,0.06,0,0
vda,141.00,0.00,0.64,0,3
vda,6.59,0.89,0.01,4,0
vda,12.40,3.72,0.01,18,0
vda,19.40,4.45,0.02,22,0
vda,156.20,7.19,0.55,35,2
vda,16.80,4.83,0.01,24,0
vda,30.20,8.21,0.02,41,0
vda,197.80,4.67,0.74,23,3
vda,26.00,8.64,0.01,43,0
vda,22.00,5.68,0.03,28,0
vda,2.80,1.08,0.00,5,0
vda,197.00,22.26,0.55,111,2
vda,8.00,0.12,0.03,0,0
vda,3.40,0.00,0.01,0,0
vda,127.80,0.00,0.53,0,2
vda,6.20,0.00,0.02,0,0
vda,1.20,0.00,0.00,0,0
vda,192.00,0.00,0.75,0,3
vda,5.80,0.00,0.02,0,0
vda,3.60,0.10,0.01,0,0
vda,2.80,0.00,0.01,0,0
vda,8.00,0.00,0.03,0,0
vda,0.00,0.00,0.00,0,0
vda,137.60,0.00,0.57,0,2
vda,6.40,0.00,0.03,0,0
vda,1.40,0.00,0.01,0,0
vda,0.00,0.00,0.00,0,0
vda,7.00,0.00,0.03,0,0
vda,138.40,0.00,0.58,0,2
vda,2.60,0.00,0.01,0,0
vda,9.20,0.03,0.03,0,0
vda,1.80,0.00,0.01,0,0
vda,0.00,0.00,0.00,0,0
vda,198.40,0.00,0.80,0,4
vda,4.40,0.00,0.02,0,0
vda,0.00,0.00,0.00,0,0
vda,8.00,0.00,0.03,0,0
vda,128.80,0.00,0.54,0,2
vda,3.40,0.01,0.01,0,0
vda,8.00,0.10,0.03,0,0
vda,1.60,0.00,0.01,0,0
vda,4.80,0.00,0.02,0,0
vda,202.40,0.00,0.82,0,4
vda,3.80,0.00,0.01,0,0
vda,0.00,0.00,0.00,0,0
vda,5.20,0.00,0.02,0,0
vda,128.40,0.00,0.53,0,2
vda,2.80,0.00,0.01,0,0
vda,5.20,0.00,0.02,0,0
vda,5.80,0.08,0.01,0,0
vda,3.60,0.00,0.01,0,0
vda,141.00,0.00,0.60,0,2
vda,2.60,0.00,0.01,0,0
vda,0.20,0.00,0.00,0,0
vda,5.00,0.00,0.02,0,0
vda,192.00,0.00,0.77,0,3
vda,4.40,0.00,0.02,0,0
vda,7.60,0.01,0.03,0,0
vda,2.40,0.05,0.01,0,0
vda,137.80,0.00,0.59,0,2
vda,6.00,0.00,0.02,0,0
vda,0.00,0.00,0.00,0,0
vda,1.40,0.00,0.01,0,0
vda,5.20,0.00,0.02,0,0
vda,140.00,0.00,0.58,0,2
vda,5.40,0.05,0.02,0,0
vda,5.80,0.00,0.02,0,0
vda,0.00,0.00,0.00,0,0
vda,261.20,0.05,1.03,0,5
vda,6.60,0.00,0.03,0,0
vda,1.00,0.00,0.00,0,0
vda,1.80,0.00,0.01,0,0
vda,6.60,0.00,0.03,0,0
vda,128.80,0.00,0.54,0,2
vda,2.60,0.00,0.01,0,0
vda,1.20,0.00,0.00,0,0
vda,5.20,0.00,0.02,0,0
vda,2.00,0.01,0.00,0,0
vda,5.60,0.00,0.02,0,0
vda,201.60,0.00,0.82,0,4
vda,5.39,0.00,0.02,0,0
vda,5.40,0.00,0.02,0,0
vda,0.00,0.00,0.00,0,0
vda,40.20,0.07,0.28,0,1
vda,7.00,0.00,0.03,0,0
vda,3.20,0.00,0.02,0,0
vda,9.20,0.00,0.06,0,0
vda,128.40,0.00,0.50,0,2
vda,4.20,0.06,0.01,0,0
vda,1.60,0.00,0.01,0,0
vda,6.40,0.00,0.03,0,0
vda,2.20,0.00,0.01,0,0
vda,1.80,0.00,0.01,0,0
vda,47.20,0.00,0.21,0,1
vda,170.60,0.00,6.24,0,31
vda,8.60,0.00,0.03,0,0
vda,5.20,0.00,0.02,0,0
vda,1.20,0.00,0.00,0,0
vda,3.20,0.06,0.01,0,0
vda,5.40,0.00,0.02,0,0
vda,26.40,0.00,0.13,0,0
vda,113.20,0.00,0.44,0,2
vda,5.20,0.00,0.02,0,0
