vda,139.00,0.00,0.56,0,2
vda,6.40,0.00,0.03,0,0
vda,1.60,0.00,0.01,0,0
vda,6.60,0.00,0.22,0,1
vda,7.00,0.00,0.03,0,0
vda,1.00,0.04,0.00,0,0
vda,3.80,0.00,0.02,0,0
vda,268.80,0.00,1.05,0,5
vda,13.80,0.00,0.08,0,0
vda,1.60,0.00,0.01,0,0
vda,44.00,12.78,0.00,63,0
vda,74.20,17.21,0.08,86,0
vda,15.80,4.01,0.03,20,0
vda,15.20,4.28,0.06,21,0
vda,25.40,2.30,0.07,11,0
vda,15.00,2.51,0.23,12,1
vda,203.60,8.64,0.70,43,3
vda,18.20,4.59,0.02,22,0
vda,9.00,2.27,0.02,11,0
vda,9.60,0.00,0.04,0,0
vda,0.00,0.00,0.00,0,0
vda,1.80,0.00,0.01,0,0
vda,22.40,0.00,0.09,0,0
vda,8.60,0.00,0.04,0,0
vda,6.00,0.00,0.05,0,0
vda,114.40,0.00,0.47,0,2
vda,6.40,0.00,0.03,0,0
vda,13.20,0.00,0.25,0,1
vda,5.80,0.05,0.02,0,0
vda,6.20,0.00,0.02,0,0
vda,18.40,0.00,0.07,0,0
vda,8.00,0.00,0.04,0,0
vda,0.20,0.00,0.00,0,0
vda,7.40,0.00,0.07,0,0
vda,3.20,0.00,0.01,0,0
vda,186.80,0.00,0.73,0,3
vda,3.60,0.05,0.01,0,0
vda,8.40,0.00,0.04,0,0
vda,12.80,0.00,0.05,0,0
vda,6.40,0.00,0.22,0,1
vda,9.40,0.00,0.07,0,0
vda,8.20,0.00,0.03,0,0
vda,0.20,0.00,0.00,0,0
vda,10.60,0.00,0.05,0,0
vda,173.60,0.00,0.68,0,3
vda,23.20,0.00,0.09,0,0
vda,3.60,0.01,0.01,0,0
vda,12.20,0.00,0.07,0,0
vda,0.00,0.00,0.00,0,0
vda,5.00,0.00,0.03,0,0
vda,119.40,0.00,0.47,0,2
vda,8.40,0.00,0.23,0,1
vda,3.20,0.00,0.01,0,0
vda,23.60,0.00,0.10,0,0
vda,4.80,0.00,0.05,0,0
vda,8.40,0.00,0.04,0,0
vda,6.20,0.00,0.02,0,0
vda,207.00,0.00,0.85,0,4
vda,0.20,0.00,0.00,0,0
vda,5.00,0.00,0.02,0,0
vda,1.40,0.00,0.01,0,0
vda,134.40,0.00,0.55,0,2
vda,6.80,0.00,0.03,0,0
vda,10.60,0.02,0.24,0,1
vda,2.80,0.00,0.01,0,0
vda,5.20,0.00,0.02,0,0
vda,206.20,0.00,0.85,0,4
vda,1.20,0.00,0.00,0,0
vda,5.20,0.00,0.02,0,0
vda,0.20,0.00,0.00,0,0
vda,133.20,0.00,0.56,0,2
vda,3.20,0.00,0.01,0,0
vda,5.00,0.00,0.02,0,0
vda,0.80,0.00,0.00,0,0
vda,2.80,0.00,0.01,0,0
vda,13.20,0.00,0.25,0,1
vda,5.80,0.00,0.03,0,0
vda,183.20,0.00,0.72,0,3
vda,9.80,0.00,0.04,0,0
vda,1.20,0.00,0.00,0,0
vda,12.40,0.00,0.05,0,0
vda,137.40,0.00,0.57,0,2
vda,6.40,0.00,0.02,0,0
vda,5.20,0.00,0.02,0,0
vda,139.80,0.00,0.58,0,2
vda,0.20,0.00,0.00,0,0
vda,1.40,0.00,0.01,0,0
vda,11.80,0.00,0.24,0,1
vda,3.40,0.00,0.01,0,0
vda,0.20,0.00,0.00,0,0
vda,200.00,0.00,0.82,0,4
vda,2.20,0.00,0.01,0,0
vda,3.00,0.03,0.01,0,0
vda,12.40,0.19,0.03,0,0
vda,1.20,0.00,0.00,0,0
vda,5.20,0.00,0.02,0,0
vda,16.80,0.01,5.64,0,28
vda,9.00,0.00,0.04,0,0
vda,131.20,0.00,0.52,0,2
vda,19.20,0.00,0.27,0,1
vda,0.00,0.00,0.00,0,0
vda,3.60,0.00,0.01,0,0
vda,14.60,0.13,0.04,0,0
vda,3.20,0.00,0.01,0,0
vda,0.20,0.00,0.00,0,0
