vda,21.40,0.01,0.10,0,0
vda,0.20,0.00,0.00,0,0
vda,1.20,0.00,0.00,0,0
vda,9.80,0.00,0.04,0,0
vda,1.20,0.00,0.00,0,0
vda,1.60,0.00,0.01,0,0
vda,1.00,0.00,0.00,0,0
vda,144.40,1.73,0.02,8,0
vda,199.60,2.22,0.02,11,0
vda,95.60,25.65,0.02,128,0
vda,78.00,23.55,0.04,117,0
vda,80.80,24.89,0.13,124,0
vda,68.60,25.10,0.01,125,0
vda,70.80,26.19,0.01,130,0
vda,73.40,26.20,0.03,131,0
vda,65.80,24.20,0.01,121,0
vda,73.40,26.20,0.04,131,0
vda,52.40,18.50,0.01,92,0
vda,3.60,0.00,0.01,0,0
vda,48.00,0.63,0.00,3,0
vda,11.20,0.08,0.01,0,0
vda,3.80,0.00,0.01,0,0
vda,25.40,0.00,10.50,0,52
vda,10.60,0.00,7.15,0,35
vda,1.80,0.00,0.01,0,0
vda,2.60,0.01,0.01,0,0
vda,0.00,0.00,0.00,0,0
vda,28.40,0.00,9.25,0,46
vda,4.20,0.00,6.11,0,30
vda,7.20,0.00,0.03,0,0
vda,2.60,0.00,0.01,0,0
vda,13.60,0.00,0.05,0,0
vda,28.40,0.00,10.15,0,50
vda,13.40,0.00,6.67,0,33
vda,3.60,0.00,0.01,0,0
vda,3.40,0.00,0.01,0,0
vda,25.00,0.01,10.18,0,50
vda,10.80,0.00,6.28,0,31
vda,2.40,0.00,0.01,0,0
vda,0.20,0.00,0.00,0,0
vda,17.60,0.00,5.68,0,28
vda,19.20,0.00,17.17,0,85
vda,10.60,0.00,3.82,0,19
vda,4.00,0.00,0.02,0,0
vda,1.40,0.00,0.01,0,0
vda,23.80,0.00,9.62,0,48
vda,26.20,0.00,15.95,0,79
vda,8.40,0.02,6.09,0,30
vda,2.40,0.00,0.01,0,0
vda,3.40,0.00,0.01,0,0
vda,32.20,0.00,10.45,0,52
vda,13.00,0.00,6.34,0,31
vda,15.40,0.00,0.06,0,0
vda,10.60,0.00,0.04,0,0
vda,22.40,0.00,10.43,0,52
vda,16.40,0.00,6.22,0,31
vda,4.20,0.00,0.02,0,0
vda,10.40,0.00,6.19,0,30
vda,26.80,0.05,12.89,0,64
vda,22.00,0.00,10.64,0,53
vda,4.80,0.00,3.31,0,16
vda,4.40,0.00,0.02,0,0
vda,16.60,0.00,10.13,0,50
vda,9.00,0.00,6.65,0,33
vda,1.80,0.00,0.01,0,0
vda,0.00,0.00,0.00,0,0
vda,0.80,0.00,0.00,0,0
vda,0.00,0.00,0.00,0,0
vda,1.80,0.00,0.01,0,0
vda,5.20,0.11,0.02,0,0
vda,17.40,0.00,0.07,0,0
vda,0.00,0.00,0.00,0,0
vda,0.60,0.00,0.00,0,0
vda,1.40,0.00,0.00,0,0
vda,0.80,0.00,0.00,0,0
vda,1.00,0.00,0.01,0,0
vda,5.80,0.00,0.04,0,0
vda,0.80,0.00,0.00,0,0
