vda,3.80,0.00,0.02,0,0
vda,1.00,0.00,0.00,0,0
vda,0.60,0.00,0.01,0,0
vda,1.00,0.00,0.00,0,0
vda,3.00,0.00,0.01,0,0
vda,0.20,0.00,0.00,0,0
vda,8.00,0.00,0.05,0,0
vda,3.40,0.00,0.01,0,0
vda,5.60,0.00,0.03,0,0
vda,134.80,8.69,0.00,43,0
vda,57.00,3.02,0.05,15,0
vda,0.00,0.00,0.00,0,0
vda,8.80,0.00,0.04,0,0
vda,10.80,0.00,0.10,0,0
vda,9.60,0.00,0.04,0,0
vda,9.00,0.00,0.03,0,0
vda,7.80,0.00,0.03,0,0
vda,16.60,0.00,0.08,0,0
vda,7.40,0.00,0.03,0,0
vda,8.20,0.00,0.07,0,0
vda,2.80,0.00,0.01,0,0
vda,0.20,0.00,0.00,0,0
vda,6.20,0.00,0.03,0,0
vda,1.60,0.00,0.01,0,0
vda,1.00,0.00,0.00,0,0
vda,0.00,0.00,0.00,0,0
vda,0.60,0.00,0.00,0,0
