vda,1.00,0.00,0.01,0,0
vda,28.80,0.00,0.13,0,0
vda,2.80,0.00,0.01,0,0
vda,1.80,0.00,0.01,0,0
vda,10.00,0.00,0.04,0,0
vda,2.00,0.00,0.01,0,0
vda,3.60,0.00,0.02,0,0
vda,1.80,0.00,0.01,0,0
vda,0.00,0.00,0.00,0,0
vda,4.80,0.00,0.02,0,0
vda,7.80,0.00,0.03,0,0
vda,0.00,0.00,0.00,0,0
vda,350.40,4.28,0.01,21,0
vda,354.29,4.56,0.02,22,0
vda,234.80,20.03,0.02,100,0
vda,28.80,4.71,0.01,23,0
vda,144.80,1.33,0.02,6,0
vda,18.00,0.00,0.08,0,0
vda,10.40,0.09,0.04,0,0
vda,7.00,0.00,0.04,0,0
vda,6.00,0.00,0.02,0,0
vda,2.20,0.00,0.01,0,0
vda,15.40,0.00,0.11,0,0
vda,2.60,0.00,0.01,0,0
vda,1.80,0.00,0.01,0,0
vda,1.80,0.00,0.01,0,0
vda,11.20,0.00,0.05,0,0
vda,2.20,0.00,0.01,0,0
