3240688.0,256160.0,38020.0
3240688.0,256160.0,38020.0
2636868.0,416218.66667,38040.0
1429228.0,736336.0,38080.0
1429228.0,736336.0,38080.0
1134528.2667,813669.33333,38090.666667
324104.0,1026336.0,38120.0
266273.6,894923.73333,38134.933333
107240.0,533540.0,38176.0
107240.0,533540.0,38176.0
110864.53333,507044.0,38186.666667
120832.0,434180.0,38216.0
120832.0,434180.0,38216.0
162596.0,403880.8,38227.2
329652.0,282684.0,38272.0
275670.13333,335119.2,38288.0
127220.0,479316.0,38332.0
127220.0,479316.0,38332.0
123052.0,482888.0,38350.666667
114716.0,490032.0,38388.0
114716.0,490032.0,38388.0
195255.2,403276.8,38412.0
316064.0,273144.0,38448.0
316064.0,273144.0,38448.0
252708.0,333078.66667,36574.666667
125996.0,452948.0,32828.0
231169.33333,353535.73333,32845.066667
520396.0,80152.0,32892.0
520396.0,80152.0,32892.0
1487553.3333,80490.666667,33010.666667
