vda,2.40,0.00,0.01,0,0
vda,4.00,0.00,0.02,0,0
vda,20.80,0.00,0.10,0,0
vda,0.60,0.00,0.00,0,0
vda,0.00,0.00,0.00,0,0
vda,0.60,0.00,0.00,0,0
vda,2.20,0.00,0.01,0,0
vda,5.20,0.00,0.03,0,0
vda,4.60,0.00,0.02,0,0
vda,22.20,5.02,0.02,25,0
vda,5.40,1.64,0.00,8,0
vda,16.00,6.04,0.00,30,0
vda,9.60,3.66,0.00,18,0
vda,27.80,7.24,0.05,36,0
vda,2.20,0.23,0.01,1,0
vda,0.40,0.00,0.05,0,0
vda,10.80,0.00,0.05,0,0
vda,10.40,0.00,0.04,0,0
vda,7.60,0.00,0.03,0,0
vda,12.60,0.00,0.05,0,0
vda,6.80,0.00,0.04,0,0
vda,0.00,0.00,0.00,0,0
vda,8.00,0.00,0.03,0,0
vda,8.00,0.00,0.06,0,0
vda,0.00,0.00,0.00,0,0
vda,1.80,0.00,0.01,0,0
vda,2.00,0.00,0.01,0,0
vda,2.00,0.00,0.01,0,0
vda,0.20,0.00,0.00,0,0
vda,0.60,0.00,0.00,0,0
