vda,0.20,0.00,0.00,0,0
vda,2.60,0.00,0.01,0,0
vda,1.80,0.00,0.01,0,0
vda,2.80,0.00,0.01,0,0
vda,2.00,0.00,0.01,0,0
vda,2.80,0.00,0.02,0,0
vda,28.00,0.00,0.12,0,0
vda,47.20,0.72,0.02,3,0
vda,196.40,7.39,0.02,36,0
vda,22.60,7.55,0.01,37,0
vda,42.40,13.20,0.01,65,0
vda,89.20,30.93,0.02,154,0
vda,114.20,42.23,0.02,211,0
vda,29.60,7.04,0.06,35,0
vda,39.00,13.04,0.03,65,0
vda,61.80,22.19,0.07,110,0
vda,77.60,26.46,0.02,132,0
vda,55.00,19.34,0.02,96,0
vda,46.60,14.58,0.01,72,0
vda,70.00,20.99,0.05,104,0
vda,25.20,8.23,0.02,41,0
vda,82.80,28.24,0.04,141,0
vda,28.60,8.49,0.01,42,0
vda,62.60,0.75,0.02,3,0
vda,19.60,0.09,4.02,0,20
vda,5.00,0.00,0.02,0,0
vda,22.80,0.00,10.97,0,54
vda,4.20,0.00,0.02,0,0
vda,20.20,0.00,10.96,0,54
vda,21.40,0.00,11.42,0,57
vda,5.00,0.00,0.02,0,0
vda,0.00,0.00,0.00,0,0
vda,1.80,0.00,0.01,0,0
vda,4.00,0.01,0.01,0,0
vda,10.00,0.07,0.03,0,0
vda,14.80,0.00,0.07,0,0
vda,26.60,0.00,8.37,0,41
vda,5.40,0.00,0.02,0,0
vda,10.40,0.00,11.55,0,57
vda,5.20,0.00,0.02,0,0
vda,14.20,0.00,11.12,0,55
vda,15.60,0.00,10.46,0,52
vda,5.80,0.00,0.02,0,0
vda,3.60,0.00,0.01,0,0
vda,8.20,0.13,0.02,0,0
vda,3.20,0.00,0.01,0,0
vda,11.20,0.00,0.04,0,0
vda,5.20,0.00,0.02,0,0
vda,26.00,0.00,10.52,0,52
vda,7.20,0.00,10.57,0,52
vda,5.80,0.00,0.02,0,0
vda,15.80,0.00,10.35,0,51
vda,20.20,0.04,10.14,0,50
vda,2.40,0.00,0.01,0,0
vda,0.00,0.00,0.00,0,0
vda,2.00,0.00,0.01,0,0
vda,3.00,0.00,0.01,0,0
vda,2.00,0.00,0.01,0,0
vda,22.60,0.00,10.71,0,53
vda,17.00,0.00,10.18,0,50
vda,16.40,0.00,10.19,0,50
vda,14.20,0.10,0.04,0,0
vda,24.40,0.00,10.22,0,51
vda,5.60,0.00,0.02,0,0
vda,0.00,0.00,0.00,0,0
vda,1.80,0.00,0.01,0,0
vda,1.80,0.00,0.01,0,0
vda,11.20,0.00,0.04,0,0
vda,19.40,0.00,9.24,0,46
vda,8.00,0.00,3.73,0,18
vda,7.40,0.00,10.21,0,51
vda,35.40,0.15,10.42,0,52
vda,6.60,0.00,0.03,0,0
vda,13.80,0.00,11.15,0,55
vda,0.20,0.00,0.00,0,0
vda,3.80,0.00,0.01,0,0
vda,1.80,0.00,0.01,0,0
vda,3.20,0.00,0.01,0,0
vda,11.40,0.00,0.04,0,0
vda,19.20,0.00,6.36,0,31
vda,17.60,0.00,8.38,0,41
vda,9.60,0.04,3.84,0,19
vda,24.20,0.14,9.64,0,48
vda,13.20,0.00,9.74,0,48
vda,12.40,0.00,0.05,0,0
vda,22.40,0.00,9.97,0,49
vda,2.40,0.00,0.01,0,0
vda,2.00,0.00,0.01,0,0
vda,3.20,0.00,0.01,0,0
vda,11.20,0.00,0.04,0,0
vda,22.80,0.00,9.55,0,47
vda,6.20,0.00,0.02,0,0
vda,20.20,0.10,9.71,0,48
vda,23.40,0.00,9.74,0,48
vda,9.40,0.00,9.86,0,49
vda,6.20,0.00,0.02,0,0
vda,3.80,0.00,0.01,0,0
vda,2.20,0.00,0.01,0,0
vda,1.80,0.00,0.01,0,0
vda,3.20,0.00,0.01,0,0
vda,17.40,0.00,10.19,0,50
vda,16.40,0.14,0.05,0,0
vda,23.80,0.00,10.18,0,50
vda,12.80,0.00,10.56,0,52
vda,12.40,0.00,9.87,0,49
vda,6.80,0.00,0.03,0,0
vda,2.80,0.00,0.01,0,0
vda,0.20,0.00,0.00,0,0
vda,2.00,0.00,0.01,0,0
vda,2.60,0.00,0.01,0,0
vda,39.60,0.06,8.29,0,41
vda,6.20,0.00,0.02,0,0
vda,17.60,0.00,9.67,0,48
vda,14.40,0.00,9.70,0,48
vda,12.80,0.00,9.94,0,49
vda,5.40,0.00,0.02,0,0
vda,12.00,0.00,9.75,0,48
vda,5.40,0.00,0.02,0,0
vda,10.00,0.18,0.01,0,0
vda,3.00,0.00,0.01,0,0
vda,14.60,0.06,0.05,0,0
vda,40.80,0.00,10.20,0,50
vda,18.80,0.00,9.69,0,48
vda,6.60,0.00,0.03,0,0
vda,8.80,0.00,9.66,0,48
vda,13.80,0.00,10.73,0,53
vda,6.40,0.00,0.03,0,0
vda,4.60,0.00,0.02,0,0
vda,2.00,0.00,0.01,0,0
vda,7.80,0.13,0.02,0,0
vda,10.00,0.00,0.04,0,0
vda,10.80,0.00,0.06,0,0
vda,7.00,0.00,0.05,0,0
vda,2.00,0.00,0.01,0,0
vda,0.00,0.00,0.00,0,0
vda,9.00,0.00,0.04,0,0
vda,2.20,0.00,0.01,0,0
vda,2.80,0.00,0.02,0,0
vda,4.00,0.05,0.01,0,0
vda,5.40,0.09,0.02,0,0
vda,6.60,0.00,0.03,0,0
vda,0.00,0.00,0.00,0,0
vda,1.80,0.00,0.01,0,0
vda,2.40,0.00,0.01,0,0
vda,9.40,0.00,0.04,0,0
vda,2.20,0.00,0.01,0,0
vda,5.40,0.00,0.03,0,0
vda,2.20,0.00,0.01,0,0
vda,6.80,0.07,0.02,0,0
