vda,0.80,0.00,0.01,0,0
vda,27.40,0.00,0.12,0,0
vda,2.60,0.00,0.01,0,0
vda,2.20,0.00,0.01,0,0
vda,1.80,0.00,0.01,0,0
vda,1.80,0.00,0.01,0,0
vda,0.60,0.00,0.00,0,0
vda,5.40,0.00,0.02,0,0
vda,2.00,0.00,0.01,0,0
vda,1.40,0.00,0.01,0,0
vda,2.00,0.00,0.01,0,0
vda,1.80,0.00,0.01,0,0
vda,353.80,4.36,0.02,21,0
vda,386.00,5.16,0.02,25,0
vda,157.40,2.37,0.05,11,0
vda,142.20,1.32,0.02,6,0
vda,16.00,0.09,0.09,0,0
vda,6.20,0.00,0.04,0,0
vda,3.00,0.00,0.01,0,0
vda,3.00,0.00,0.01,0,0
vda,2.60,0.00,0.01,0,0
vda,2.20,0.00,0.01,0,0
vda,0.00,0.00,0.00,0,0
vda,5.60,0.00,0.03,0,0
vda,9.60,0.00,0.04,0,0
vda,2.40,0.00,0.01,0,0
