2029184.0,1346348.0,49220.0
1929911.2,1345703.2,49223.733333
540092.0,1336676.0,49276.0
540092.0,1336676.0,49276.0
403176.8,1356251.4667,49290.933333
403176.8,1356251.4667,49290.933333
283376.0,1373380.0,49304.0
283376.0,1373380.0,49304.0
311043.73333,1413972.5333,49330.133333
313020.0,1416872.0,49332.0
320300.0,1357314.6667,49338.933333
321420.0,1348152.0,49340.0
321420.0,1348152.0,49340.0
331452.53333,1352540.8,49371.2
332996.0,1353216.0,49376.0
332996.0,1353216.0,49376.0
298090.13333,1387858.4,49393.333333
292720.0,1393188.0,49396.0
252553.6,1418612.0,49408.8
242512.0,1424968.0,49412.0
242512.0,1424968.0,49412.0
387242.66667,1289204.5333,49432.533333
439872.0,1239836.0,49440.0
