vda,0.60,0.00,0.00,0,0
vda,1.00,0.00,0.00,0,0
vda,0.00,0.00,0.00,0,0
vda,0.60,0.00,0.00,0,0
vda,27.40,0.27,0.00,1,0
vda,28.00,0.07,0.12,0,0
vda,2.60,0.00,0.01,0,0
vda,268.20,3.40,0.01,16,0
vda,297.80,3.47,0.01,17,0
vda,320.00,8.49,0.02,42,0
vda,41.80,10.35,0.01,51,0
vda,36.00,0.42,0.02,2,0
vda,108.20,0.88,0.02,4,0
vda,14.40,0.03,0.06,0,0
vda,4.40,0.00,0.03,0,0
vda,5.60,0.00,0.07,0,0
vda,8.80,0.00,0.03,0,0
vda,0.60,0.00,0.00,0,0
vda,3.60,0.00,0.01,0,0
vda,11.80,0.00,0.05,0,0
vda,10.60,0.00,0.08,0,0
vda,6.40,0.00,0.03,0,0
vda,3.40,0.00,0.01,0,0
vda,4.20,0.00,0.02,0,0
vda,1.20,0.00,0.00,0,0
vda,0.40,0.00,0.00,0,0
vda,5.40,0.00,0.02,0,0
vda,8.60,0.00,0.05,0,0
vda,13.60,0.08,0.05,0,0
vda,3.20,0.00,0.01,0,0
vda,0.00,0.00,0.00,0,0
vda,0.80,0.00,0.01,0,0
vda,1.60,0.00,0.01,0,0
vda,1.00,0.00,0.00,0,0
vda,1.80,0.00,0.01,0,0
vda,4.60,0.00,0.02,0,0
vda,0.80,0.00,0.00,0,0
