3442724.0,45044.0,3280.0
3264440.8,68794.4,3637.6
2551308.0,163796.0,5068.0
2062921.6,360439.2,5093.6
109376.0,1147012.0,5196.0
109376.0,1147012.0,5196.0
109031.46667,1083115.4667,5255.2
106792.0,667788.0,5640.0
106792.0,667788.0,5640.0
122364.8,644505.6,5741.6
184656.0,551376.0,6148.0
223244.0,513629.6,6188.8
377596.0,362644.0,6352.0
377596.0,362644.0,6352.0
352164.0,383616.0,6364.8
250436.0,467504.0,6416.0
250436.0,467504.0,6416.0
237492.53333,478926.93333,6424.5333333
153360.0,553176.0,6480.0
152261.6,555327.46667,6483.7333333
136884.0,585448.0,6536.0
136884.0,585448.0,6536.0
135251.73333,585788.0,6540.2666667
112400.0,590548.0,6600.0
112400.0,590548.0,6600.0
158036.0,544237.6,6612.8
340580.0,358996.0,6664.0
340580.0,358996.0,6664.0
299871.73333,395114.4,6680.0
187924.0,494440.0,6724.0
167585.86667,510218.13333,6740.0
111656.0,553608.0,6784.0
111656.0,553608.0,6784.0
116140.26667,544684.26667,6803.2
128472.0,520144.0,6856.0
128472.0,520144.0,6856.0
1005870.4,400085.33333,6869.8666667
3418716.0,69924.0,6908.0
