vda,24.20,1.13,0.03,5,0
vda,13.40,0.76,0.01,3,0
vda,214.20,1.13,0.78,5,3
vda,13.20,0.38,0.03,1,0
vda,20.80,1.13,0.01,5,0
vda,17.00,0.76,0.02,3,0
vda,157.40,1.13,0.57,5,2
vda,25.40,0.76,0.25,3,1
vda,29.60,1.14,0.08,5,0
vda,30.20,2.29,0.00,11,0
vda,25.20,1.51,0.01,7,0
vda,167.80,1.51,0.66,7,3
vda,29.20,1.91,0.02,9,0
vda,19.80,0.76,0.03,3,0
vda,12.60,0.84,0.00,4,0
vda,211.40,0.74,0.79,3,3
vda,11.60,0.76,0.00,3,0
vda,16.20,1.06,0.00,5,0
vda,21.20,0.76,0.04,3,0
vda,15.60,1.16,0.01,5,0
vda,22.20,0.76,0.24,3,1
vda,22.60,0.76,0.05,3,0
vda,33.80,0.76,0.09,3,0
vda,251.40,1.13,0.91,5,4
vda,6.40,0.38,0.09,1,0
vda,30.80,0.76,0.10,3,0
vda,17.80,1.13,0.00,5,0
vda,21.60,0.76,0.05,3,0
vda,24.20,1.13,0.03,5,0
vda,172.20,0.76,0.73,3,3
vda,21.40,1.13,0.02,5,0
vda,15.40,0.76,0.01,3,0
vda,23.20,1.13,0.02,5,0
vda,148.20,0.76,0.63,3,3
vda,12.20,0.76,0.00,3,0
vda,36.40,0.77,0.29,3,1
vda,20.20,1.13,0.01,5,0
vda,11.60,0.76,0.00,3,0
vda,226.15,1.13,0.83,5,4
vda,18.40,0.76,0.03,3,0
vda,19.00,1.14,0.01,5,0
vda,17.20,0.76,0.02,3,0
vda,145.80,1.13,0.52,5,2
vda,7.80,0.38,0.01,1,0
