vda,1.00,0.00,0.01,0,0
vda,28.40,0.00,0.12,0,0
vda,1.80,0.00,0.01,0,0
vda,0.00,0.00,0.00,0,0
vda,0.60,0.00,0.00,0,0
vda,1.00,0.00,0.00,0,0
vda,2.80,0.00,0.01,0,0
vda,1.80,0.00,0.01,0,0
vda,8.80,0.00,0.04,0,0
vda,0.60,0.00,0.00,0,0
vda,0.80,0.00,0.00,0,0
vda,0.00,0.00,0.00,0,0
vda,273.40,3.41,0.01,17,0
vda,251.80,2.82,0.03,14,0
vda,260.00,3.67,0.01,18,0
vda,259.40,2.44,0.13,12,0
vda,7.80,0.03,0.02,0,0
vda,10.40,0.01,0.03,0,0
vda,16.20,0.09,0.06,0,0
vda,7.40,0.00,0.04,0,0
vda,0.00,0.00,0.00,0,0
vda,1.20,0.00,0.01,0,0
vda,16.20,0.00,0.10,0,0
vda,0.00,0.00,0.00,0,0
vda,0.80,0.00,0.00,0,0
vda,2.80,0.00,0.01,0,0
vda,1.00,0.00,0.00,0,0
vda,0.60,0.00,0.01,0,0
