vda,0.60,0.00,0.00,0,0
vda,1.60,0.00,0.01,0,0
vda,21.40,0.00,0.11,0,0
vda,27.20,0.27,0.00,1,0
vda,3.00,0.07,0.01,0,0
vda,11.20,0.00,0.05,0,0
vda,1.00,0.00,0.00,0,0
vda,268.20,3.43,0.00,17,0
vda,301.00,3.62,0.01,18,0
vda,322.40,11.77,0.02,58,0
vda,48.60,10.99,0.01,54,0
vda,3.80,0.00,0.02,0,0
vda,143.00,1.32,0.03,6,0
vda,9.00,0.00,0.10,0,0
vda,19.00,0.00,0.07,0,0
vda,10.60,0.00,0.04,0,0
vda,1.80,0.09,0.01,0,0
vda,5.80,0.00,0.02,0,0
vda,0.00,0.00,0.00,0,0
vda,1.20,0.00,0.01,0,0
vda,16.80,0.00,0.09,0,0
vda,0.00,0.00,0.00,0,0
vda,0.80,0.00,0.00,0,0
vda,0.20,0.00,0.00,0,0
vda,12.00,0.00,0.05,0,0
vda,1.00,0.00,0.00,0,0
