vda,1.20,0.00,0.01,0,0
vda,47.70,0.27,0.10,1,0
vda,5.20,0.07,0.02,0,0
vda,2.00,0.00,0.01,0,0
vda,1.80,0.00,0.01,0,0
vda,1.80,0.00,0.01,0,0
vda,0.80,0.00,0.01,0,0
vda,2.40,0.00,0.01,0,0
vda,11.60,0.00,0.05,0,0
vda,1.80,0.00,0.01,0,0
vda,0.00,0.00,0.00,0,0
vda,4.00,0.00,0.02,0,0
vda,358.40,4.37,0.02,21,0
vda,385.80,5.15,0.02,25,0
vda,147.20,3.10,0.00,15,0
vda,158.80,1.32,0.08,6,0
vda,17.00,0.00,0.08,0,0
vda,7.20,0.09,0.04,0,0
vda,0.80,0.00,0.01,0,0
vda,2.60,0.00,0.01,0,0
vda,13.00,0.00,0.08,0,0
vda,0.00,0.00,0.00,0,0
vda,2.40,0.00,0.01,0,0
vda,2.00,0.00,0.01,0,0
vda,1.80,0.00,0.01,0,0
vda,0.00,0.00,0.00,0,0
