vda,2.60,0.00,0.01,0,0
vda,0.80,0.00,0.00,0,0
vda,0.80,0.00,0.01,0,0
vda,1.00,0.00,0.00,0,0
vda,25.20,0.00,0.11,0,0
vda,0.80,0.00,0.00,0,0
vda,0.40,0.00,0.00,0,0
vda,1.00,0.00,0.00,0,0
vda,3.00,0.00,0.01,0,0
vda,1.40,0.00,0.01,0,0
vda,0.00,0.00,0.00,0,0
vda,0.60,0.00,0.00,0,0
vda,280.00,3.48,0.00,17,0
vda,332.40,3.94,0.02,19,0
vda,313.40,9.33,0.06,46,0
vda,11.80,2.34,0.02,11,0
vda,141.40,1.32,0.01,6,0
vda,14.40,0.01,0.05,0,0
vda,16.40,0.00,0.08,0,0
vda,30.60,0.09,0.18,0,0
vda,8.20,0.00,0.04,0,0
vda,0.00,0.00,0.00,0,0
vda,1.00,0.00,0.00,0,0
vda,0.00,0.00,0.00,0,0
vda,0.60,0.00,0.00,0,0
vda,1.00,0.00,0.00,0,0
vda,1.40,0.00,0.01,0,0
vda,7.80,0.00,0.04,0,0
vda,1.20,0.00,0.00,0,0
