vda,41.80,0.80,198.40,4,992
vda,47.40,0.00,225.60,0,1128
vda,50.80,0.80,214.40,4,1072
vda,55.20,1.60,227.20,8,1136
vda,57.20,0.00,281.60,0,1408
vda,6.00,0.00,31.20,0,156
vda,20.60,1.60,80.80,8,404
vda,0.40,0.00,51.20,0,256
vda,20.40,0.00,108.80,0,544
vda,26.20,0.80,125.60,4,628
vda,47.80,0.00,262.40,0,1312
vda,50.80,1.60,235.20,8,1176
vda,38.40,1.60,216.00,8,1080
vda,43.20,0.00,859.20,0,4296
vda,1.20,0.00,36.80,0,184
vda,32.60,0.00,160.80,0,804
vda,12.80,0.80,82.40,4,412
vda,1.60,0.00,11.20,0,56
vda,8.60,0.00,34.40,0,172
vda,19.20,0.00,106.40,0,532
vda,57.40,0.00,232.80,0,1164
vda,14.40,0.80,173.60,4,868
vda,46.00,0.00,189.60,0,948
