vda,2.00,0.00,0.01,0,0
vda,140.20,0.00,0.56,0,2
vda,0.00,0.00,0.00,0,0
vda,7.80,0.00,0.23,0,1
vda,7.20,0.00,0.03,0,0
vda,2.20,0.00,0.01,0,0
vda,262.40,0.00,1.05,0,5
vda,6.20,0.00,0.02,0,0
vda,0.00,0.00,0.00,0,0
vda,3.20,0.00,0.01,0,0
vda,138.80,0.00,0.55,0,2
vda,0.00,0.00,0.00,0,0
vda,3.00,0.00,0.01,0,0
vda,48.40,0.00,0.28,0,1
vda,100.60,0.00,0.39,0,1
vda,32.20,6.25,0.23,31,1
vda,19.80,3.76,0.03,18,0
vda,1.40,0.00,0.01,0,0
vda,3.20,0.00,0.01,0,0
vda,203.60,0.00,0.85,0,4
vda,5.20,0.00,0.02,0,0
vda,4.20,0.00,0.02,0,0
vda,7.00,0.00,0.03,0,0
vda,140.60,0.00,0.65,0,3
vda,3.00,0.00,0.01,0,0
vda,6.80,0.00,0.03,0,0
vda,3.40,0.00,0.01,0,0
vda,133.40,0.00,0.63,0,3
vda,10.40,0.00,0.24,0,1
vda,11.00,0.00,0.04,0,0
vda,1.80,0.00,0.01,0,0
vda,208.60,0.00,0.85,0,4
vda,1.20,0.00,0.00,0,0
vda,1.80,0.00,0.01,0,0
vda,5.00,0.00,0.02,0,0
vda,27.20,0.00,0.12,0,0
vda,101.00,0.00,0.39,0,1
