vda,22.80,0.00,0.10,0,0
vda,34.40,0.34,0.02,1,0
vda,0.20,0.00,0.00,0,0
vda,2.20,0.00,0.01,0,0
vda,1.80,0.00,0.01,0,0
vda,2.20,0.00,0.01,0,0
vda,2.60,0.00,0.01,0,0
vda,11.20,0.00,0.05,0,0
vda,2.00,0.00,0.01,0,0
vda,2.00,0.00,0.01,0,0
vda,1.80,0.00,0.01,0,0
vda,3.20,0.00,0.01,0,0
vda,288.40,3.54,0.01,17,0
vda,329.60,3.87,0.02,19,0
vda,298.60,12.95,0.04,64,0
vda,30.40,4.72,0.02,23,0
vda,62.00,4.01,0.04,20,0
vda,102.20,0.81,0.03,4,0
vda,6.60,0.00,0.04,0,0
vda,13.40,0.00,0.10,0,0
vda,7.00,0.00,0.03,0,0
vda,11.60,0.00,0.10,0,0
vda,3.40,0.00,0.01,0,0
vda,7.00,0.00,0.03,0,0
vda,7.80,0.09,0.03,0,0
vda,7.40,0.00,0.04,0,0
vda,14.20,0.00,0.07,0,0
vda,3.20,0.00,0.01,0,0
vda,2.20,0.00,0.01,0,0
vda,4.60,0.00,0.02,0,0
vda,2.60,0.00,0.01,0,0
vda,2.60,0.00,0.01,0,0
vda,2.20,0.00,0.01,0,0
vda,1.80,0.00,0.01,0,0
