vda,2.60,0.00,0.01,0,0
vda,1.00,0.00,0.00,0,0
vda,1.40,0.00,0.01,0,0
vda,22.00,0.00,0.11,0,0
vda,2.00,0.00,0.01,0,0
vda,0.00,0.00,0.00,0,0
vda,3.00,0.00,0.02,0,0
vda,6.40,0.00,0.03,0,0
vda,4.40,0.00,0.02,0,0
vda,7.80,0.00,0.09,0,0
vda,2.60,0.00,0.01,0,0
vda,3.40,0.00,0.01,0,0
vda,2.80,0.00,0.01,0,0
vda,14.80,0.00,0.07,0,0
vda,3.00,0.00,0.01,0,0
vda,0.00,0.00,0.00,0,0
vda,5.00,0.00,0.03,0,0
vda,2.60,0.00,0.01,0,0
vda,0.00,0.00,0.00,0,0
vda,14.20,0.00,0.06,0,0
vda,3.00,0.00,0.01,0,0
vda,15.80,0.00,2.30,0,11
vda,3.80,0.00,0.01,0,0
vda,3.00,0.00,0.01,0,0
vda,0.00,0.00,0.00,0,0
vda,4.80,0.00,0.02,0,0
vda,3.20,0.00,0.01,0,0
vda,6.60,0.00,0.03,0,0
vda,10.20,0.00,1.54,0,7
vda,4.60,0.00,0.02,0,0
vda,17.20,0.00,1.55,0,7
vda,7.60,0.00,2.30,0,11
vda,3.80,0.00,0.01,0,0
vda,4.40,0.00,0.02,0,0
vda,5.40,0.00,0.03,0,0
vda,8.40,0.00,0.06,0,0
vda,0.20,0.00,0.00,0,0
vda,14.40,0.00,0.06,0,0
vda,23.60,0.00,3.14,0,15
vda,3.80,0.00,0.77,0,3
vda,4.60,0.00,0.02,0,0
vda,2.60,0.00,0.01,0,0
vda,0.00,0.00,0.00,0,0
vda,2.20,0.00,0.01,0,0
vda,16.00,0.00,7.62,0,38
vda,7.60,0.00,0.03,0,0
vda,1.60,0.00,0.01,0,0
vda,4.40,0.00,0.02,0,0
vda,2.40,0.00,0.01,0,0
vda,8.20,0.00,0.03,0,0
vda,0.80,0.00,0.01,0,0
vda,10.00,0.00,0.05,0,0
vda,12.80,0.00,0.05,0,0
vda,0.80,0.00,0.00,0,0
vda,7.80,0.00,0.03,0,0
vda,1.00,0.00,0.00,0,0
vda,0.60,0.00,0.01,0,0
vda,1.00,0.00,0.00,0,0
vda,7.40,0.00,0.04,0,0
vda,1.00,0.00,0.00,0,0
vda,8.40,0.00,0.04,0,0
vda,0.00,0.00,0.00,0,0
vda,1.40,0.00,0.01,0,0
