vda,20.76,0.00,0.09,0,0
vda,3.80,0.00,0.01,0,0
vda,2.20,0.00,0.01,0,0
vda,1.80,0.00,0.01,0,0
vda,1.80,0.00,0.01,0,0
vda,2.00,0.00,0.01,0,0
vda,3.40,0.00,0.02,0,0
vda,418.00,5.10,0.03,25,0
vda,410.40,5.31,0.02,26,0
vda,115.00,15.97,0.02,79,0
vda,3.60,0.00,0.01,0,0
vda,142.20,1.32,0.02,6,0
vda,25.20,0.09,0.11,0,0
vda,7.00,0.00,0.03,0,0
vda,10.80,0.00,0.07,0,0
vda,2.40,0.00,0.01,0,0
vda,4.00,0.00,0.02,0,0
vda,1.80,0.00,0.01,0,0
vda,0.80,0.00,0.01,0,0
vda,2.20,0.00,0.01,0,0
vda,2.00,0.00,0.01,0,0
vda,3.40,0.00,0.01,0,0
vda,8.80,0.00,0.04,0,0
vda,2.20,0.00,0.01,0,0
vda,0.80,0.00,0.01,0,0
vda,2.20,0.00,0.01,0,0
vda,1.80,0.00,0.01,0,0
