vda,0.20,0.00,0.00,0,0
vda,2.60,0.00,0.01,0,0
vda,2.00,0.00,0.01,0,0
vda,1.80,0.00,0.01,0,0
vda,3.00,0.00,0.01,0,0
vda,3.80,0.00,0.01,0,0
vda,22.60,0.00,0.10,0,0
vda,3.00,0.00,0.01,0,0
vda,1.80,0.00,0.01,0,0
vda,1.80,0.00,0.01,0,0
vda,3.00,0.00,0.01,0,0
vda,2.60,0.00,0.01,0,0
vda,373.00,4.60,0.01,23,0
vda,430.60,5.63,0.02,28,0
vda,99.40,6.52,0.02,32,0
vda,148.00,3.38,0.03,16,0
vda,15.40,0.09,0.02,0,0
vda,17.20,0.00,0.07,0,0
vda,6.40,0.00,0.03,0,0
vda,14.00,0.00,0.12,0,0
vda,7.80,0.00,0.08,0,0
vda,4.20,0.00,0.02,0,0
vda,8.60,0.09,0.03,0,0
vda,0.40,0.00,0.00,0,0
vda,2.20,0.00,0.01,0,0
vda,2.00,0.00,0.01,0,0
vda,7.60,0.00,0.04,0,0
vda,2.20,0.00,0.01,0,0
vda,2.20,0.00,0.01,0,0
vda,2.40,0.00,0.01,0,0
vda,2.60,0.00,0.01,0,0
