vda,0.60,0.00,0.00,0,0
vda,2.40,0.00,0.01,0,0
vda,2.00,0.00,0.01,0,0
vda,33.00,0.34,0.02,1,0
vda,2.40,0.00,0.01,0,0
vda,1.60,0.00,0.01,0,0
vda,25.80,0.00,0.11,0,0
vda,2.80,0.00,0.01,0,0
vda,2.00,0.00,0.01,0,0
vda,2.60,0.00,0.01,0,0
vda,2.20,0.00,0.01,0,0
vda,1.80,0.00,0.01,0,0
vda,280.40,3.44,0.03,17,0
vda,413.20,5.26,0.02,26,0
vda,235.20,21.50,0.00,107,0
vda,14.20,0.30,0.02,1,0
vda,17.00,4.49,0.02,22,0
vda,138.80,1.28,0.01,6,0
vda,20.80,0.10,0.02,0,0
vda,23.40,0.03,0.12,0,0
vda,6.00,0.00,0.07,0,0
vda,20.00,0.00,0.08,0,0
vda,0.00,0.00,0.00,0,0
vda,4.80,0.00,0.02,0,0
vda,16.00,0.00,9.75,0,48
vda,9.80,0.00,0.51,0,2
vda,4.80,0.00,0.02,0,0
vda,12.40,0.00,0.05,0,0
vda,4.20,0.00,0.02,0,0
vda,6.80,0.00,0.03,0,0
vda,0.00,0.00,0.00,0,0
vda,25.20,0.00,6.53,0,32
vda,1.60,0.00,0.43,0,2
vda,5.80,0.00,0.02,0,0
vda,4.60,0.00,0.02,0,0
vda,8.60,0.00,0.03,0,0
vda,4.40,0.00,0.02,0,0
vda,5.20,0.00,0.03,0,0
vda,17.80,0.00,0.09,0,0
vda,4.00,0.00,0.02,0,0
vda,17.00,0.00,0.08,0,0
vda,3.20,0.08,0.01,0,0
vda,0.00,0.00,0.00,0,0
vda,7.80,0.00,0.03,0,0
vda,1.80,0.00,0.01,0,0
vda,1.80,0.00,0.01,0,0
vda,2.40,0.00,0.01,0,0
vda,15.00,0.00,0.07,0,0
vda,2.40,0.00,0.01,0,0
vda,2.00,0.00,0.01,0,0
vda,0.00,0.00,0.00,0,0
