vda,28.00,1.60,116.00,8,580
vda,32.00,0.00,166.40,0,832
vda,6.60,0.00,26.40,0,132
vda,26.80,0.00,152.00,0,760
vda,21.00,0.00,85.60,0,428
vda,33.60,0.00,153.60,0,768
vda,25.60,0.00,137.60,0,688
vda,34.36,4.70,171.79,52,1900
vda,12.03,0.00,48.13,0,244
vda,25.20,0.00,109.60,0,548
vda,40.40,1.60,183.20,8,916
vda,27.60,0.00,148.80,0,744
vda,32.00,0.00,185.60,0,928
vda,10.80,0.80,92.00,4,460
vda,45.60,2.40,366.40,12,1832
vda,19.00,0.00,104.00,0,520
vda,30.00,0.80,125.60,4,628
vda,47.80,0.00,244.00,0,1220
vda,5.40,0.00,49.60,0,248
vda,13.00,4.00,48.80,20,244
vda,32.80,0.00,178.40,0,892
vda,13.60,0.00,75.20,0,376
vda,29.40,3.20,184.80,16,924
vda,13.80,5.60,442.40,28,2212
vda,32.80,0.00,327.20,0,1636
vda,44.60,0.80,186.40,4,932
vda,32.80,0.00,164.80,0,824
vda,31.40,0.00,136.00,0,680
vda,53.40,0.00,234.40,0,1172
vda,38.00,0.00,184.00,0,920
vda,47.00,0.80,206.40,4,1032
vda,23.80,0.00,124.00,0,620
