vda,1.20,0.00,0.01,0,0
vda,28.20,0.00,0.13,0,0
vda,2.40,0.00,0.01,0,0
vda,1.80,0.00,0.01,0,0
vda,4.40,0.00,0.02,0,0
vda,1.20,0.00,0.00,0,0
vda,5.40,0.00,0.03,0,0
vda,4.40,0.00,0.02,0,0
vda,11.20,0.00,0.05,0,0
vda,2.80,0.00,0.01,0,0
vda,1.80,0.00,0.01,0,0
vda,2.00,0.00,0.01,0,0
vda,382.80,4.65,0.03,23,0
vda,435.40,5.69,0.02,28,0
vda,124.00,7.28,0.14,36,0
vda,146.60,3.83,0.00,19,0
vda,6.20,0.03,0.02,0,0
vda,35.00,0.00,1.25,0,6
vda,8.60,0.09,0.03,0,0
vda,1.80,0.00,0.01,0,0
vda,1.80,0.00,0.01,0,0
vda,1.80,0.00,0.01,0,0
vda,1.80,0.00,0.01,0,0
vda,0.60,0.00,0.01,0,0
vda,14.00,0.00,0.06,0,0
vda,2.40,0.00,0.01,0,0
vda,2.00,0.00,0.01,0,0
