vda,1.00,0.00,0.01,0,0
vda,28.60,0.00,0.12,0,0
vda,2.80,0.00,0.01,0,0
vda,2.00,0.00,0.01,0,0
vda,0.00,0.00,0.00,0,0
vda,1.80,0.00,0.01,0,0
vda,2.80,0.00,0.01,0,0
vda,426.20,5.27,0.02,26,0
vda,423.40,5.36,0.03,26,0
vda,61.00,7.15,0.01,35,0
vda,71.60,0.73,0.01,3,0
vda,76.40,0.60,0.02,2,0
vda,13.80,0.00,0.06,0,0
vda,9.20,0.00,0.05,0,0
vda,13.40,0.09,0.09,0,0
vda,6.80,0.00,0.03,0,0
vda,2.00,0.00,0.01,0,0
vda,2.00,0.00,0.01,0,0
vda,2.80,0.00,0.01,0,0
vda,2.00,0.00,0.01,0,0
vda,2.60,0.00,0.01,0,0
vda,6.00,0.00,0.03,0,0
vda,1.80,0.00,0.01,0,0
vda,1.80,0.00,0.01,0,0
vda,9.00,0.00,0.04,0,0
vda,1.80,0.00,0.01,0,0
vda,2.60,0.00,0.01,0,0
vda,4.20,0.00,0.02,0,0
vda,0.80,0.00,0.00,0,0
