vda,0.60,0.00,0.00,0,0
vda,1.00,0.00,0.00,0,0
vda,49.40,0.24,0.10,1,0
vda,2.40,0.00,0.01,0,0
vda,1.20,0.00,0.00,0,0
vda,0.00,0.00,0.00,0,0
vda,10.00,0.00,0.05,0,0
vda,1.20,0.00,0.00,0,0
vda,0.00,0.00,0.00,0,0
vda,2.40,0.00,0.01,0,0
vda,1.00,0.00,0.00,0,0
vda,0.00,0.00,0.00,0,0
vda,251.60,3.18,0.00,15,0
vda,274.40,3.04,0.04,15,0
vda,227.20,3.29,0.02,16,0
vda,275.20,2.82,0.00,14,0
vda,6.60,0.04,0.02,0,0
vda,4.00,0.00,0.02,0,0
vda,9.00,0.01,0.02,0,0
vda,14.20,0.00,0.06,0,0
vda,23.00,0.09,0.13,0,0
vda,7.00,0.00,0.03,0,0
vda,0.00,0.00,0.00,0,0
vda,1.80,0.00,0.01,0,0
vda,1.00,0.00,0.00,0,0
vda,0.80,0.00,0.01,0,0
vda,1.00,0.00,0.00,0,0
vda,13.20,0.00,0.06,0,0
vda,1.00,0.00,0.00,0,0
vda,0.00,0.00,0.00,0,0
