vda,22.00,0.00,0.11,0,0
vda,3.00,0.00,0.01,0,0
vda,0.80,0.00,0.00,0,0
vda,3.00,0.00,0.02,0,0
vda,1.00,0.00,0.00,0,0
vda,0.80,0.00,0.00,0,0
vda,0.00,0.00,0.00,0,0
vda,173.20,2.23,0.02,11,0
vda,209.60,13.43,0.04,67,0
vda,57.60,14.52,0.13,72,0
vda,71.60,25.81,0.02,129,0
vda,57.00,20.61,0.01,103,0
vda,63.60,23.02,0.02,115,0
vda,64.20,23.38,0.01,116,0
vda,68.20,25.00,0.01,124,0
vda,56.20,20.58,0.01,102,0
vda,52.60,19.68,0.01,98,0
vda,66.80,25.80,0.00,129,0
vda,67.60,23.80,0.03,119,0
vda,68.60,24.60,0.03,123,0
vda,64.20,24.61,0.00,123,0
vda,64.60,23.81,0.01,119,0
vda,73.40,23.38,0.06,116,0
vda,60.20,21.82,0.01,109,0
vda,60.60,21.30,0.03,106,0
vda,67.80,25.00,0.01,125,0
vda,73.00,26.22,0.03,131,0
vda,64.00,24.19,0.00,120,0
vda,65.40,24.58,0.01,122,0
vda,82.20,27.03,0.06,135,0
vda,69.60,25.82,0.01,129,0
vda,63.60,24.23,0.00,121,0
vda,69.40,24.60,0.03,122,0
vda,63.80,23.80,0.01,119,0
vda,55.00,20.97,0.00,104,0
vda,57.40,21.25,0.01,106,0
vda,61.20,23.48,0.00,117,0
vda,67.80,25.38,0.01,126,0
vda,71.20,25.07,0.02,125,0
vda,52.20,18.63,0.02,93,0
vda,57.60,0.70,0.01,3,0
vda,4.60,0.02,0.01,0,0
vda,4.80,0.01,0.02,0,0
vda,3.00,0.00,0.01,0,0
vda,12.80,0.00,0.06,0,0
vda,3.00,0.00,0.02,0,0
vda,7.40,0.08,0.02,0,0
vda,13.40,0.00,12.48,0,62
vda,24.75,0.00,9.77,0,48
vda,15.63,0.00,12.10,0,60
vda,3.40,0.00,0.01,0,0
vda,3.99,0.00,0.02,0,0
vda,15.20,0.35,0.01,1,0
vda,17.60,0.00,0.08,0,0
vda,1.40,0.00,0.01,0,0
vda,24.00,0.00,24.22,0,121
vda,20.60,0.01,16.64,0,83
vda,0.00,0.00,0.00,0,0
vda,3.20,0.00,0.01,0,0
vda,4.00,0.00,0.02,0,0
vda,0.00,0.00,0.00,0,0
vda,4.80,0.00,2.50,0,12
vda,21.20,0.00,4.96,0,24
vda,6.40,0.00,4.90,0,24
vda,1.40,0.00,2.41,0,12
vda,10.20,0.00,14.25,0,71
vda,21.80,0.00,21.32,0,106
vda,4.60,0.02,0.02,0,0
vda,6.40,0.02,0.02,0,0
vda,4.20,0.00,0.02,0,0
vda,0.80,0.00,0.00,0,0
vda,2.00,0.00,0.49,0,2
vda,4.60,0.00,0.03,0,0
vda,27.40,0.00,0.11,0,0
vda,4.40,0.00,0.02,0,0
vda,12.20,0.00,2.54,0,12
vda,16.60,0.00,14.70,0,73
vda,4.40,0.00,0.02,0,0
vda,6.40,0.02,0.02,0,0
vda,3.20,0.00,0.01,0,0
vda,0.00,0.00,0.00,0,0
vda,14.20,0.02,9.94,0,49
vda,21.00,0.00,23.29,0,116
vda,3.60,0.00,0.01,0,0
vda,3.20,0.00,0.01,0,0
vda,3.40,0.00,0.01,0,0
vda,0.00,0.00,0.00,0,0
vda,18.80,0.04,32.71,0,163
vda,10.20,0.07,0.03,0,0
vda,3.60,0.00,0.01,0,0
vda,3.20,0.00,0.01,0,0
vda,2.80,0.00,0.01,0,0
vda,0.00,0.00,0.00,0,0
vda,26.00,0.00,32.57,0,162
vda,5.80,0.00,0.02,0,0
vda,3.60,0.00,0.01,0,0
vda,4.20,0.00,0.02,0,0
vda,7.80,0.04,0.02,0,0
vda,0.00,0.00,0.00,0,0
vda,2.80,0.00,1.45,0,7
vda,4.20,0.00,4.64,0,23
vda,11.20,0.00,4.99,0,24
vda,5.80,0.00,4.77,0,23
vda,5.00,0.00,4.54,0,22
vda,11.00,0.00,0.05,0,0
vda,1.00,0.00,0.01,0,0
vda,31.40,0.01,31.99,0,159
vda,6.60,0.01,0.02,0,0
vda,4.20,0.00,0.02,0,0
vda,0.00,0.00,0.00,0,0
vda,4.00,0.00,0.02,0,0
vda,38.40,0.00,31.73,0,158
vda,5.60,0.00,0.02,0,0
vda,3.60,0.00,0.01,0,0
vda,0.00,0.00,0.00,0,0
vda,3.00,0.00,0.01,0,0
vda,14.60,0.01,0.06,0,0
vda,36.20,0.00,31.66,0,158
vda,6.40,0.00,0.03,0,0
vda,3.40,0.00,0.01,0,0
vda,0.00,0.00,0.00,0,0
vda,2.80,0.00,0.01,0,0
vda,3.80,0.00,0.01,0,0
vda,29.00,0.00,32.02,0,160
vda,5.40,0.00,0.02,0,0
vda,1.80,0.02,0.00,0,0
vda,1.20,0.00,0.00,0,0
vda,4.80,0.00,0.02,0,0
vda,18.20,0.00,0.07,0,0
vda,5.80,0.00,1.97,0,9
vda,16.00,0.00,7.01,0,35
vda,13.00,0.00,0.05,0,0
vda,3.40,0.00,0.01,0,0
vda,0.00,0.00,0.00,0,0
vda,21.20,0.00,15.05,0,75
vda,13.40,0.00,16.98,0,84
vda,7.20,0.00,0.03,0,0
vda,4.00,0.00,0.02,0,0
vda,3.80,0.00,0.01,0,0
vda,30.60,0.00,30.50,0,152
vda,3.20,0.00,0.01,0,0
vda,0.00,0.00,0.00,0,0
vda,3.60,0.00,0.01,0,0
vda,3.40,0.00,0.01,0,0
vda,20.20,0.00,30.42,0,152
vda,4.20,0.05,0.01,0,0
vda,3.40,0.00,0.01,0,0
vda,3.40,0.00,0.01,0,0
vda,3.40,0.00,0.01,0,0
vda,22.00,0.00,30.28,0,151
vda,6.00,0.00,0.02,0,0
vda,3.80,0.00,0.01,0,0
vda,5.60,0.00,0.02,0,0
vda,0.80,0.00,0.00,0,0
vda,0.80,0.00,0.00,0,0
vda,3.40,0.00,1.32,0,6
vda,10.60,0.00,4.93,0,24
vda,6.80,0.00,6.94,0,34
vda,3.80,0.00,0.02,0,0
vda,0.20,0.00,0.00,0,0
vda,10.80,0.00,0.04,0,0
vda,32.40,0.00,24.77,0,123
vda,16.20,0.06,7.28,0,36
vda,4.40,0.00,0.02,0,0
vda,8.00,0.01,0.03,0,0
vda,3.80,0.00,0.01,0,0
vda,1.40,0.00,0.01,0,0
vda,32.20,0.00,7.61,0,38
vda,38.80,0.00,24.28,0,121
vda,4.20,0.00,0.02,0,0
vda,4.00,0.00,0.02,0,0
vda,2.80,0.00,0.01,0,0
vda,13.60,0.00,4.82,0,24
vda,33.20,0.01,19.57,0,97
vda,21.40,0.00,9.60,0,47
vda,3.40,0.00,0.01,0,0
vda,11.40,0.00,0.05,0,0
vda,0.00,0.00,0.00,0,0
vda,43.40,0.00,24.21,0,121
vda,16.00,0.00,7.39,0,36
vda,3.80,0.00,0.01,0,0
vda,2.80,0.00,0.01,0,0
vda,0.80,0.00,0.00,0,0
vda,28.00,0.01,0.11,0,0
vda,3.00,0.00,0.03,0,0
vda,23.60,0.00,7.04,0,35
vda,5.20,0.00,0.02,0,0
vda,4.20,0.00,0.02,0,0
vda,0.00,0.00,0.00,0,0
vda,44.80,0.00,15.08,0,75
vda,44.60,0.00,17.02,0,85
vda,5.60,0.00,0.02,0,0
vda,3.20,0.00,0.01,0,0
vda,3.60,0.00,0.01,0,0
vda,0.80,0.02,0.00,0,0
vda,38.60,0.00,27.10,0,135
vda,8.00,0.00,4.81,0,24
vda,4.40,0.00,0.02,0,0
vda,3.20,0.00,0.01,0,0
vda,0.00,0.00,0.00,0,0
vda,3.40,0.00,0.01,0,0
vda,24.00,0.02,30.47,0,152
vda,3.60,0.00,0.01,0,0
vda,4.80,0.02,0.01,0,0
vda,3.60,0.00,0.01,0,0
vda,3.80,0.00,0.01,0,0
vda,28.80,0.00,30.25,0,151
vda,0.20,0.00,0.00,0,0
vda,2.80,0.00,0.01,0,0
vda,3.00,0.00,0.01,0,0
vda,3.80,0.00,0.01,0,0
vda,0.80,0.00,0.00,0,0
vda,4.00,0.00,0.02,0,0
vda,11.60,0.00,4.95,0,24
vda,1.80,0.00,6.92,0,34
vda,3.40,0.00,0.01,0,0
vda,4.00,0.00,0.02,0,0
vda,3.20,0.00,0.01,0,0
vda,46.00,0.00,29.59,0,147
vda,15.00,0.00,4.96,0,24
vda,4.00,0.00,0.02,0,0
vda,4.60,0.03,0.01,0,0
vda,6.20,0.06,0.02,0,0
vda,3.80,0.00,0.01,0,0
vda,52.00,0.00,19.85,0,99
vda,23.00,0.00,12.02,0,60
vda,0.20,0.00,0.00,0,0
vda,3.40,0.00,0.01,0,0
vda,3.20,0.00,0.01,0,0
vda,42.60,0.00,19.54,0,97
vda,26.80,0.01,9.61,0,48
vda,3.40,0.00,2.43,0,12
vda,3.80,0.00,0.01,0,0
vda,3.80,0.00,0.01,0,0
vda,3.00,0.00,0.01,0,0
vda,61.00,0.00,19.64,0,98
vda,23.40,0.00,12.04,0,60
vda,0.20,0.00,0.00,0,0
vda,2.40,0.00,0.01,0,0
vda,3.20,0.02,0.00,0,0
vda,27.20,0.00,0.11,0,0
vda,2.20,0.00,0.01,0,0
vda,21.60,0.00,7.04,0,35
vda,13.37,0.00,0.05,0,0
vda,0.00,0.00,0.00,0,0
vda,43.00,0.00,15.07,0,75
vda,33.00,0.00,13.76,0,68
vda,6.60,0.00,0.78,0,3
vda,3.00,0.00,0.01,0,0
vda,6.00,0.00,0.02,0,0
vda,43.20,0.02,22.37,0,111
vda,10.80,0.00,7.22,0,36
vda,3.20,0.00,0.01,0,0
vda,3.40,0.00,0.01,0,0
vda,2.60,0.00,0.01,0,0
vda,5.80,0.00,2.37,0,11
vda,18.20,0.00,25.78,0,128
vda,0.20,0.00,0.00,0,0
vda,3.80,0.01,0.01,0,0
vda,4.80,0.02,0.02,0,0
vda,3.80,0.00,0.01,0,0
vda,25.40,0.00,27.99,0,139
vda,5.20,0.00,0.02,0,0
vda,2.80,0.00,0.01,0,0
vda,3.60,0.00,0.01,0,0
vda,4.60,0.00,0.02,0,0
vda,0.80,0.00,0.00,0,0
vda,5.40,0.00,2.26,0,11
vda,8.00,0.00,4.69,0,23
vda,4.00,0.00,4.97,0,24
vda,9.40,0.00,4.80,0,23
vda,11.00,0.00,4.58,0,22
vda,4.00,0.00,0.02,0,0
vda,24.20,0.00,7.50,0,37
vda,28.40,0.00,12.48,0,62
vda,22.60,0.00,9.67,0,48
vda,4.00,0.00,0.02,0,0
vda,3.60,0.00,0.01,0,0
vda,4.20,0.00,0.02,0,0
vda,40.60,0.00,15.15,0,75
vda,34.00,0.00,14.43,0,72
vda,5.00,0.00,0.02,0,0
vda,18.40,0.07,0.02,0,0
vda,0.00,0.00,0.00,0,0
vda,44.20,0.00,14.51,0,72
vda,38.00,0.01,14.73,0,73
vda,4.40,0.00,0.02,0,0
vda,4.00,0.00,0.02,0,0
vda,3.20,0.00,0.01,0,0
vda,48.60,0.00,16.91,0,84
vda,17.60,0.00,12.31,0,61
vda,3.80,0.00,0.01,0,0
vda,3.40,0.00,0.01,0,0
vda,4.20,0.00,0.01,0,0
vda,2.40,0.00,0.01,0,0
vda,3.80,0.00,0.02,0,0
vda,44.40,0.02,4.87,0,24
vda,9.20,0.00,4.96,0,24
vda,10.20,0.00,4.80,0,23
vda,10.40,0.00,4.58,0,22
vda,4.00,0.00,0.02,0,0
vda,6.20,0.00,0.04,0,0
vda,56.80,0.00,17.53,0,87
vda,28.40,0.00,12.09,0,60
vda,5.20,0.00,0.02,0,0
vda,3.40,0.00,0.01,0,0
vda,3.20,0.00,0.01,0,0
vda,53.20,0.00,22.36,0,111
vda,26.40,0.04,7.25,0,36
vda,5.80,0.00,0.02,0,0
vda,3.60,0.00,0.01,0,0
vda,0.00,0.00,0.00,0,0
vda,2.60,0.00,0.01,0,0
vda,34.80,0.00,28.32,0,141
vda,4.00,0.00,0.02,0,0
vda,3.40,0.00,0.01,0,0
vda,0.00,0.00,0.00,0,0
vda,7.80,0.03,0.03,0,0
vda,24.80,0.01,28.50,0,142
vda,6.20,0.00,0.02,0,0
vda,4.00,0.00,0.02,0,0
vda,5.00,0.04,0.00,0,0
vda,10.20,0.03,0.01,0,0
vda,3.80,0.00,0.01,0,0
vda,4.20,0.00,1.59,0,7
vda,9.40,0.14,7.15,0,35
vda,31.80,0.04,0.18,0,0
vda,1.00,0.00,0.00,0,0
vda,0.00,0.00,0.00,0,0
vda,0.60,0.00,0.00,0,0
vda,1.00,0.00,0.01,0,0
vda,1.20,0.00,0.00,0,0
vda,9.00,0.00,0.04,0,0
vda,1.60,0.00,0.01,0,0
vda,0.80,0.00,0.00,0,0
vda,0.60,0.01,0.00,0,0
vda,2.80,0.00,0.02,0,0
vda,24.60,0.46,0.01,2,0
vda,5.40,0.00,0.02,0,0
vda,0.20,0.00,0.00,0,0
vda,4.60,0.00,0.02,0,0
vda,0.00,0.00,0.00,0,0
vda,8.20,0.00,0.04,0,0
vda,2.60,0.00,0.01,0,0
vda,0.80,0.01,0.00,0,0
vda,10.80,0.00,0.05,0,0
vda,93.00,1.25,0.01,6,0
