vda,1.00,0.00,0.01,0,0
vda,28.80,0.00,0.13,0,0
vda,2.80,0.00,0.01,0,0
vda,1.80,0.00,0.01,0,0
vda,24.80,0.11,0.01,0,0
vda,1.80,0.00,0.01,0,0
vda,3.40,0.00,0.02,0,0
vda,431.20,5.29,0.02,26,0
vda,425.60,5.55,0.02,27,0
vda,45.20,7.83,0.03,39,0
vda,3.60,0.00,0.01,0,0
vda,153.00,1.32,0.13,6,0
vda,10.00,0.00,0.04,0,0
vda,6.20,0.00,0.02,0,0
vda,5.60,0.00,0.02,0,0
vda,0.00,0.00,0.00,0,0
vda,11.40,0.00,0.04,0,0
vda,8.00,0.00,0.04,0,0
vda,12.00,0.00,0.09,0,0
vda,6.00,0.00,0.02,0,0
vda,9.60,0.00,0.04,0,0
vda,8.00,0.09,0.03,0,0
vda,1.80,0.00,0.01,0,0
vda,3.00,0.00,0.01,0,0
vda,2.20,0.00,0.01,0,0
vda,9.80,0.00,0.05,0,0
vda,2.00,0.00,0.01,0,0
vda,2.20,0.00,0.01,0,0
vda,1.80,0.00,0.01,0,0
vda,3.00,0.00,0.01,0,0
vda,18.20,0.09,0.01,0,0
vda,13.57,0.00,0.06,0,0
vda,4.00,0.00,0.02,0,0
vda,1.80,0.00,0.01,0,0
vda,1.80,0.00,0.01,0,0
vda,3.00,0.00,0.01,0,0
