vda,1.20,0.00,0.01,0,0
vda,24.20,0.00,0.10,0,0
vda,2.80,0.00,0.01,0,0
vda,31.00,0.24,0.02,1,0
vda,2.00,0.00,0.01,0,0
vda,0.00,0.00,0.00,0,0
vda,3.00,0.00,0.01,0,0
vda,2.40,0.00,0.01,0,0
vda,2.00,0.00,0.01,0,0
vda,9.80,0.00,0.04,0,0
vda,1.80,0.00,0.01,0,0
vda,3.60,0.00,0.02,0,0
vda,299.40,3.66,0.02,18,0
vda,320.00,3.75,0.02,18,0
vda,334.40,26.07,0.01,130,0
vda,65.20,19.55,0.01,97,0
vda,140.00,1.28,0.02,6,0
vda,8.60,0.04,0.03,0,0
vda,14.20,0.00,0.06,0,0
vda,0.40,0.00,0.01,0,0
vda,14.00,0.00,0.11,0,0
vda,5.40,0.00,0.02,0,0
vda,7.40,0.00,0.03,0,0
vda,12.40,0.00,0.05,0,0
vda,7.20,0.00,0.03,0,0
vda,4.60,0.00,0.07,0,0
vda,3.40,0.08,0.02,0,0
vda,6.00,0.00,0.02,0,0
vda,1.80,0.00,0.01,0,0
vda,12.20,0.00,0.06,0,0
vda,2.59,0.00,0.01,0,0
vda,4.20,0.00,0.02,0,0
vda,2.20,0.00,0.01,0,0
vda,1.80,0.00,0.01,0,0
vda,11.40,0.00,0.05,0,0
