5890972.0,1665412.0,13272.0
5070609.3333,1787097.3333,13289.066667
2814612.0,2121732.0,13336.0
2814612.0,2121732.0,13336.0
2257176.0,2359344.0,13356.0
1142304.0,2834568.0,13396.0
1142304.0,2834568.0,13396.0
735590.4,2971350.4,12845.6
125520.0,3176524.0,12020.0
124720.0,3061344.8,10717.6
123520.0,2888576.0,8764.0
123520.0,2888576.0,8764.0
129234.66667,2868048.0,8786.6666667
140664.0,2826992.0,8832.0
140664.0,2826992.0,8832.0
191056.0,2765510.4,8851.2
266644.0,2673288.0,8880.0
203856.8,2720374.6667,8909.8666667
132100.0,2774188.0,8944.0
132100.0,2774188.0,8944.0
135274.66667,2772354.6667,8960.0
141624.0,2768688.0,8992.0
141624.0,2768688.0,8992.0
134913.6,2761505.6,9024.0
124848.0,2750732.0,9072.0
124848.0,2750732.0,9072.0
239039.46667,2607657.6,9101.8666667
369544.0,2444144.0,9136.0
517637.86667,2298192.0,9163.7333333
647220.0,2170484.0,9188.0
647220.0,2170484.0,9188.0
537730.93333,2262392.2667,9217.8666667
441928.0,2342812.0,9244.0
441928.0,2342812.0,9244.0
270820.0,2515064.8,9282.4
156748.0,2629900.0,9308.0
135827.2,2661707.2,9348.8
121880.0,2682912.0,9376.0
121880.0,2682912.0,9376.0
757472.0,2037028.8,9150.4
1181200.0,1606440.0,9000.0
1181200.0,1606440.0,9000.0
1057242.1333,1730194.4,9029.8666667
915576.0,1871628.0,9064.0
798210.66667,1974655.2,9100.2666667
695516.0,2064804.0,9132.0
695516.0,2064804.0,9132.0
561534.66667,2221430.6667,9177.3333333
494544.0,2299744.0,9200.0
494544.0,2299744.0,9200.0
347068.8,2448356.8,9238.4
248752.0,2547432.0,9264.0
817220.8,1971487.2,9302.4
1196200.0,1587524.0,9328.0
1196200.0,1587524.0,9328.0
4656221.3333,1349692.0,9472.0
6386232.0,1230776.0,9544.0
