vda,3.80,0.00,0.02,0,0
vda,24.40,0.01,0.10,0,0
vda,32.20,0.33,0.01,1,0
vda,2.20,0.00,0.01,0,0
vda,1.80,0.00,0.01,0,0
vda,0.00,0.00,0.00,0,0
vda,2.80,0.00,0.01,0,0
vda,2.40,0.00,0.01,0,0
vda,10.40,0.00,0.04,0,0
vda,20.60,0.12,0.01,0,0
vda,2.00,0.00,0.01,0,0
vda,2.60,0.00,0.01,0,0
vda,382.00,4.53,0.08,22,0
vda,458.00,5.90,0.02,29,0
vda,87.20,10.46,0.02,52,0
vda,146.80,1.29,0.11,6,0
vda,9.00,0.04,0.02,0,0
vda,6.80,0.00,0.03,0,0
vda,12.20,0.00,0.05,0,0
vda,18.40,0.00,2.24,0,11
vda,8.60,0.09,0.03,0,0
vda,1.80,0.00,0.01,0,0
vda,2.00,0.00,0.01,0,0
vda,2.00,0.00,0.01,0,0
vda,18.00,0.00,0.09,0,0
vda,2.00,0.00,0.01,0,0
vda,1.80,0.00,0.01,0,0
vda,5.00,0.00,0.02,0,0
vda,0.00,0.00,0.00,0,0
