vda,0.60,0.00,0.00,0,0
vda,1.60,0.00,0.01,0,0
vda,0.00,0.00,0.00,0,0
vda,21.16,0.00,0.10,0,0
vda,2.20,0.00,0.01,0,0
vda,0.00,0.00,0.00,0,0
vda,28.60,0.27,0.00,1,0
vda,331.80,4.11,0.06,20,0
vda,310.80,3.47,0.02,17,0
vda,253.80,7.36,0.02,36,0
vda,17.20,0.10,0.09,0,0
vda,4.80,0.01,0.01,0,0
vda,0.00,0.00,0.00,0,0
vda,0.60,0.00,0.00,0,0
vda,1.00,0.00,0.00,0,0
vda,0.00,0.00,0.00,0,0
vda,1.40,0.00,0.01,0,0
vda,143.00,1.30,0.03,6,0
vda,6.40,0.03,0.02,0,0
vda,4.20,0.00,0.02,0,0
vda,5.80,0.00,0.02,0,0
vda,4.80,0.00,0.02,0,0
vda,5.80,0.00,0.03,0,0
vda,11.00,0.00,0.04,0,0
vda,17.40,0.01,0.54,0,2
vda,1.40,0.08,0.00,0,0
vda,8.80,0.00,0.03,0,0
vda,1.00,0.00,0.00,0,0
vda,0.20,0.00,0.00,0,0
vda,1.00,0.00,0.01,0,0
vda,1.00,0.00,0.00,0,0
vda,6.80,0.00,0.05,0,0
vda,8.80,0.00,0.04,0,0
vda,1.40,0.00,0.01,0,0
vda,0.40,0.00,0.00,0,0
