vda,2.80,0.00,0.01,0,0
vda,24.60,0.00,0.12,0,0
vda,2.00,0.00,0.01,0,0
vda,2.00,0.00,0.01,0,0
vda,4.00,0.00,0.02,0,0
vda,2.00,0.00,0.01,0,0
vda,1.00,0.00,0.01,0,0
vda,4.60,0.00,0.02,0,0
vda,1.80,0.00,0.01,0,0
vda,18.80,0.08,0.01,0,0
vda,7.00,0.00,0.03,0,0
vda,1.80,0.00,0.01,0,0
vda,243.80,3.08,0.01,15,0
vda,275.00,3.12,0.02,15,0
vda,338.40,4.53,0.03,22,0
vda,160.80,1.54,0.02,7,0
vda,10.40,0.04,0.03,0,0
vda,14.20,0.00,0.05,0,0
vda,8.80,0.00,0.04,0,0
vda,20.40,0.09,0.10,0,0
vda,7.40,0.00,0.03,0,0
vda,0.00,0.00,0.00,0,0
vda,11.40,0.00,0.09,0,0
vda,2.00,0.00,0.01,0,0
vda,0.60,0.00,0.01,0,0
vda,2.20,0.00,0.01,0,0
vda,2.20,0.00,0.01,0,0
vda,3.00,0.00,0.01,0,0
vda,8.80,0.00,0.04,0,0
