vda,0.80,0.00,0.01,0,0
vda,3.20,0.00,0.01,0,0
vda,1.60,0.00,0.01,0,0
vda,1.00,0.00,0.00,0,0
vda,0.00,0.00,0.00,0,0
vda,0.60,0.00,0.00,0,0
vda,12.40,0.00,0.07,0,0
vda,1.80,0.00,0.01,0,0
vda,10.20,0.00,0.04,0,0
vda,2.40,0.00,0.01,0,0
vda,2.80,0.00,0.01,0,0
vda,3.20,0.00,0.01,0,0
vda,2.80,0.00,0.01,0,0
vda,4.20,0.00,0.03,0,0
vda,5.20,0.00,0.07,0,0
vda,7.60,0.00,0.04,0,0
vda,3.80,0.00,0.01,0,0
vda,2.80,0.00,0.01,0,0
vda,5.60,0.00,0.02,0,0
vda,4.40,0.00,0.02,0,0
vda,5.40,0.00,1.79,0,8
vda,5.00,0.00,1.76,0,8
vda,9.20,0.00,1.82,0,9
vda,0.60,0.00,0.89,0,4
vda,5.60,0.00,1.82,0,9
vda,6.00,0.00,2.71,0,13
vda,6.60,0.00,1.80,0,9
vda,3.80,0.00,1.82,0,9
vda,0.80,0.00,1.78,0,8
vda,17.20,0.00,2.78,0,13
vda,4.40,0.00,0.02,0,0
vda,5.00,0.00,1.83,0,9
vda,10.40,0.00,3.62,0,18
vda,14.80,0.00,0.96,0,4
vda,7.80,0.00,0.03,0,0
vda,0.00,0.00,0.00,0,0
vda,12.20,0.00,0.09,0,0
vda,5.20,0.00,1.83,0,9
vda,6.00,0.00,1.81,0,9
vda,7.20,0.00,1.83,0,9
vda,5.80,0.00,0.94,0,4
vda,13.80,0.02,3.64,0,18
vda,5.20,0.00,1.82,0,9
vda,1.40,0.00,0.92,0,4
vda,11.80,0.00,3.65,0,18
vda,6.20,0.00,1.82,0,9
vda,4.80,0.00,0.92,0,4
vda,8.00,0.00,1.85,0,9
vda,4.40,0.00,3.60,0,18
vda,10.20,0.00,0.04,0,0
vda,0.00,0.00,0.00,0,0
vda,13.60,0.00,0.07,0,0
vda,0.80,0.00,0.00,0,0
vda,0.00,0.00,0.00,0,0
vda,0.60,0.00,0.00,0,0
vda,1.40,0.00,0.01,0,0
vda,1.00,0.00,0.00,0,0
vda,0.00,0.00,0.00,0,0
