4321880.0,3236996.0,49208.0
3628502.9333,3237406.6667,49267.733333
3578976.0,3237436.0,49272.0
1442080.0,3269136.0,49316.0
1442080.0,3269136.0,49316.0
1442080.0,3269136.0,49316.0
1361156.2667,3337810.6667,49338.4
1355376.0,3342716.0,49340.0
1355376.0,3342716.0,49340.0
1023072.0,3425356.0,49368.0
1071225.6,3376912.2667,49389.333333
1071225.6,3376912.2667,49389.333333
1113360.0,3334524.0,49408.0
1200299.7333,3282912.2667,49429.333333
1200299.7333,3282912.2667,49429.333333
1276372.0,3237752.0,49448.0
