vda,4.00,0.00,0.02,0,0
vda,18.20,0.00,0.08,0,0
vda,2.00,0.00,0.01,0,0
vda,1.80,0.00,0.01,0,0
vda,1.80,0.00,0.01,0,0
vda,0.00,0.00,0.00,0,0
vda,3.60,0.00,0.02,0,0
vda,2.60,0.00,0.01,0,0
vda,1.80,0.00,0.01,0,0
vda,2.80,0.00,0.01,0,0
vda,0.00,0.00,0.00,0,0
vda,1.80,0.00,0.01,0,0
vda,274.60,3.34,0.05,16,0
vda,222.60,2.64,0.01,13,0
vda,125.80,1.41,0.02,7,0
vda,135.20,2.17,0.01,10,0
vda,140.40,1.45,0.03,7,0
vda,135.60,1.20,0.02,6,0
vda,9.00,0.09,0.04,0,0
vda,2.00,0.00,0.01,0,0
vda,2.00,0.00,0.01,0,0
vda,7.20,0.00,0.03,0,0
vda,2.20,0.00,0.01,0,0
vda,8.40,0.00,0.04,0,0
vda,4.40,0.00,0.02,0,0
vda,1.80,0.00,0.01,0,0
vda,10.60,0.00,0.05,0,0
