vda,0.40,0.00,0.00,0,0
vda,2.80,0.00,0.01,0,0
vda,23.35,0.00,0.11,0,0
vda,3.00,0.00,0.01,0,0
vda,1.80,0.00,0.01,0,0
vda,1.80,0.00,0.01,0,0
vda,13.60,0.00,0.06,0,0
vda,426.80,5.24,0.02,26,0
vda,436.80,5.60,0.02,27,0
vda,96.60,15.58,0.14,77,0
vda,17.40,3.55,0.01,17,0
vda,139.00,1.26,0.02,6,0
vda,23.60,0.00,1.29,0,6
vda,10.60,0.09,0.04,0,0
vda,8.40,0.00,0.03,0,0
vda,2.00,0.00,0.01,0,0
vda,1.80,0.00,0.01,0,0
vda,1.80,0.00,0.01,0,0
vda,0.60,0.00,0.01,0,0
vda,9.80,0.00,0.08,0,0
vda,10.20,0.00,0.04,0,0
vda,2.00,0.00,0.01,0,0
vda,1.80,0.00,0.01,0,0
vda,0.00,0.00,0.00,0,0
vda,6.60,0.03,0.02,0,0
vda,2.40,0.00,0.01,0,0
vda,2.20,0.00,0.01,0,0
vda,3.60,0.00,0.01,0,0
