2251484.2667,1161041.6,28241.066667
2237928.0,1161208.0,28272.0
2237928.0,1161208.0,28272.0
813291.2,1231304.0,28336.0
457132.0,1248828.0,28352.0
294434.4,1336402.9333,28407.466667
269404.0,1349876.0,28416.0
269404.0,1349876.0,28416.0
280521.86667,1350133.6,28468.266667
281316.0,1350152.0,28472.0
281316.0,1350152.0,28472.0
188856.53333,1425312.8,28520.533333
174632.0,1436876.0,28528.0
314598.4,1314239.7333,28580.266667
324596.0,1305480.0,28584.0
324596.0,1305480.0,28584.0
231568.0,1380678.9333,28639.466667
217256.0,1392248.0,28648.0
217256.0,1392248.0,28648.0
1987010.1333,1216352.8,28693.066667
