vda,0.40,0.00,0.00,0,0
vda,2.60,0.00,0.01,0,0
vda,1.80,0.00,0.01,0,0
vda,32.40,0.34,0.02,1,0
vda,3.80,0.00,0.02,0,0
vda,0.00,0.00,0.00,0,0
vda,23.00,0.00,0.11,0,0
vda,436.20,5.38,0.02,26,0
vda,415.60,5.27,0.02,26,0
vda,29.20,0.33,0.01,1,0
vda,141.80,1.32,0.01,6,0
vda,26.00,0.09,0.04,0,0
vda,14.20,0.00,0.06,0,0
vda,23.20,0.00,0.13,0,0
vda,10.00,0.09,0.08,0,0
vda,0.00,0.00,0.00,0,0
vda,1.80,0.00,0.01,0,0
vda,1.80,0.00,0.01,0,0
vda,13.40,0.00,0.07,0,0
vda,3.00,0.00,0.01,0,0
vda,9.60,0.00,0.06,0,0
vda,2.40,0.00,0.01,0,0
vda,3.80,0.00,0.01,0,0
vda,0.00,0.00,0.00,0,0
vda,2.40,0.00,0.01,0,0
vda,2.40,0.00,0.01,0,0
vda,2.00,0.00,0.01,0,0
vda,3.80,0.00,0.02,0,0
vda,8.80,0.00,0.04,0,0
