vda,24.00,0.00,0.11,0,0
vda,20.00,0.00,0.10,0,0
vda,18.60,0.00,0.07,0,0
vda,0.00,0.00,0.00,0,0
vda,1.40,0.00,0.00,0,0
vda,11.40,0.00,0.24,0,1
vda,4.80,0.00,0.02,0,0
vda,188.60,0.00,0.75,0,3
vda,11.80,0.00,0.06,0,0
vda,19.40,0.01,0.07,0,0
vda,2.40,0.81,0.00,4,0
vda,8.60,0.40,0.03,2,0
vda,141.40,0.00,0.64,0,3
vda,8.40,0.01,0.03,0,0
vda,3.80,0.00,0.01,0,0
vda,0.00,0.00,0.00,0,0
vda,130.80,0.00,0.55,0,2
vda,13.00,0.00,0.25,0,1
vda,3.20,0.00,0.01,0,0
vda,9.60,0.00,0.04,0,0
vda,0.60,0.01,0.00,0,0
vda,208.20,0.00,0.88,0,4
vda,3.00,0.00,0.01,0,0
vda,5.00,0.00,0.02,0,0
vda,0.60,0.00,0.00,0,0
vda,129.80,0.00,0.53,0,2
vda,8.80,0.00,0.03,0,0
vda,0.80,0.00,0.00,0,0
vda,131.20,0.00,0.53,0,2
vda,13.20,0.00,0.25,0,1
vda,6.40,0.00,0.03,0,0
vda,8.40,0.00,0.03,0,0
vda,0.00,0.00,0.00,0,0
vda,205.00,0.00,0.86,0,4
vda,3.00,0.00,0.01,0,0
vda,5.00,0.00,0.02,0,0
vda,2.40,0.00,0.01,0,0
vda,132.80,0.00,0.55,0,2
vda,6.00,0.00,0.02,0,0
vda,0.80,0.00,0.00,0,0
vda,6.40,0.00,0.03,0,0
vda,10.00,0.00,0.24,0,1
vda,3.20,0.00,0.01,0,0
vda,7.80,0.00,0.04,0,0
vda,31.40,0.00,0.14,0,0
vda,2.40,0.00,0.01,0,0
vda,246.60,0.00,0.97,0,4
vda,1.60,0.00,0.06,0,0
vda,3.00,0.00,0.01,0,0
vda,7.60,0.00,0.03,0,0
vda,1.60,0.00,0.01,0,0
vda,18.96,0.00,0.09,0,0
vda,7.20,0.00,0.03,0,0
vda,8.40,0.00,0.23,0,1
vda,3.20,0.00,0.01,0,0
vda,177.60,0.00,0.70,0,3
vda,2.00,0.00,0.01,0,0
vda,10.80,0.00,0.04,0,0
vda,5.20,0.00,0.08,0,0
vda,23.80,0.00,0.09,0,0
vda,2.40,0.00,0.01,0,0
vda,7.80,0.00,0.03,0,0
vda,1.80,0.00,0.01,0,0
vda,3.60,0.00,0.01,0,0
vda,117.80,0.00,0.46,0,2
vda,11.80,0.00,0.26,0,1
vda,23.60,0.00,0.09,0,0
vda,7.40,0.00,0.04,0,0
vda,2.80,0.00,0.07,0,0
vda,1.40,0.00,0.01,0,0
vda,5.40,0.00,0.02,0,0
vda,0.40,0.00,0.00,0,0
vda,5.20,0.00,0.04,0,0
vda,183.60,0.00,0.72,0,3
vda,20.40,0.00,0.08,0,0
vda,9.00,0.00,0.04,0,0
vda,4.80,0.00,0.02,0,0
vda,7.20,0.00,0.22,0,1
vda,3.80,0.00,0.01,0,0
vda,25.60,0.00,0.13,0,0
vda,0.40,0.00,0.00,0,0
vda,19.60,0.00,0.08,0,0
