2867764.0,3632192.0,166688.0
2330253.8667,3633086.4,166740.0
2247560.0,3633224.0,166748.0
2247560.0,3633224.0,166748.0
2008616.5333,3637943.7333,166750.93333
1921728.0,3639660.0,166752.0
1685299.2,3639810.4,166764.8
1626192.0,3639848.0,166768.0
1626192.0,3639848.0,166768.0
981464.8,3640121.8667,166792.26667
882276.0,3640164.0,166796.0
882276.0,3640164.0,166796.0
823722.4,3640302.1333,166833.33333
819540.0,3640312.0,166836.0
690474.93333,3640595.7333,166862.13333
681256.0,3640616.0,166864.0
681256.0,3640616.0,166864.0
599033.6,3640820.5333,166874.4
586384.0,3640852.0,166876.0
586384.0,3640852.0,166876.0
569407.73333,3641039.2,166896.8
566796.0,3641068.0,166900.0
848270.66667,3326553.3333,166937.33333
868376.0,3304088.0,166940.0
868376.0,3304088.0,166940.0
