vda,24.20,0.00,0.11,0,0
vda,3.60,0.00,0.01,0,0
vda,32.20,0.34,0.01,1,0
vda,2.20,0.00,0.01,0,0
vda,1.80,0.00,0.01,0,0
vda,1.80,0.00,0.01,0,0
vda,3.00,0.00,0.01,0,0
vda,4.20,0.00,0.02,0,0
vda,8.80,0.00,0.04,0,0
vda,2.00,0.00,0.01,0,0
vda,2.00,0.00,0.01,0,0
vda,1.80,0.00,0.01,0,0
vda,359.60,4.41,0.02,22,0
vda,459.48,5.92,0.02,29,0
vda,70.40,0.64,0.05,3,0
vda,140.40,1.28,0.02,6,0
vda,1.40,0.03,0.00,0,0
vda,6.60,0.00,0.03,0,0
vda,14.60,0.00,0.08,0,0
vda,13.00,0.00,0.10,0,0
vda,7.80,0.09,0.03,0,0
vda,15.80,0.00,0.09,0,0
vda,4.80,0.00,0.02,0,0
vda,2.00,0.00,0.01,0,0
vda,10.60,0.00,0.05,0,0
vda,2.60,0.00,0.01,0,0
vda,5.20,0.00,0.03,0,0
vda,3.60,0.00,0.02,0,0
vda,2.40,0.00,0.01,0,0
vda,2.00,0.00,0.01,0,0
