vda,4.60,0.01,0.01,0,0
vda,1.20,0.00,0.00,0,0
vda,10.00,0.00,0.06,0,0
vda,1.60,0.00,0.01,0,0
vda,1.40,0.01,0.00,0,0
vda,1.80,0.00,0.01,0,0
vda,1.00,0.00,0.00,0,0
vda,5.60,0.25,0.00,1,0
vda,18.40,0.23,0.03,1,0
vda,9.80,0.03,0.04,0,0
vda,14.80,0.76,0.01,3,0
vda,6.60,0.00,0.04,0,0
vda,3.20,0.00,0.01,0,0
vda,3.00,0.00,0.01,0,0
vda,1.40,0.00,0.07,0,0
vda,5.20,0.00,0.02,0,0
vda,9.00,0.38,0.01,1,0
vda,7.40,0.00,0.05,0,0
vda,0.00,0.00,0.00,0,0
vda,2.60,0.00,0.01,0,0
vda,5.40,0.00,0.03,0,0
vda,20.80,0.00,14.49,0,72
vda,5.40,0.00,0.02,0,0
vda,4.60,0.00,0.02,0,0
vda,3.40,0.00,0.01,0,0
vda,1.60,0.00,0.01,0,0
vda,5.60,0.00,0.02,0,0
vda,5.79,0.00,0.03,0,0
vda,14.60,0.00,6.07,0,30
vda,6.80,0.00,5.87,0,29
vda,11.60,0.00,0.05,0,0
vda,4.60,0.00,2.91,0,14
vda,8.40,0.00,5.75,0,28
vda,9.20,0.00,5.86,0,29
vda,11.80,0.00,9.02,0,45
vda,10.20,0.00,2.97,0,14
vda,4.40,0.00,0.02,0,0
vda,7.40,0.00,5.67,0,28
vda,10.80,0.00,8.78,0,43
vda,9.80,0.00,6.06,0,30
vda,8.60,0.00,5.88,0,29
vda,8.80,0.00,0.05,0,0
vda,8.80,0.00,0.05,0,0
vda,10.80,0.00,8.63,0,43
vda,1.40,0.00,2.94,0,14
vda,14.40,0.00,6.00,0,29
vda,8.60,0.00,5.96,0,29
vda,3.20,0.00,2.92,0,14
vda,0.40,0.00,0.01,0,0
vda,13.80,0.00,5.74,0,28
vda,7.80,0.00,5.90,0,29
vda,12.40,0.00,6.00,0,30
vda,8.60,0.00,7.37,0,36
vda,2.20,0.00,1.50,0,7
vda,6.80,0.00,2.90,0,14
vda,8.40,0.00,5.77,0,28
vda,14.40,0.00,7.40,0,37
vda,18.40,0.00,0.08,0,0
vda,2.20,0.00,0.01,0,0
vda,8.20,0.00,2.90,0,14
vda,10.40,0.00,5.78,0,28
vda,8.80,0.00,7.36,0,36
vda,10.40,0.00,7.50,0,37
vda,18.40,0.01,3.03,0,15
vda,5.00,0.00,0.02,0,0
vda,10.40,0.00,5.70,0,28
vda,10.40,0.00,7.32,0,36
vda,8.60,0.00,7.52,0,37
vda,6.40,0.00,5.88,0,29
vda,7.60,0.00,0.06,0,0
vda,16.20,0.00,5.74,0,28
vda,8.00,0.00,5.90,0,29
vda,10.20,0.00,8.95,0,44
vda,11.60,0.00,0.05,0,0
vda,15.00,0.00,0.06,0,0
vda,2.20,0.00,0.01,0,0
vda,1.60,0.00,0.01,0,0
vda,7.00,0.00,0.06,0,0
vda,8.40,0.00,0.03,0,0
vda,3.80,0.00,0.03,0,0
vda,0.80,0.00,0.00,0,0
vda,0.60,0.00,0.01,0,0
vda,2.20,0.00,0.01,0,0
vda,1.20,0.00,0.00,0,0
vda,6.00,0.00,0.03,0,0
vda,1.60,0.00,0.01,0,0
vda,5.20,0.00,0.03,0,0
