vda,0.40,0.00,0.00,0,0
vda,1.60,0.00,0.01,0,0
vda,30.20,0.33,0.01,1,0
vda,0.80,0.00,0.01,0,0
vda,1.40,0.00,0.01,0,0
vda,2.40,0.00,0.01,0,0
vda,22.20,0.00,0.10,0,0
vda,2.00,0.00,0.01,0,0
vda,0.00,0.00,0.00,0,0
vda,1.40,0.00,0.01,0,0
vda,1.00,0.00,0.00,0,0
vda,0.80,0.00,0.00,0,0
vda,207.00,2.49,0.01,12,0
vda,342.20,3.97,0.03,19,0
vda,326.40,4.40,0.02,21,0
vda,110.40,6.03,0.01,30,0
vda,70.20,0.56,0.02,2,0
vda,6.80,0.00,0.03,0,0
vda,12.20,0.00,0.05,0,0
vda,17.00,0.03,0.11,0,0
vda,18.20,0.09,0.12,0,0
vda,7.80,0.00,0.04,0,0
vda,0.80,0.00,0.00,0,0
vda,0.00,0.00,0.00,0,0
vda,1.80,0.00,0.01,0,0
vda,1.20,0.00,0.00,0,0
vda,8.20,0.00,0.04,0,0
vda,1.80,0.00,0.01,0,0
vda,1.00,0.00,0.00,0,0
vda,5.00,0.01,0.01,0,0
