1838927.2,1450341.6,39040.0
1570540.0,1450620.0,39088.0
1570540.0,1450620.0,39088.0
1183509.6,1450642.4,39096.0
602964.0,1450676.0,39108.0
602964.0,1450676.0,39108.0
495010.93333,1450707.7333,39119.2
371636.0,1450744.0,39132.0
342322.4,1466280.0,39143.2
298352.0,1489584.0,39160.0
298352.0,1489584.0,39160.0
307670.4,1520692.8,39169.6
321648.0,1567356.0,39184.0
321648.0,1567356.0,39184.0
290714.66667,1537527.7333,39201.066667
263648.0,1511428.0,39216.0
260146.13333,1515467.4667,39232.8
256144.0,1520084.0,39252.0
256144.0,1520084.0,39252.0
1195077.3333,1483004.5333,39256.266667
2016644.0,1450560.0,39260.0
