vda,3.00,0.00,0.01,0,0
vda,19.20,0.00,0.09,0,0
vda,3.00,0.00,0.01,0,0
vda,1.80,0.00,0.01,0,0
vda,4.00,0.00,0.02,0,0
vda,0.00,0.00,0.00,0,0
vda,12.60,0.00,0.05,0,0
vda,436.80,5.31,0.02,26,0
vda,436.00,5.44,0.02,27,0
vda,29.20,0.33,0.02,1,0
vda,149.80,1.30,0.11,6,0
vda,12.40,0.03,0.04,0,0
vda,10.80,0.00,0.04,0,0
vda,6.80,0.00,0.03,0,0
vda,12.00,0.09,0.05,0,0
vda,6.80,0.00,0.03,0,0
vda,2.80,0.00,0.02,0,0
vda,7.60,0.00,0.08,0,0
vda,1.80,0.00,0.01,0,0
vda,9.20,0.00,0.04,0,0
vda,2.00,0.00,0.01,0,0
vda,2.00,0.00,0.01,0,0
vda,3.80,0.00,0.02,0,0
vda,2.40,0.00,0.01,0,0
vda,3.00,0.00,0.01,0,0
vda,1.80,0.00,0.01,0,0
vda,0.00,0.00,0.00,0,0
vda,1.80,0.00,0.01,0,0
vda,10.00,0.00,0.04,0,0
