vda,199.80,0.00,0.81,0,4
vda,3.40,0.00,0.01,0,0
vda,5.00,0.00,0.02,0,0
vda,0.00,0.00,0.00,0,0
vda,130.00,0.00,0.53,0,2
vda,5.60,0.00,0.02,0,0
vda,1.40,0.00,0.01,0,0
vda,0.00,0.00,0.00,0,0
vda,5.00,0.00,0.02,0,0
vda,8.00,0.00,0.23,0,1
vda,10.00,0.00,0.04,0,0
vda,190.80,0.21,0.73,1,3
vda,8.80,0.01,0.05,0,0
vda,7.40,0.00,0.03,0,0
vda,5.40,0.00,0.02,0,0
vda,271.26,0.50,0.65,2,3
vda,3.80,0.00,0.01,0,0
vda,8.40,0.00,0.03,0,0
vda,5.40,0.00,0.02,0,0
vda,142.20,0.01,0.64,0,3
vda,8.40,0.00,0.03,0,0
vda,8.80,0.00,0.23,0,1
vda,12.20,0.00,0.05,0,0
vda,5.20,0.00,0.02,0,0
vda,195.00,0.00,0.85,0,4
vda,2.40,0.00,0.01,0,0
vda,5.40,0.00,0.02,0,0
vda,11.00,0.03,0.04,0,0
vda,1.60,0.00,0.01,0,0
vda,5.40,0.00,0.02,0,0
vda,139.60,0.00,0.57,0,2
vda,2.20,0.00,0.01,0,0
vda,5.00,0.00,0.02,0,0
vda,7.60,0.00,0.22,0,1
vda,2.80,0.00,0.01,0,0
