vda,1.40,0.00,0.01,0,0
vda,24.00,0.00,0.11,0,0
vda,33.20,0.34,0.02,1,0
vda,2.00,0.00,0.01,0,0
vda,10.00,0.00,0.04,0,0
vda,3.00,0.00,0.01,0,0
vda,2.40,0.00,0.01,0,0
vda,4.00,0.00,0.02,0,0
vda,2.00,0.00,0.01,0,0
vda,2.60,0.00,0.01,0,0
vda,2.40,0.00,0.01,0,0
vda,4.80,0.00,0.02,0,0
vda,265.20,3.32,0.03,16,0
vda,251.00,2.86,0.02,14,0
vda,352.00,4.69,0.02,23,0
vda,155.20,1.44,0.02,7,0
vda,10.40,0.00,0.04,0,0
vda,20.00,0.10,0.07,0,0
vda,22.00,0.00,0.12,0,0
vda,1.80,0.00,0.01,0,0
vda,0.20,0.00,0.00,0,0
vda,3.20,0.00,0.01,0,0
vda,2.00,0.00,0.01,0,0
vda,2.40,0.00,0.01,0,0
vda,0.20,0.00,0.00,0,0
vda,8.20,0.00,0.04,0,0
vda,2.00,0.00,0.01,0,0
