vda,0.40,0.00,0.00,0,0
vda,2.40,0.00,0.01,0,0
vda,2.60,0.00,0.01,0,0
vda,5.19,0.00,0.02,0,0
vda,2.00,0.00,0.01,0,0
vda,21.00,0.00,0.09,0,0
vda,3.00,0.00,0.01,0,0
vda,2.60,0.00,0.01,0,0
vda,2.60,0.00,0.01,0,0
vda,3.20,0.00,0.01,0,0
vda,2.20,0.00,0.01,0,0
vda,1.80,0.00,0.01,0,0
vda,348.80,4.26,0.01,21,0
vda,172.40,1.96,0.02,9,0
vda,313.40,4.24,0.02,21,0
vda,70.60,0.75,0.05,3,0
vda,132.00,1.13,0.02,5,0
vda,5.60,0.03,0.02,0,0
vda,10.40,0.00,0.06,0,0
vda,3.80,0.00,0.03,0,0
vda,24.00,0.00,1.76,0,8
vda,6.40,0.00,0.03,0,0
vda,5.00,0.00,0.02,0,0
vda,7.00,0.00,0.03,0,0
vda,3.80,0.00,0.01,0,0
vda,7.00,0.00,0.03,0,0
vda,10.60,0.00,0.06,0,0
vda,5.20,0.00,0.02,0,0
vda,2.00,0.00,0.01,0,0
vda,3.00,0.08,0.01,0,0
vda,5.80,0.00,0.02,0,0
vda,1.80,0.00,0.01,0,0
vda,2.60,0.00,0.01,0,0
vda,2.60,0.00,0.01,0,0
vda,14.00,0.00,0.06,0,0
vda,1.80,0.00,0.01,0,0
vda,2.20,0.00,0.01,0,0
vda,1.80,0.00,0.01,0,0
vda,2.60,0.00,0.01,0,0
