vda,0.20,0.00,0.00,0,0
vda,27.40,0.00,0.12,0,0
vda,3.40,0.00,0.01,0,0
vda,2.20,0.00,0.01,0,0
vda,1.80,0.00,0.01,0,0
vda,4.60,0.00,0.02,0,0
vda,2.40,0.00,0.01,0,0
vda,3.80,0.00,0.02,0,0
vda,14.60,0.00,0.06,0,0
vda,2.40,0.00,0.01,0,0
vda,0.00,0.00,0.00,0,0
vda,10.40,0.00,0.05,0,0
vda,280.40,3.47,0.01,17,0
vda,405.80,4.82,0.02,24,0
vda,228.00,6.81,0.11,34,0
vda,140.80,1.28,0.02,6,0
vda,8.80,0.04,0.02,0,0
vda,11.60,0.00,0.05,0,0
vda,17.00,0.00,1.23,0,6
vda,4.40,0.00,0.02,0,0
vda,12.60,0.09,0.05,0,0
vda,6.40,0.00,0.03,0,0
vda,0.00,0.00,0.00,0,0
vda,16.80,0.00,0.10,0,0
vda,2.60,0.00,0.01,0,0
vda,2.00,0.00,0.01,0,0
vda,3.80,0.00,0.02,0,0
vda,4.80,0.00,0.02,0,0
vda,12.00,0.00,0.05,0,0
