4701776.0,1854540.0,77240.0
4701776.0,1854540.0,77240.0
4243078.4,1898047.2,77254.4
3937280.0,1927052.0,77264.0
3937280.0,1927052.0,77264.0
3882384.0,1931302.6667,77272.0
3854936.0,1933428.0,77276.0
3854936.0,1933428.0,77276.0
3598576.0,1936044.0,77286.666667
3470396.0,1937352.0,77292.0
3247196.0,1938032.0,77294.666667
3135596.0,1938372.0,77296.0
3135596.0,1938372.0,77296.0
2817044.0,1938278.6667,77309.333333
2657768.0,1938232.0,77316.0
2657768.0,1938232.0,77316.0
2619901.3333,1938896.0,77324.0
2600968.0,1939228.0,77328.0
2551532.5333,1939932.0,77339.733333
2533556.0,1940188.0,77344.0
2533556.0,1940188.0,77344.0
2449452.0,1941398.6667,77352.0
2407400.0,1942004.0,77356.0
2407400.0,1942004.0,77356.0
2396661.0667,1942784.2667,77361.866667
2392756.0,1943068.0,77364.0
2359841.3333,1943516.0,77393.333333
2343384.0,1943740.0,77408.0
2343384.0,1943740.0,77408.0
