vda,18.80,1.13,0.01,5,0
vda,15.80,0.76,0.02,3,0
vda,18.00,1.13,0.00,5,0
vda,11.60,0.76,0.00,3,0
vda,19.60,1.14,0.01,5,0
vda,12.60,0.76,0.00,3,0
vda,30.00,0.38,0.11,1,0
vda,3.40,0.00,0.01,0,0
vda,11.40,0.00,0.05,0,0
vda,2.40,0.00,0.01,0,0
vda,36.20,12.90,0.01,64,0
vda,0.00,0.00,0.00,0,0
vda,3.20,0.00,0.02,0,0
vda,6.40,0.00,0.03,0,0
vda,4.20,0.00,0.07,0,0
vda,3.40,0.00,0.02,0,0
vda,2.79,0.00,0.01,0,0
vda,4.00,0.00,0.02,0,0
vda,0.60,0.00,0.01,0,0
vda,29.40,0.76,0.07,3,0
vda,15.80,0.76,0.02,3,0
vda,20.40,1.13,0.01,5,0
vda,19.00,0.76,0.05,3,0
vda,20.40,1.16,0.01,5,0
vda,16.20,0.76,0.02,3,0
vda,25.40,1.14,2.28,5,11
vda,17.80,0.76,2.28,3,11
vda,22.80,1.13,2.29,5,11
vda,15.20,0.76,0.01,3,0
vda,34.20,1.13,2.33,5,11
vda,18.80,0.76,3.44,3,17
vda,22.40,1.13,1.15,5,5
vda,15.40,0.76,0.01,3,0
vda,18.80,1.13,2.26,5,11
vda,21.20,0.77,2.31,3,11
vda,17.20,0.76,2.29,3,11
vda,25.00,1.13,0.05,5,0
vda,21.00,0.76,4.56,3,22
vda,19.60,1.13,2.28,5,11
vda,16.40,0.76,0.02,3,0
vda,28.60,1.14,2.31,5,11
vda,16.60,0.76,2.29,3,11
vda,24.60,1.14,2.30,5,11
vda,20.00,0.78,0.04,3,0
vda,20.60,1.15,0.01,5,0
vda,13.60,0.00,0.05,0,0
vda,5.40,0.00,0.02,0,0
vda,5.40,0.00,1.16,0,5
vda,2.40,0.00,3.41,0,17
vda,4.60,0.00,2.30,0,11
vda,19.80,0.00,0.10,0,0
vda,9.20,0.00,2.28,0,11
vda,6.80,0.00,2.29,0,11
vda,4.80,0.00,2.29,0,11
vda,3.00,0.00,0.02,0,0
vda,9.40,0.09,2.29,0,11
vda,8.60,0.00,0.04,0,0
vda,6.40,0.00,0.03,0,0
vda,0.00,0.00,0.00,0,0
vda,1.80,0.00,0.01,0,0
vda,2.40,0.00,0.01,0,0
vda,9.60,0.00,0.04,0,0
vda,3.20,0.00,0.01,0,0
vda,2.20,0.00,0.01,0,0
vda,2.60,0.00,0.01,0,0
