vda,1.20,0.00,0.01,0,0
vda,26.20,0.00,0.11,0,0
vda,2.40,0.00,0.01,0,0
vda,2.00,0.00,0.01,0,0
vda,4.00,0.00,0.02,0,0
vda,2.00,0.00,0.01,0,0
vda,1.20,0.00,0.01,0,0
vda,2.40,0.00,0.01,0,0
vda,3.40,0.00,0.01,0,0
vda,1.80,0.00,0.01,0,0
vda,8.60,0.00,0.04,0,0
vda,2.00,0.00,0.01,0,0
vda,276.80,3.35,0.05,16,0
vda,253.40,2.86,0.03,14,0
vda,231.60,3.33,0.01,16,0
vda,163.20,1.59,0.02,7,0
vda,140.60,1.30,0.02,6,0
vda,6.80,0.03,0.02,0,0
vda,5.00,0.00,0.02,0,0
vda,22.20,0.00,0.12,0,0
vda,11.20,0.00,0.09,0,0
vda,9.80,0.00,0.04,0,0
vda,0.00,0.00,0.00,0,0
vda,4.60,0.00,0.02,0,0
vda,6.40,0.00,0.03,0,0
vda,5.60,0.00,0.02,0,0
vda,8.60,0.09,0.05,0,0
vda,6.60,0.00,0.03,0,0
vda,1.80,0.00,0.01,0,0
vda,8.60,0.00,0.04,0,0
vda,2.00,0.00,0.01,0,0
vda,2.60,0.00,0.01,0,0
vda,3.00,0.00,0.01,0,0
vda,3.80,0.00,0.02,0,0
vda,4.20,0.00,0.02,0,0
