vda,6.20,0.00,0.02,0,0
vda,132.00,0.00,0.54,0,2
vda,2.80,0.00,0.01,0,0
vda,5.00,0.00,0.02,0,0
vda,127.00,0.00,0.51,0,2
vda,1.80,0.00,0.01,0,0
vda,1.80,0.00,0.01,0,0
vda,197.20,0.00,0.78,0,3
vda,0.20,0.00,0.00,0,0
vda,1.60,0.00,0.01,0,0
vda,11.60,0.00,0.24,0,1
vda,3.80,0.00,0.01,0,0
vda,12.80,0.00,0.05,0,0
vda,142.60,0.00,0.65,0,3
vda,9.60,3.31,0.00,16,0
vda,1.60,0.00,0.01,0,0
vda,7.20,0.00,0.03,0,0
vda,136.80,0.00,0.59,0,2
vda,9.60,0.00,0.04,0,0
vda,4.40,0.00,0.02,0,0
vda,3.40,0.00,0.01,0,0
vda,7.60,0.00,0.03,0,0
vda,195.80,0.00,0.84,0,4
vda,6.80,0.00,0.22,0,1
vda,5.00,0.00,0.02,0,0
vda,11.00,0.00,0.04,0,0
vda,2.00,0.00,0.01,0,0
vda,131.00,0.00,0.58,0,2
vda,7.40,0.00,0.03,0,0
vda,4.60,0.00,0.02,0,0
vda,5.60,0.00,0.02,0,0
vda,259.00,0.00,1.05,0,5
vda,3.40,0.00,0.01,0,0
vda,8.20,0.00,0.03,0,0
vda,5.00,0.00,0.02,0,0
vda,10.00,0.00,0.24,0,1
vda,5.20,0.00,0.02,0,0
vda,135.60,0.00,0.57,0,2
vda,2.60,0.00,0.01,0,0
vda,5.00,0.00,0.02,0,0
vda,0.00,0.00,0.00,0,0
