vda,2.40,0.00,0.01,0,0
vda,0.80,0.00,0.00,0,0
vda,0.00,0.00,0.00,0,0
vda,1.80,0.01,0.01,0,0
vda,1.80,0.00,0.01,0,0
vda,3.00,0.00,0.01,0,0
vda,17.40,0.00,0.08,0,0
vda,0.40,0.00,0.00,0,0
vda,5.20,0.00,0.02,0,0
vda,3.80,0.00,0.02,0,0
vda,183.40,11.72,0.01,58,0
vda,2.20,0.00,0.01,0,0
vda,4.40,0.00,0.02,0,0
vda,7.40,0.00,0.05,0,0
vda,1.60,0.00,0.06,0,0
vda,1.00,0.00,0.01,0,0
vda,1.00,0.00,0.00,0,0
vda,9.40,0.00,0.05,0,0
vda,1.20,0.00,0.00,0,0
vda,7.00,0.38,0.00,1,0
vda,6.00,0.38,0.00,1,0
vda,2.80,0.00,0.02,0,0
vda,5.40,0.00,0.02,0,0
vda,13.60,0.00,0.07,0,0
vda,3.20,0.00,0.01,0,0
vda,0.00,0.00,0.00,0,0
vda,0.60,0.00,0.00,0,0
vda,0.00,0.00,0.00,0,0
vda,0.60,0.00,0.00,0,0
vda,1.00,0.00,0.01,0,0
vda,9.00,0.00,5.39,0,26
vda,7.20,0.00,5.18,0,25
vda,2.00,0.00,0.01,0,0
vda,0.00,0.00,0.00,0,0
vda,0.60,0.00,0.00,0,0
vda,3.80,0.00,0.02,0,0
vda,1.20,0.00,0.00,0,0
vda,19.00,0.00,0.08,0,0
vda,0.00,0.00,0.00,0,0
vda,7.00,0.01,0.02,0,0
vda,1.00,0.00,0.00,0,0
vda,0.80,0.00,0.01,0,0
vda,1.60,0.00,0.01,0,0
vda,1.40,0.00,0.01,0,0
vda,3.80,0.00,0.05,0,0
vda,8.00,0.00,5.36,0,26
vda,11.00,0.00,5.21,0,26
vda,2.80,0.00,0.01,0,0
vda,2.60,0.00,0.01,0,0
vda,1.20,0.00,0.00,0,0
vda,1.40,0.00,0.01,0,0
vda,3.80,0.00,0.02,0,0
vda,0.20,0.00,0.00,0,0
vda,17.80,0.00,5.43,0,27
vda,3.20,0.00,0.01,0,0
vda,0.00,0.00,0.00,0,0
vda,0.60,0.00,0.00,0,0
vda,2.60,0.00,0.01,0,0
vda,1.00,0.00,0.00,0,0
vda,1.00,0.00,0.01,0,0
vda,17.80,0.00,5.25,0,26
vda,2.20,0.00,0.01,0,0
vda,0.80,0.00,0.00,0,0
vda,0.40,0.00,0.00,0,0
vda,0.60,0.00,0.00,0,0
vda,2.40,0.00,0.02,0,0
vda,7.40,0.00,0.03,0,0
vda,3.20,0.00,0.01,0,0
vda,4.40,0.00,0.03,0,0
vda,3.20,0.00,0.01,0,0
vda,0.00,0.00,0.00,0,0
vda,2.00,0.00,0.02,0,0
vda,1.60,0.00,0.01,0,0
vda,6.00,0.00,0.03,0,0
vda,7.80,0.00,5.36,0,26
vda,6.00,0.00,5.20,0,25
vda,1.60,0.00,0.01,0,0
vda,3.20,0.00,0.02,0,0
vda,2.00,0.00,0.01,0,0
vda,0.80,0.00,0.00,0,0
vda,1.00,0.00,0.00,0,0
vda,3.20,0.00,0.01,0,0
vda,5.20,0.00,0.02,0,0
vda,6.80,0.00,0.04,0,0
vda,1.40,0.00,0.01,0,0
vda,24.20,0.00,10.58,0,52
vda,2.20,0.00,0.01,0,0
vda,2.80,0.00,0.01,0,0
vda,0.80,0.00,0.00,0,0
vda,0.20,0.00,0.00,0,0
vda,0.60,0.00,0.00,0,0
vda,1.00,0.00,0.01,0,0
vda,3.00,0.00,0.01,0,0
vda,6.20,0.00,0.02,0,0
vda,6.80,0.00,0.03,0,0
vda,3.40,0.00,0.01,0,0
vda,1.80,0.00,0.01,0,0
vda,2.80,0.00,0.02,0,0
vda,2.00,0.00,0.01,0,0
vda,5.40,0.00,0.03,0,0
vda,0.20,0.00,0.00,0,0
vda,9.40,0.00,5.37,0,26
vda,5.20,0.00,5.20,0,25
vda,8.60,0.00,0.04,0,0
vda,1.00,0.00,0.00,0,0
vda,0.80,0.00,0.00,0,0
vda,3.40,0.00,0.01,0,0
vda,1.20,0.00,0.00,0,0
vda,0.80,0.00,0.00,0,0
vda,0.20,0.00,0.00,0,0
vda,20.40,0.00,10.61,0,53
vda,4.20,0.00,0.02,0,0
vda,0.00,0.00,0.00,0,0
vda,0.60,0.00,0.00,0,0
vda,0.00,0.00,0.00,0,0
vda,1.80,0.00,0.01,0,0
vda,1.60,0.00,0.01,0,0
vda,8.60,0.00,0.04,0,0
vda,4.40,0.00,0.02,0,0
vda,0.00,0.00,0.00,0,0
vda,0.80,0.00,0.00,0,0
vda,9.00,0.00,0.04,0,0
vda,0.80,0.00,0.00,0,0
vda,2.80,0.00,0.01,0,0
vda,20.80,0.00,10.59,0,52
vda,4.00,0.00,0.02,0,0
vda,2.40,0.00,0.01,0,0
vda,1.20,0.00,0.00,0,0
vda,0.00,0.00,0.00,0,0
vda,0.60,0.00,0.00,0,0
vda,1.00,0.00,0.01,0,0
vda,1.20,0.00,0.00,0,0
vda,9.80,0.00,0.04,0,0
vda,0.00,0.00,0.00,0,0
vda,0.80,0.00,0.00,0,0
vda,1.60,0.00,0.01,0,0
vda,1.40,0.00,0.01,0,0
vda,10.80,0.00,0.05,0,0
vda,3.20,0.00,0.01,0,0
vda,2.40,0.00,0.01,0,0
vda,0.20,0.00,0.00,0,0
vda,0.60,0.00,0.00,0,0
vda,0.00,0.00,0.00,0,0
vda,1.60,0.00,0.01,0,0
vda,20.20,0.00,5.41,0,27
vda,5.40,0.00,5.20,0,25
vda,7.80,0.00,0.03,0,0
vda,1.00,0.00,0.00,0,0
vda,0.00,0.00,0.00,0,0
vda,1.60,0.00,0.01,0,0
vda,1.40,0.00,0.01,0,0
vda,5.60,0.00,0.03,0,0
vda,10.00,0.00,0.05,0,0
vda,2.40,0.00,0.01,0,0
vda,20.20,0.00,10.58,0,52
vda,2.00,0.00,0.01,0,0
vda,1.80,0.00,0.00,0,0
vda,1.20,0.00,0.00,0,0
vda,1.00,0.00,0.00,0,0
vda,0.00,0.00,0.00,0,0
vda,1.80,0.00,0.01,0,0
vda,2.40,0.00,0.01,0,0
vda,0.60,0.00,0.00,0,0
vda,6.40,0.00,0.03,0,0
vda,1.20,0.00,0.00,0,0
vda,0.80,0.00,0.00,0,0
vda,6.80,0.00,0.03,0,0
vda,2.20,0.00,0.01,0,0
vda,4.80,0.00,0.03,0,0
vda,0.80,0.00,0.00,0,0
vda,0.20,0.00,0.00,0,0
vda,1.40,0.00,0.01,0,0
vda,1.00,0.00,0.01,0,0
vda,7.00,0.00,0.03,0,0
vda,1.00,0.00,0.00,0,0
vda,3.00,0.00,0.01,0,0
vda,0.00,0.00,0.00,0,0
vda,0.60,0.00,0.00,0,0
vda,3.20,0.00,0.02,0,0
vda,5.60,0.00,0.02,0,0
vda,0.00,0.00,0.00,0,0
vda,0.60,0.00,0.00,0,0
vda,4.40,0.00,0.02,0,0
vda,0.00,0.00,0.00,0,0
vda,11.80,0.00,0.06,0,0
vda,2.20,0.00,0.01,0,0
vda,1.60,0.00,0.01,0,0
vda,0.00,0.00,0.00,0,0
