vda,55.60,0.20,0.11,1,0
vda,1.20,0.00,0.00,0,0
vda,0.80,0.00,0.01,0,0
vda,1.00,0.00,0.00,0,0
vda,1.80,0.00,0.01,0,0
vda,0.80,0.00,0.00,0,0
vda,0.40,0.00,0.00,0,0
vda,6.00,0.22,0.00,1,0
vda,60.20,14.03,0.05,70,0
vda,55.80,20.06,0.01,100,0
vda,47.60,18.57,0.00,92,0
vda,72.40,24.21,0.04,121,0
vda,39.00,14.14,0.01,70,0
vda,52.00,18.85,0.01,94,0
vda,58.40,20.60,0.09,103,0
vda,76.40,25.80,0.04,129,0
vda,57.20,21.50,0.00,107,0
vda,68.00,25.04,0.01,125,0
vda,15.60,1.05,0.04,5,0
vda,1.20,0.00,0.00,0,0
vda,54.60,0.69,0.01,3,0
vda,3.80,0.00,0.02,0,0
vda,18.40,0.02,1.67,0,8
vda,3.40,0.00,3.12,0,15
vda,3.60,0.00,0.01,0,0
vda,3.20,0.00,0.01,0,0
vda,19.00,0.08,4.86,0,24
vda,10.60,0.00,9.68,0,48
vda,24.60,0.01,1.71,0,8
vda,16.40,0.00,9.65,0,48
vda,7.00,0.00,4.83,0,24
vda,7.60,0.01,3.47,0,17
vda,0.20,0.00,0.00,0,0
vda,0.80,0.00,0.00,0,0
vda,13.40,0.00,0.05,0,0
vda,3.60,0.00,0.01,0,0
vda,1.60,0.00,0.01,0,0
vda,29.40,0.09,5.25,0,26
vda,10.20,0.00,9.77,0,48
vda,2.80,0.00,0.01,0,0
vda,20.20,0.00,5.68,0,28
vda,8.00,0.00,10.88,0,54
vda,0.20,0.00,0.00,0,0
vda,0.60,0.00,0.00,0,0
vda,1.40,0.00,0.01,0,0
vda,2.20,0.00,0.01,0,0
vda,10.00,0.00,5.64,0,28
vda,9.40,0.00,11.28,0,56
vda,6.40,0.08,0.02,0,0
vda,3.20,0.00,0.01,0,0
vda,0.00,0.00,0.00,0,0
vda,21.80,0.00,5.05,0,25
vda,11.00,0.00,9.75,0,48
vda,3.20,0.00,0.01,0,0
vda,0.00,0.00,0.00,0,0
vda,0.60,0.00,0.00,0,0
vda,14.00,0.00,4.85,0,24
vda,14.80,0.00,0.06,0,0
vda,0.00,0.00,0.00,0,0
vda,2.80,0.03,0.01,0,0
vda,18.80,0.00,0.90,0,4
vda,23.20,0.00,13.81,0,69
vda,3.80,0.00,0.01,0,0
vda,9.80,0.00,2.44,0,12
vda,9.80,0.00,12.22,0,61
vda,3.80,0.00,0.01,0,0
vda,0.00,0.00,0.00,0,0
vda,1.40,0.00,0.01,0,0
vda,2.00,0.00,0.01,0,0
vda,12.80,0.00,4.85,0,24
vda,4.20,0.02,9.44,0,47
vda,4.40,0.00,0.02,0,0
vda,21.60,0.00,4.89,0,24
vda,7.80,0.00,9.69,0,48
vda,0.00,0.00,0.00,0,0
vda,12.40,0.00,4.85,0,24
vda,8.80,0.00,9.88,0,49
vda,2.80,0.00,0.01,0,0
vda,0.00,0.00,0.00,0,0
vda,2.80,0.00,0.01,0,0
vda,13.40,0.00,0.05,0,0
vda,0.00,0.00,0.00,0,0
vda,28.20,0.00,4.92,0,24
vda,12.80,0.00,9.78,0,48
vda,3.40,0.00,0.01,0,0
vda,9.80,0.00,4.84,0,24
vda,8.80,0.00,9.55,0,47
vda,4.00,0.00,0.02,0,0
vda,2.00,0.00,0.01,0,0
vda,2.20,0.00,0.01,0,0
vda,1.20,0.00,0.00,0,0
vda,18.80,0.00,4.88,0,24
vda,9.80,0.00,9.72,0,48
vda,4.00,0.00,0.02,0,0
vda,11.00,0.00,4.85,0,24
vda,8.80,0.00,6.43,0,32
vda,8.00,0.00,8.19,0,40
vda,4.00,0.00,0.02,0,0
vda,12.80,0.00,4.85,0,24
vda,3.60,0.00,9.78,0,48
vda,7.40,0.03,0.02,0,0
vda,1.20,0.00,0.00,0,0
vda,0.80,0.00,0.00,0,0
vda,3.60,0.00,0.01,0,0
vda,21.80,0.00,4.89,0,24
vda,6.00,0.00,9.76,0,48
vda,4.00,0.00,0.02,0,0
vda,12.00,0.00,4.85,0,24
vda,7.80,0.00,9.55,0,47
vda,8.80,0.02,0.03,0,0
vda,0.80,0.00,0.00,0,0
vda,0.20,0.00,0.00,0,0
vda,14.40,0.00,0.06,0,0
vda,1.00,0.00,0.00,0,0
vda,26.40,0.00,4.91,0,24
vda,16.00,0.00,9.72,0,48
vda,3.60,0.00,0.01,0,0
vda,13.00,0.00,4.85,0,24
vda,16.80,0.02,9.71,0,48
vda,3.20,0.00,0.01,0,0
vda,13.80,0.02,0.86,0,4
vda,11.40,0.00,13.88,0,69
vda,4.20,0.00,0.02,0,0
vda,0.00,0.00,0.00,0,0
vda,1.40,0.00,0.01,0,0
vda,0.80,0.00,0.00,0,0
vda,10.00,0.00,4.84,0,24
vda,9.00,0.00,9.61,0,48
vda,2.40,0.00,0.01,0,0
vda,23.60,0.00,4.89,0,24
vda,3.80,0.00,9.73,0,48
vda,3.80,0.00,0.01,0,0
vda,12.00,0.00,4.85,0,24
vda,6.80,0.00,9.80,0,48
vda,2.20,0.00,0.01,0,0
vda,11.80,0.00,0.05,0,0
vda,0.00,0.00,0.00,0,0
vda,1.40,0.00,0.01,0,0
vda,3.99,0.06,0.02,0,0
vda,3.00,0.00,0.01,0,0
vda,8.20,0.00,0.05,0,0
vda,0.00,0.00,0.00,0,0
vda,0.80,0.00,0.00,0,0
vda,0.00,0.00,0.00,0,0
vda,9.00,0.00,0.04,0,0
vda,1.20,0.00,0.00,0,0
vda,4.00,0.05,0.01,0,0
vda,8.40,0.00,0.03,0,0
vda,0.20,0.00,0.00,0,0
vda,0.60,0.00,0.00,0,0
vda,0.60,0.00,0.01,0,0
vda,1.00,0.00,0.00,0,0
vda,13.60,0.00,0.06,0,0
vda,1.00,0.00,0.00,0,0
vda,4.60,0.00,0.03,0,0
vda,1.80,0.00,0.01,0,0
vda,9.80,0.00,0.04,0,0
