vda,25.80,0.00,0.11,0,0
vda,1.80,0.00,0.01,0,0
vda,0.60,0.00,0.00,0,0
vda,0.80,0.00,0.00,0,0
vda,0.00,0.00,0.00,0,0
vda,3.00,0.00,0.01,0,0
vda,3.60,0.00,0.01,0,0
vda,0.00,0.00,0.00,0,0
vda,0.60,0.00,0.00,0,0
vda,0.80,0.00,0.00,0,0
vda,0.00,0.00,0.00,0,0
vda,8.80,0.00,0.04,0,0
vda,260.00,3.19,0.01,15,0
vda,347.20,4.03,0.03,20,0
vda,310.18,9.68,0.02,48,0
vda,35.07,6.46,0.02,32,0
vda,141.52,1.30,0.02,6,0
vda,7.00,0.03,0.02,0,0
vda,12.80,0.01,0.04,0,0
vda,8.60,0.00,0.05,0,0
vda,18.80,0.00,0.14,0,0
vda,12.40,0.00,0.05,0,0
vda,6.00,0.00,0.02,0,0
vda,0.00,0.00,0.00,0,0
vda,7.80,0.09,0.04,0,0
vda,24.20,0.00,0.11,0,0
vda,0.00,0.00,0.00,0,0
vda,1.00,0.00,0.00,0,0
vda,9.40,0.00,0.04,0,0
vda,1.40,0.00,0.01,0,0
vda,1.80,0.00,0.01,0,0
vda,1.00,0.00,0.00,0,0
vda,1.00,0.00,0.00,0,0
vda,0.80,0.00,0.00,0,0
