vda,0.20,0.00,0.00,0,0
vda,2.20,0.00,0.01,0,0
vda,1.00,0.00,0.00,0,0
vda,23.40,0.00,0.11,0,0
vda,1.00,0.00,0.00,0,0
vda,1.20,0.00,0.00,0,0
vda,2.20,0.00,0.01,0,0
vda,12.40,0.00,0.06,0,0
vda,4.40,0.00,0.02,0,0
vda,19.00,3.67,0.10,18,0
vda,11.00,2.81,0.01,14,0
vda,12.20,0.00,0.05,0,0
vda,21.60,0.00,0.59,0,2
vda,8.20,0.00,0.04,0,0
vda,0.20,0.00,0.00,0,0
vda,1.40,0.00,0.01,0,0
vda,1.20,0.00,0.00,0,0
vda,0.80,0.00,0.00,0,0
vda,14.80,0.00,0.07,0,0
vda,1.80,0.00,0.01,0,0
vda,1.00,0.00,0.00,0,0
vda,0.80,0.00,0.00,0,0
