5519764.0,1892096.0,26636.0
5039578.9333,1890830.4,26658.4
5005280.0,1890740.0,26660.0
1779300.0,2549764.0,26688.0
1779300.0,2549764.0,26688.0
1779300.0,2549764.0,26688.0
337632.0,3208820.0,26724.0
337632.0,3208820.0,26724.0
337632.0,3208820.0,26724.0
138656.0,2994952.0,26768.0
138656.0,2994952.0,26768.0
246464.0,2900784.0,26800.0
246464.0,2900784.0,26800.0
246464.0,2900784.0,26800.0
295728.0,2846144.0,26836.0
295728.0,2846144.0,26836.0
295728.0,2846144.0,26836.0
148408.0,2966284.0,26872.0
148408.0,2966284.0,26872.0
144692.0,2969572.0,26900.0
144692.0,2969572.0,26900.0
144692.0,2969572.0,26900.0
134368.0,2933152.0,26940.0
134368.0,2933152.0,26940.0
134613.6,2931419.4667,26941.333333
138052.0,2907164.0,26960.0
138052.0,2907164.0,26960.0
886600.0,2167756.0,26992.0
886600.0,2167756.0,26992.0
886600.0,2167756.0,26992.0
651736.0,2393644.0,27020.0
651736.0,2393644.0,27020.0
645429.33333,2401635.2,27022.4
557136.0,2513512.0,27056.0
557136.0,2513512.0,27056.0
536996.26667,2531992.5333,27059.733333
406088.0,2652116.0,27084.0
362249.6,2695674.4,27088.8
186896.0,2869908.0,27108.0
186896.0,2869908.0,27108.0
306427.2,2746511.2,27113.6
784552.0,2252924.0,27136.0
784552.0,2252924.0,27136.0
746915.73333,2285324.0,27146.666667
643416.0,2374424.0,27176.0
587659.2,2429725.3333,27182.4
434328.0,2581804.0,27200.0
434328.0,2581804.0,27200.0
436783.46667,2581207.7333,27210.666667
443536.0,2579568.0,27240.0
443536.0,2579568.0,27240.0
