vda,5.80,0.07,0.01,0,0
vda,2.00,0.00,0.01,0,0
vda,1.80,0.00,0.01,0,0
vda,0.80,0.00,0.01,0,0
vda,5.60,0.00,0.02,0,0
vda,2.20,0.00,0.01,0,0
vda,23.20,0.00,0.10,0,0
vda,440.00,5.41,0.01,27,0
vda,448.80,5.57,0.04,27,0
vda,33.00,0.13,0.08,0,0
vda,141.40,1.32,0.01,6,0
vda,17.00,0.00,0.99,0,4
vda,15.00,0.00,0.06,0,0
vda,6.60,0.00,0.03,0,0
vda,8.20,0.09,0.04,0,0
vda,2.00,0.00,0.01,0,0
vda,1.80,0.00,0.01,0,0
vda,4.20,0.00,0.02,0,0
vda,7.00,0.00,0.05,0,0
vda,2.00,0.00,0.01,0,0
vda,3.00,0.00,0.01,0,0
vda,1.80,0.00,0.01,0,0
vda,1.80,0.00,0.01,0,0
vda,9.60,0.00,0.04,0,0
vda,2.00,0.00,0.01,0,0
vda,3.00,0.00,0.01,0,0
vda,2.00,0.00,0.01,0,0
vda,4.00,0.00,0.02,0,0
