vda,1.20,0.00,0.01,0,0
vda,15.60,0.00,0.07,0,0
vda,1.60,0.00,0.01,0,0
vda,0.60,0.00,0.00,0,0
vda,1.00,0.00,0.00,0,0
vda,10.20,0.00,0.05,0,0
vda,1.40,0.00,0.01,0,0
vda,351.20,4.36,0.00,21,0
vda,391.80,5.31,0.01,26,0
vda,158.40,5.19,0.02,25,0
vda,139.00,1.29,0.01,6,0
vda,8.40,0.03,0.03,0,0
vda,20.80,0.00,0.09,0,0
vda,13.40,0.00,0.07,0,0
vda,7.60,0.09,0.03,0,0
vda,0.20,0.00,0.00,0,0
vda,2.40,0.00,0.01,0,0
vda,2.00,0.00,0.01,0,0
vda,23.40,0.16,0.00,0,0
vda,6.40,0.00,0.05,0,0
vda,1.60,0.00,0.01,0,0
vda,2.20,0.03,0.00,0,0
vda,11.40,0.00,0.05,0,0
vda,1.60,0.00,0.01,0,0
vda,1.60,0.00,0.01,0,0
vda,2.20,0.00,0.01,0,0
vda,1.80,0.00,0.01,0,0
vda,2.40,0.00,0.01,0,0
