vda,2.00,0.00,0.01,0,0
vda,0.80,0.00,0.00,0,0
vda,0.80,0.00,0.01,0,0
vda,1.00,0.00,0.00,0,0
vda,1.40,0.00,0.01,0,0
vda,18.00,0.00,0.09,0,0
vda,1.60,0.00,0.01,0,0
vda,4.20,0.00,0.02,0,0
vda,51.80,18.00,0.03,90,0
vda,45.40,16.80,0.01,84,0
vda,57.40,17.60,0.13,88,0
vda,64.60,24.40,0.01,122,0
vda,60.80,23.20,0.01,116,0
vda,46.20,17.60,0.01,88,0
vda,51.80,19.60,0.01,98,0
vda,48.80,19.20,0.00,96,0
vda,3.40,0.00,0.02,0,0
vda,6.20,0.00,0.04,0,0
vda,6.60,0.00,0.03,0,0
vda,33.20,0.00,7.82,0,39
vda,7.40,0.00,0.03,0,0
vda,14.80,0.00,0.06,0,0
vda,6.40,0.00,0.03,0,0
vda,6.80,0.00,0.03,0,0
vda,6.00,0.00,0.02,0,0
vda,44.80,0.00,15.81,0,79
vda,6.40,0.00,0.03,0,0
vda,6.20,0.00,0.02,0,0
vda,6.60,0.00,0.03,0,0
vda,6.20,0.00,0.02,0,0
vda,8.80,0.00,0.04,0,0
vda,0.60,0.00,0.01,0,0
vda,6.20,0.00,0.04,0,0
vda,1.20,0.00,0.00,0,0
vda,0.00,0.00,0.00,0,0
vda,7.60,0.00,0.03,0,0
vda,0.80,0.00,0.00,0,0
vda,0.80,0.00,0.01,0,0
vda,4.40,0.04,0.01,0,0
vda,2.60,0.00,0.01,0,0
