vda,4.40,0.07,0.01,0,0
vda,29.60,0.00,0.13,0,0
vda,2.60,0.00,0.01,0,0
vda,2.00,0.00,0.01,0,0
vda,1.80,0.00,0.01,0,0
vda,1.80,0.00,0.01,0,0
vda,1.20,0.00,0.01,0,0
vda,2.40,0.00,0.01,0,0
vda,2.80,0.00,0.01,0,0
vda,11.40,0.00,0.05,0,0
vda,1.80,0.00,0.01,0,0
vda,1.80,0.00,0.01,0,0
vda,373.60,4.49,0.02,22,0
vda,229.60,2.78,0.02,13,0
vda,301.20,8.53,0.01,42,0
vda,46.60,12.62,0.01,63,0
vda,144.40,1.30,0.03,6,0
vda,2.80,0.01,0.01,0,0
vda,8.40,0.03,0.03,0,0
vda,5.20,0.00,0.03,0,0
vda,7.00,0.00,0.08,0,0
vda,4.20,0.00,0.02,0,0
vda,19.40,0.00,4.90,0,24
vda,11.60,0.00,0.05,0,0
vda,5.00,0.00,0.02,0,0
vda,4.20,0.00,0.02,0,0
vda,4.40,0.00,0.02,0,0
vda,0.20,0.00,0.00,0,0
vda,8.20,0.00,0.04,0,0
vda,9.20,0.00,0.07,0,0
vda,5.20,0.00,0.02,0,0
vda,18.00,0.00,4.95,0,24
vda,7.00,0.00,0.03,0,0
vda,2.00,0.00,0.01,0,0
vda,7.40,0.08,0.03,0,0
vda,2.00,0.00,0.01,0,0
vda,2.20,0.00,0.01,0,0
vda,2.00,0.00,0.01,0,0
vda,9.20,0.00,0.05,0,0
vda,0.00,0.00,0.00,0,0
vda,2.00,0.00,0.01,0,0
vda,1.80,0.00,0.01,0,0
vda,9.00,0.00,0.04,0,0
