vda,0.40,0.00,0.00,0,0
vda,0.80,0.00,0.00,0,0
vda,0.80,0.00,0.00,0,0
vda,0.00,0.00,0.00,0,0
vda,0.60,0.00,0.00,0,0
vda,0.80,0.00,0.01,0,0
vda,14.20,0.00,0.06,0,0
vda,341.00,4.17,0.02,20,0
vda,181.40,2.06,0.01,10,0
vda,340.80,4.63,0.02,23,0
vda,164.60,1.61,0.01,8,0
vda,8.00,0.04,0.02,0,0
vda,11.80,0.00,0.04,0,0
vda,6.40,0.00,0.04,0,0
vda,14.40,0.00,0.09,0,0
vda,6.80,0.00,0.08,0,0
vda,10.40,0.09,0.04,0,0
vda,8.60,0.00,0.04,0,0
vda,1.20,0.00,0.00,0,0
vda,0.00,0.00,0.00,0,0
vda,1.00,0.00,0.00,0,0
vda,7.40,0.00,0.05,0,0
vda,0.00,0.00,0.00,0,0
vda,8.60,0.00,0.04,0,0
vda,1.20,0.00,0.00,0,0
vda,0.00,0.00,0.00,0,0
vda,2.00,0.00,0.01,0,0
vda,1.40,0.00,0.01,0,0
vda,1.20,0.00,0.01,0,0
vda,1.40,0.00,0.01,0,0
vda,1.00,0.00,0.00,0,0
