vda,0.20,0.00,0.00,0,0
vda,4.60,0.00,0.02,0,0
vda,0.80,0.00,0.00,0,0
vda,0.40,0.00,0.00,0,0
vda,17.20,0.00,0.09,0,0
vda,1.60,0.00,0.01,0,0
vda,2.60,0.00,0.01,0,0
vda,4.40,0.00,0.02,0,0
vda,6.60,0.00,0.03,0,0
vda,198.80,21.93,0.04,109,0
vda,164.60,16.65,0.00,83,0
vda,150.00,15.16,0.12,75,0
vda,396.80,25.32,0.02,126,0
vda,331.20,22.77,0.00,113,0
vda,313.80,20.04,0.01,100,0
vda,298.20,18.90,0.03,94,0
vda,286.20,18.52,0.00,92,0
vda,213.20,24.14,0.03,120,0
vda,390.40,25.33,0.01,126,0
vda,232.00,23.65,0.04,118,0
vda,317.20,22.03,0.01,110,0
vda,339.20,21.92,0.00,109,0
vda,225.80,22.49,0.06,112,0
vda,119.40,20.52,0.02,102,0
vda,347.20,22.30,0.01,111,0
vda,375.00,24.19,0.01,120,0
vda,22.60,0.70,0.04,3,0
vda,13.80,0.39,0.02,1,0
vda,32.60,1.15,0.03,5,0
vda,62.20,0.76,19.19,3,95
vda,23.20,1.13,0.02,5,0
vda,20.20,0.76,0.03,3,0
vda,22.00,1.13,0.02,5,0
vda,27.60,0.76,0.06,3,0
vda,23.80,1.13,0.03,5,0
vda,17.80,0.76,0.03,3,0
vda,36.80,1.13,0.13,5,0
vda,18.60,0.76,0.02,3,0
vda,60.80,1.13,14.45,5,72
vda,76.40,0.76,24.27,3,121
vda,26.20,1.14,0.04,5,0
vda,16.60,0.76,0.02,3,0
vda,25.00,1.13,0.03,5,0
vda,15.80,0.76,0.02,3,0
vda,25.00,1.13,0.03,5,0
vda,35.20,0.76,8.27,3,41
vda,38.20,0.76,11.16,3,55
vda,34.60,1.13,4.19,5,20
vda,48.00,0.76,22.71,3,113
vda,95.60,1.13,37.99,5,189
vda,16.40,0.76,0.02,3,0
vda,24.60,1.13,0.03,5,0
vda,34.00,0.76,0.09,3,0
vda,17.40,1.13,0.00,5,0
vda,12.40,0.76,0.02,3,0
vda,24.20,1.13,0.03,5,0
vda,21.00,0.76,0.08,3,0
vda,19.40,1.13,0.01,5,0
vda,11.60,0.76,0.00,3,0
vda,18.40,1.13,0.00,5,0
vda,12.00,0.76,0.00,3,0
vda,19.60,1.13,0.01,5,0
vda,12.60,0.76,0.00,3,0
