vda,0.40,0.00,0.00,0,0
vda,8.60,0.00,0.03,0,0
vda,9.20,0.00,0.06,0,0
vda,203.20,1.22,0.79,6,3
vda,4.80,0.83,0.01,4,0
vda,5.00,1.23,0.01,6,0
vda,13.60,0.80,0.05,4,0
vda,12.20,1.20,0.04,6,0
vda,151.60,0.80,0.68,4,3
vda,3.80,1.23,0.00,6,0
vda,9.40,1.45,0.02,7,0
vda,12.80,1.20,0.23,6,1
vda,6.60,0.80,0.02,4,0
vda,276.60,1.20,1.11,6,5
vda,6.79,0.80,0.02,4,0
vda,8.80,1.20,0.02,6,0
vda,7.00,0.83,0.02,4,0
vda,145.60,1.23,0.60,6,3
vda,9.00,1.23,0.02,6,0
vda,6.40,1.60,0.01,8,0
vda,4.00,0.80,0.01,4,0
vda,132.40,0.80,0.54,4,2
vda,10.60,1.23,0.03,6,0
vda,11.20,0.80,0.23,4,1
vda,10.60,1.20,0.03,6,0
vda,204.20,0.80,0.84,4,4
vda,9.20,1.20,0.02,6,0
vda,8.20,0.80,0.02,4,0
vda,5.40,1.20,0.01,6,0
vda,146.80,0.82,0.62,4,3
vda,9.80,1.23,0.02,6,0
vda,4.60,0.83,0.01,4,0
vda,3.20,1.20,0.00,6,0
vda,134.60,0.80,0.53,4,2
vda,9.80,1.20,0.03,6,0
vda,11.40,0.83,0.23,4,1
vda,12.00,1.20,0.03,6,0
vda,4.00,0.80,0.01,4,0
vda,208.80,1.20,0.85,6,4
vda,9.80,0.80,0.03,4,0
vda,6.60,1.20,0.01,6,0
vda,3.20,0.80,0.00,4,0
vda,11.00,1.20,0.03,6,0
vda,7.60,0.80,0.02,4,0
vda,138.60,0.80,0.62,4,3
vda,10.00,1.20,0.03,6,0
vda,4.40,0.80,0.01,4,0
vda,11.00,1.20,0.23,6,1
vda,9.60,0.80,0.03,4,0
vda,4.60,1.20,0.01,6,0
vda,5.60,0.80,0.03,4,0
vda,203.40,1.20,0.79,6,3
vda,11.40,0.80,0.04,4,0
vda,5.80,1.20,0.01,6,0
vda,10.00,0.81,0.05,4,0
vda,12.60,1.24,0.04,6,0
vda,141.60,0.80,0.59,4,2
vda,5.40,1.23,0.01,6,0
vda,9.60,0.80,0.03,4,0
vda,11.40,1.20,0.23,6,1
vda,8.60,0.83,0.03,4,0
vda,216.40,1.20,0.92,6,4
vda,6.60,0.80,0.02,4,0
vda,9.00,1.20,0.02,6,0
vda,4.00,0.80,0.01,4,0
vda,135.60,1.20,0.54,6,2
vda,8.60,0.80,0.03,4,0
vda,6.40,0.81,0.02,4,0
vda,145.80,1.24,0.60,6,2
vda,8.00,0.80,0.02,4,0
vda,5.00,1.23,0.01,6,0
vda,9.20,0.80,0.22,4,1
vda,7.00,1.20,0.01,6,0
vda,205.60,0.83,0.83,4,4
vda,8.00,1.20,0.02,6,0
vda,8.00,0.80,0.02,4,0
vda,8.00,1.20,0.02,6,0
vda,4.00,0.80,0.01,4,0
vda,9.20,1.20,0.02,6,0
vda,6.40,0.80,0.02,4,0
vda,8.00,1.22,0.08,6,0
vda,137.40,0.83,0.54,4,2
vda,4.80,1.20,0.01,6,0
vda,17.20,0.83,0.26,4,1
vda,10.80,1.20,0.03,6,0
vda,6.00,0.80,0.03,4,0
vda,204.20,1.23,0.83,6,4
vda,9.20,0.80,0.03,4,0
vda,5.40,1.20,0.01,6,0
vda,4.00,0.80,0.01,4,0
vda,5.40,0.80,0.01,4,0
vda,9.00,1.20,0.02,6,0
vda,19.16,0.80,0.07,4,0
vda,128.40,1.21,0.49,6,2
vda,11.80,0.81,0.04,4,0
vda,10.60,1.23,0.22,6,1
vda,7.00,0.83,0.08,4,0
vda,10.20,1.20,0.03,6,0
vda,200.60,0.80,0.81,4,4
vda,8.60,1.23,0.02,6,0
vda,8.20,0.80,0.02,4,0
vda,4.20,1.20,0.00,6,0
vda,142.60,0.80,0.58,4,2
vda,10.80,1.20,0.03,6,0
vda,4.00,0.80,0.01,4,0
vda,139.80,1.20,0.56,6,2
vda,6.20,0.82,0.01,4,0
vda,16.20,1.23,0.25,6,1
vda,8.20,0.80,0.02,4,0
vda,3.20,1.23,0.00,6,0
vda,210.40,0.80,0.88,4,4
vda,6.80,1.20,0.01,6,0
vda,7.80,0.83,0.02,4,0
vda,3.80,0.80,0.01,4,0
vda,135.40,1.20,0.54,6,2
vda,15.40,0.80,0.08,4,0
vda,4.60,1.20,0.00,5,0
vda,11.00,0.80,0.04,4,0
vda,5.20,1.20,0.01,6,0
vda,10.40,0.82,0.23,4,1
vda,13.20,1.23,0.05,6,0
vda,71.00,0.80,0.29,4,1
vda,7.80,1.23,0.02,6,0
vda,149.40,0.80,0.58,4,2
vda,5.60,1.20,0.01,6,0
vda,5.00,0.83,0.01,4,0
vda,12.60,1.20,0.04,5,0
vda,8.60,0.80,0.08,4,0
vda,6.00,1.20,0.01,6,0
vda,42.00,0.80,0.16,4,0
vda,8.60,1.20,0.02,5,0
vda,11.20,0.80,0.23,4,1
vda,194.40,1.22,0.76,6,3
vda,17.00,0.83,0.07,4,0
vda,5.40,1.23,0.01,6,0
vda,9.20,0.80,0.05,4,0
vda,32.80,0.80,0.14,4,0
vda,5.40,1.20,0.01,6,0
vda,62.80,0.83,0.24,4,1
vda,5.80,1.20,0.01,6,0
vda,5.20,0.80,0.01,4,0
vda,93.20,1.20,0.35,6,1
vda,16.20,0.80,0.11,4,0
vda,38.00,1.20,0.35,6,1
vda,11.60,0.80,0.05,4,0
vda,7.20,1.22,0.01,6,0
vda,5.20,0.83,0.01,4,0
vda,42.00,1.23,0.15,6,0
vda,8.20,0.80,0.02,4,0
vda,5.40,1.20,0.01,6,0
vda,149.80,0.80,0.61,4,3
vda,25.40,1.23,0.11,6,0
vda,4.00,0.80,0.01,4,0
vda,9.00,1.20,0.03,6,0
vda,5.60,0.80,0.01,4,0
vda,11.60,1.20,0.23,6,1
vda,48.80,0.80,0.19,4,0
vda,11.60,1.20,0.04,6,0
vda,6.20,0.82,0.07,4,0
vda,160.00,0.83,0.62,4,3
vda,14.00,1.23,0.04,6,0
vda,3.60,0.80,0.01,4,0
vda,11.80,1.20,0.04,6,0
vda,143.80,0.80,0.59,4,2
vda,7.00,1.23,0.01,6,0
vda,3.99,0.80,0.01,4,0
vda,8.60,1.20,0.02,6,0
vda,11.60,0.80,0.23,4,1
vda,11.00,1.20,0.03,6,0
vda,203.40,0.80,0.87,4,4
vda,5.20,0.80,0.01,4,0
vda,8.20,0.82,0.02,4,0
vda,5.00,1.23,0.01,6,0
vda,4.80,0.83,0.01,4,0
vda,9.00,1.20,0.02,6,0
vda,6.00,0.80,0.05,4,0
vda,18.60,1.23,0.08,6,0
vda,131.80,0.80,0.51,4,2
vda,8.60,1.20,0.02,6,0
vda,18.20,0.80,0.26,4,1
vda,11.00,1.20,0.03,6,0
vda,7.60,0.80,0.03,4,0
vda,6.40,0.80,0.05,4,0
vda,13.60,1.21,0.04,6,0
vda,210.60,0.81,0.87,4,4
vda,7.40,1.23,0.02,6,0
vda,4.00,0.83,0.01,4,0
vda,9.20,1.20,0.02,6,0
vda,135.20,0.80,0.54,4,2
vda,9.80,1.23,0.03,6,0
vda,3.80,0.80,0.01,4,0
vda,11.60,1.20,0.23,6,1
vda,9.40,0.80,0.03,4,0
vda,3.20,1.20,0.00,6,0
vda,5.00,0.80,0.02,4,0
vda,208.60,1.20,0.81,6,4
vda,16.20,0.81,0.08,4,0
vda,6.40,1.24,0.01,6,0
vda,8.80,0.80,0.03,4,0
vda,4.80,1.23,0.01,6,0
vda,6.40,0.80,0.02,4,0
vda,9.80,1.20,0.03,6,0
vda,21.60,0.83,0.07,4,0
