vda,0.60,0.00,0.00,0,0
vda,2.00,0.00,0.01,0,0
vda,2.20,0.01,0.01,0,0
vda,31.80,0.33,0.02,1,0
vda,3.59,0.00,0.01,0,0
vda,2.20,0.00,0.01,0,0
vda,22.40,0.00,0.10,0,0
vda,1.80,0.00,0.01,0,0
vda,1.80,0.00,0.01,0,0
vda,3.00,0.00,0.01,0,0
vda,18.80,0.12,0.01,0,0
vda,15.00,0.00,0.07,0,0
vda,354.20,4.33,0.02,21,0
vda,159.60,1.84,0.00,9,0
vda,349.40,4.66,0.01,23,0
vda,157.40,1.46,0.02,7,0
vda,9.20,0.00,0.04,0,0
vda,7.60,0.09,0.04,0,0
vda,14.80,0.00,0.07,0,0
vda,2.00,0.00,0.01,0,0
vda,0.40,0.00,0.00,0,0
vda,3.80,0.00,0.01,0,0
vda,2.20,0.00,0.01,0,0
vda,3.00,0.00,0.01,0,0
vda,0.00,0.00,0.00,0,0
vda,4.80,0.00,0.02,0,0
