vda,6.39,0.00,0.02,0,0
vda,1.40,0.00,0.01,0,0
vda,129.20,0.00,0.52,0,2
vda,6.20,0.00,0.02,0,0
vda,0.00,0.00,0.00,0,0
vda,129.00,0.00,0.52,0,2
vda,14.80,0.00,0.25,0,1
vda,5.00,0.00,0.02,0,0
vda,16.80,0.00,0.07,0,0
vda,5.80,0.00,0.02,0,0
vda,203.80,0.00,0.89,0,4
vda,5.60,0.00,0.02,0,0
vda,2.80,0.00,0.01,0,0
vda,3.80,0.00,0.01,0,0
vda,34.40,0.00,0.16,0,0
vda,113.00,0.00,0.47,0,2
vda,0.20,0.00,0.00,0,0
vda,3.00,0.00,0.01,0,0
vda,145.00,0.00,0.64,0,3
vda,11.40,0.00,0.24,0,1
vda,4.60,0.00,0.02,0,0
vda,7.40,0.00,0.03,0,0
vda,198.80,0.00,1.46,0,7
vda,6.80,0.00,0.03,0,0
vda,5.20,0.00,0.02,0,0
vda,2.00,0.00,0.01,0,0
vda,1.00,0.00,0.00,0,0
vda,145.20,0.00,0.58,0,2
vda,0.00,0.00,0.00,0,0
vda,1.20,0.00,0.00,0,0
vda,190.80,0.00,0.75,0,3
