vda,6.40,0.00,0.03,0,0
vda,1.20,0.00,0.00,0,0
vda,202.40,0.00,0.80,0,3
vda,1.60,0.00,0.01,0,0
vda,8.00,0.00,0.23,0,1
vda,0.20,0.00,0.00,0,0
vda,7.20,0.00,0.03,0,0
vda,137.13,0.00,0.56,0,2
vda,5.20,0.00,0.02,0,0
vda,0.00,0.00,0.00,0,0
vda,52.60,0.00,0.22,0,1
vda,84.00,0.00,0.33,0,1
vda,7.20,0.02,0.03,0,0
vda,6.00,0.00,0.02,0,0
vda,76.60,0.00,0.39,0,1
vda,6.20,2.22,0.00,11,0
vda,35.60,9.59,0.01,47,0
vda,9.80,0.00,0.23,0,1
vda,7.20,0.00,0.03,0,0
vda,192.00,0.00,0.80,0,3
vda,9.80,0.00,0.04,0,0
vda,1.00,0.00,0.00,0,0
vda,4.20,0.00,0.02,0,0
vda,137.00,0.00,0.58,0,2
vda,5.00,0.00,0.02,0,0
vda,0.00,0.00,0.00,0,0
vda,2.00,0.00,0.01,0,0
vda,7.00,0.00,0.03,0,0
vda,267.40,0.00,1.11,0,5
vda,4.20,0.00,0.02,0,0
vda,11.60,0.00,0.24,0,1
vda,5.40,0.00,0.02,0,0
vda,5.20,0.00,0.02,0,0
vda,4.00,0.00,0.02,0,0
vda,140.20,0.00,0.63,0,3
vda,0.20,0.00,0.00,0,0
vda,7.20,0.00,0.03,0,0
vda,1.40,0.00,0.01,0,0
vda,201.00,0.00,0.84,0,4
vda,2.80,0.00,0.01,0,0
vda,1.40,0.00,0.01,0,0
vda,6.80,0.01,0.02,0,0
vda,10.20,0.00,0.24,0,1
vda,8.40,0.00,0.03,0,0
vda,140.00,0.00,0.58,0,2
vda,7.60,0.00,0.03,0,0
vda,1.20,0.00,0.00,0,0
vda,0.00,0.00,0.00,0,0
vda,133.40,0.00,0.54,0,2
vda,1.60,0.00,0.01,0,0
vda,0.00,0.00,0.00,0,0
vda,7.20,0.00,0.03,0,0
