vda,3.80,0.07,0.01,0,0
vda,26.80,0.00,0.12,0,0
vda,2.40,0.00,0.01,0,0
vda,2.00,0.00,0.01,0,0
vda,1.80,0.00,0.01,0,0
vda,1.80,0.00,0.01,0,0
vda,3.60,0.00,0.02,0,0
vda,1.80,0.00,0.01,0,0
vda,4.20,0.00,0.02,0,0
vda,2.80,0.00,0.01,0,0
vda,2.00,0.00,0.01,0,0
vda,1.80,0.00,0.01,0,0
vda,281.40,3.46,0.02,17,0
vda,238.20,2.74,0.01,13,0
vda,346.00,4.60,0.02,22,0
vda,174.00,1.53,0.07,7,0
vda,19.60,0.01,0.07,0,0
vda,11.20,0.09,0.05,0,0
vda,16.40,0.00,0.10,0,0
vda,3.80,0.00,0.01,0,0
vda,2.00,0.00,0.01,0,0
vda,5.20,0.00,0.03,0,0
vda,2.00,0.00,0.01,0,0
vda,2.00,0.00,0.01,0,0
vda,2.00,0.00,0.01,0,0
vda,1.80,0.00,0.01,0,0
