vda,4.20,0.00,0.02,0,0
vda,2.20,0.00,0.01,0,0
vda,0.00,0.00,0.00,0,0
vda,6.40,0.00,0.03,0,0
vda,200.20,0.00,0.80,0,3
vda,11.20,0.00,0.24,0,1
vda,3.40,0.00,0.01,0,0
vda,0.00,0.00,0.00,0,0
vda,5.00,0.00,0.02,0,0
vda,27.40,0.00,0.13,0,0
vda,109.60,0.00,0.43,0,2
vda,1.00,0.00,0.00,0,0
vda,3.20,0.00,0.01,0,0
vda,151.80,0.00,0.67,0,3
vda,5.60,0.00,0.02,0,0
vda,1.20,0.00,0.00,0,0
vda,7.80,0.00,0.03,0,0
vda,202.20,0.00,1.04,0,5
vda,5.40,0.00,0.02,0,0
vda,8.80,0.00,0.03,0,0
vda,3.20,0.00,0.01,0,0
vda,3.40,0.00,0.01,0,0
vda,16.80,0.00,0.07,0,0
vda,139.72,0.00,0.66,0,3
vda,3.60,0.00,0.01,0,0
vda,2.40,0.00,0.01,0,0
vda,5.00,0.00,0.02,0,0
vda,264.00,0.00,1.06,0,5
vda,2.00,0.00,0.01,0,0
vda,14.80,0.00,0.25,0,1
vda,1.00,0.00,0.00,0,0
