vda,0.60,0.00,0.00,0,0
vda,1.60,0.00,0.01,0,0
vda,0.00,0.00,0.00,0,0
vda,0.80,0.00,0.00,0,0
vda,27.40,0.27,0.00,1,0
vda,5.80,0.07,0.02,0,0
vda,21.96,0.00,0.11,0,0
vda,330.20,4.11,0.01,20,0
vda,187.40,2.09,0.01,10,0
vda,307.00,4.12,0.02,20,0
vda,76.40,1.32,0.01,6,0
vda,136.80,1.17,0.03,5,0
vda,9.00,0.00,0.04,0,0
vda,10.60,0.00,0.07,0,0
vda,7.60,0.00,0.04,0,0
vda,6.40,0.00,0.02,0,0
vda,12.60,0.09,0.11,0,0
vda,6.20,0.00,0.02,0,0
vda,0.00,0.00,0.00,0,0
vda,0.60,0.00,0.00,0,0
vda,0.00,0.00,0.00,0,0
vda,0.60,0.00,0.00,0,0
vda,0.60,0.00,0.01,0,0
vda,7.00,0.00,0.03,0,0
vda,1.00,0.00,0.00,0,0
