vda,0.40,0.00,0.00,0,0
vda,16.20,0.00,0.07,0,0
vda,1.40,0.00,0.01,0,0
vda,0.00,0.00,0.00,0,0
vda,0.80,0.00,0.00,0,0
vda,0.00,0.00,0.00,0,0
vda,1.80,0.00,0.01,0,0
vda,366.40,4.48,0.01,22,0
vda,358.60,4.81,0.02,24,0
vda,197.60,8.33,0.04,41,0
vda,141.00,2.09,0.01,10,0
vda,7.80,0.04,0.02,0,0
vda,4.80,0.00,0.02,0,0
vda,21.80,0.00,0.10,0,0
vda,5.00,0.00,0.02,0,0
vda,7.00,0.01,0.08,0,0
vda,15.00,0.09,0.11,0,0
vda,6.20,0.00,0.02,0,0
vda,0.00,0.00,0.00,0,0
vda,1.60,0.00,0.01,0,0
vda,1.00,0.00,0.00,0,0
vda,13.40,0.00,0.06,0,0
vda,0.00,0.00,0.00,0,0
vda,0.60,0.00,0.00,0,0
vda,0.00,0.00,0.00,0,0
vda,0.80,0.00,0.00,0,0
vda,14.80,0.00,0.06,0,0
vda,4.00,0.00,0.02,0,0
vda,1.20,0.00,0.00,0,0
vda,0.00,0.00,0.00,0,0
vda,10.60,0.00,0.05,0,0
