vda,0.40,0.00,0.00,0,0
vda,1.60,0.00,0.01,0,0
vda,0.00,0.00,0.00,0,0
vda,0.60,0.00,0.00,0,0
vda,0.00,0.00,0.00,0,0
vda,1.40,0.00,0.01,0,0
vda,53.00,0.34,0.11,1,0
vda,354.80,4.38,0.02,21,0
vda,425.20,5.54,0.02,27,0
vda,129.40,11.89,0.01,59,0
vda,44.00,10.27,0.00,51,0
vda,34.80,9.88,0.02,49,0
vda,21.40,3.23,0.04,16,0
vda,7.20,0.32,0.03,1,0
vda,1.20,0.00,0.01,0,0
vda,8.20,0.00,0.08,0,0
vda,0.00,0.00,0.00,0,0
vda,1.60,0.00,0.01,0,0
vda,1.00,0.00,0.00,0,0
vda,12.60,4.74,0.00,23,0
vda,6.80,0.00,0.04,0,0
vda,1.80,0.00,0.01,0,0
vda,7.20,0.00,0.03,0,0
vda,1.20,0.00,0.01,0,0
vda,13.20,4.34,0.01,21,0
vda,22.20,0.31,0.01,1,0
vda,118.60,0.97,0.01,4,0
vda,2.40,0.01,0.00,0,0
vda,5.00,0.00,0.02,0,0
vda,5.00,0.02,0.02,0,0
vda,11.00,0.00,0.05,0,0
vda,0.40,0.00,0.00,0,0
vda,3.20,0.00,0.01,0,0
vda,6.40,0.00,0.03,0,0
vda,5.60,0.00,3.19,0,15
vda,6.40,0.00,1.13,0,5
vda,3.60,0.00,0.01,0,0
vda,3.60,0.00,0.01,0,0
vda,0.60,0.00,0.01,0,0
vda,8.00,0.00,4.35,0,21
vda,10.60,0.00,0.04,0,0
vda,3.80,0.00,0.02,0,0
vda,8.20,0.00,0.04,0,0
vda,0.00,0.00,0.00,0,0
vda,6.60,0.00,0.03,0,0
vda,1.40,0.00,0.01,0,0
vda,0.40,0.00,0.00,0,0
vda,4.40,0.00,0.02,0,0
vda,6.20,0.00,2.19,0,10
vda,7.80,0.00,2.25,0,11
vda,26.40,0.09,0.05,0,0
vda,15.20,0.00,0.07,0,0
vda,4.40,0.00,0.02,0,0
vda,5.20,0.00,2.19,0,10
vda,4.20,0.00,2.22,0,11
vda,2.60,0.00,0.01,0,0
vda,10.20,0.00,0.06,0,0
vda,5.80,0.00,2.19,0,10
vda,13.60,0.00,0.06,0,0
vda,3.60,0.00,0.02,0,0
vda,0.20,0.00,0.00,0,0
vda,3.80,0.00,2.18,0,10
vda,11.40,0.00,2.25,0,11
vda,8.40,0.00,0.04,0,0
vda,0.00,0.00,0.00,0,0
vda,6.59,0.00,0.03,0,0
vda,3.60,0.00,0.01,0,0
vda,0.40,0.00,0.00,0,0
vda,5.00,0.00,0.02,0,0
vda,10.20,0.00,0.04,0,0
vda,8.40,0.00,0.04,0,0
vda,2.60,0.00,0.01,0,0
vda,5.00,0.00,0.02,0,0
vda,1.20,0.02,0.00,0,0
vda,1.20,0.00,0.01,0,0
vda,1.40,0.00,0.01,0,0
vda,1.20,0.08,0.00,0,0
vda,22.00,0.00,0.10,0,0
vda,1.20,0.00,0.00,0,0
vda,0.00,0.00,0.00,0,0
vda,1.00,0.00,0.00,0,0
vda,2.20,0.00,0.01,0,0
vda,1.20,0.00,0.00,0,0
vda,1.40,0.00,0.01,0,0
vda,1.80,0.00,0.01,0,0
