1954892.0,1441232.0,39712.0
1954892.0,1441232.0,39712.0
1257582.1333,1441411.2,39739.733333
647436.0,1441568.0,39764.0
647436.0,1441568.0,39764.0
611950.66667,1441568.0,39767.733333
571396.0,1441568.0,39772.0
571396.0,1441568.0,39772.0
510090.93333,1460005.0667,39790.666667
440028.0,1481076.0,39812.0
444583.2,1476298.4,39829.6
451416.0,1469132.0,39856.0
451416.0,1469132.0,39856.0
414136.0,1469194.4,39865.6
358216.0,1469288.0,39880.0
358216.0,1469288.0,39880.0
335726.4,1491401.6,39888.0
301992.0,1524572.0,39900.0
300184.0,1511304.8,39914.4
297472.0,1491404.0,39936.0
297472.0,1491404.0,39936.0
304453.33333,1484045.3333,39942.666667
318416.0,1469328.0,39956.0
318416.0,1469328.0,39956.0
863674.66667,1460014.6667,39966.666667
