vda,22.60,0.00,0.10,0,0
vda,3.80,0.00,0.01,0,0
vda,2.20,0.00,0.01,0,0
vda,4.99,0.00,0.02,0,0
vda,2.40,0.00,0.01,0,0
vda,4.00,0.00,0.02,0,0
vda,13.80,0.00,0.06,0,0
vda,2.60,0.00,0.01,0,0
vda,8.40,0.00,0.04,0,0
vda,2.40,0.00,0.01,0,0
vda,2.20,0.00,0.01,0,0
vda,2.00,0.00,0.01,0,0
vda,372.00,4.61,0.00,23,0
vda,405.40,5.40,0.02,26,0
vda,147.20,15.12,0.03,75,0
vda,43.20,11.70,0.03,58,0
vda,49.80,13.00,0.03,65,0
vda,154.00,1.32,0.13,6,0
vda,8.60,0.00,0.03,0,0
vda,14.20,0.00,0.06,0,0
vda,9.40,0.00,0.04,0,0
vda,7.20,0.00,0.03,0,0
vda,9.20,0.09,0.04,0,0
vda,0.60,0.00,0.01,0,0
vda,8.80,0.00,0.06,0,0
vda,2.60,0.00,0.01,0,0
vda,2.00,0.00,0.01,0,0
vda,1.80,0.00,0.01,0,0
vda,3.00,0.00,0.01,0,0
vda,0.80,0.00,0.01,0,0
vda,2.20,0.00,0.01,0,0
