2892796.0,572708.0,6368.0
2165376.5333,699381.86667,6396.0
1334040.0,844152.0,6428.0
1334040.0,844152.0,6428.0
777999.2,949564.53333,6456.0
142524.0,1070036.0,6488.0
142524.0,1070036.0,6488.0
130530.66667,944905.86667,6517.8666667
116824.0,801900.0,6552.0
203722.93333,751464.53333,6583.7333333
303036.0,693824.0,6620.0
303036.0,693824.0,6620.0
223618.66667,759166.66667,6653.6
132856.0,833844.0,6692.0
132856.0,833844.0,6692.0
128068.8,836221.6,6719.2
120888.0,839788.0,6760.0
220762.13333,739770.13333,6793.6
334904.0,625464.0,6832.0
334904.0,625464.0,6832.0
248307.73333,713941.86667,6874.6666667
172536.0,791360.0,6912.0
172536.0,791360.0,6912.0
