vda,1.20,0.00,0.01,0,0
vda,41.40,0.12,0.11,0,0
vda,33.80,0.34,0.02,1,0
vda,2.00,0.00,0.01,0,0
vda,13.60,0.00,0.07,0,0
vda,2.80,0.00,0.01,0,0
vda,2.20,0.00,0.01,0,0
vda,1.80,0.00,0.01,0,0
vda,1.80,0.00,0.01,0,0
vda,1.80,0.00,0.01,0,0
vda,4.60,0.00,0.02,0,0
vda,2.40,0.00,0.01,0,0
vda,405.40,4.75,0.06,23,0
vda,423.60,5.57,0.02,27,0
vda,77.80,0.68,0.06,3,0
vda,141.80,1.32,0.01,6,0
vda,21.20,0.09,0.09,0,0
vda,24.80,0.00,0.14,0,0
vda,2.60,0.00,0.01,0,0
vda,0.20,0.00,0.00,0,0
vda,5.60,0.00,0.02,0,0
vda,2.00,0.00,0.01,0,0
vda,0.60,0.00,0.01,0,0
vda,2.20,0.00,0.01,0,0
vda,2.00,0.00,0.01,0,0
vda,3.40,0.00,0.01,0,0
