vda,21.20,0.00,0.09,0,0
vda,3.80,0.00,0.01,0,0
vda,1.80,0.00,0.01,0,0
vda,5.60,0.00,0.03,0,0
vda,28.80,0.24,0.01,1,0
vda,11.60,0.00,0.05,0,0
vda,2.20,0.00,0.01,0,0
vda,0.00,0.00,0.00,0,0
vda,2.00,0.00,0.01,0,0
vda,1.80,0.00,0.01,0,0
vda,1.80,0.00,0.01,0,0
vda,0.80,0.00,0.01,0,0
vda,352.40,4.34,0.01,21,0
vda,323.80,3.55,0.02,17,0
vda,220.20,3.17,0.04,15,0
vda,143.00,1.32,0.02,6,0
vda,8.60,0.00,0.03,0,0
vda,2.40,0.09,0.02,0,0
vda,6.00,0.00,0.02,0,0
vda,8.20,0.00,0.05,0,0
vda,2.40,0.00,0.01,0,0
vda,7.00,0.00,0.03,0,0
vda,1.80,0.00,0.01,0,0
vda,4.40,0.00,0.02,0,0
vda,0.00,0.00,0.00,0,0
vda,14.00,0.00,0.06,0,0
vda,2.40,0.00,0.01,0,0
