vda,0.60,0.00,0.00,0,0
vda,1.20,0.00,0.00,0,0
vda,27.60,0.27,0.00,1,0
vda,4.20,0.07,0.01,0,0
vda,1.40,0.00,0.01,0,0
vda,2.00,0.00,0.01,0,0
vda,17.00,0.00,0.07,0,0
vda,397.40,4.82,0.01,24,0
vda,120.20,1.40,0.01,6,0
vda,282.60,4.06,0.01,20,0
vda,88.40,0.90,0.02,4,0
vda,140.00,1.30,0.01,6,0
vda,11.20,0.03,0.04,0,0
vda,6.20,0.00,0.02,0,0
vda,11.20,0.00,0.06,0,0
vda,6.40,0.01,0.08,0,0
vda,7.40,0.00,0.03,0,0
vda,2.60,0.00,0.01,0,0
vda,3.20,0.00,0.01,0,0
vda,16.80,0.00,0.09,0,0
vda,7.80,0.09,0.04,0,0
vda,0.40,0.00,0.00,0,0
vda,1.20,0.00,0.01,0,0
vda,1.60,0.00,0.01,0,0
vda,1.00,0.00,0.00,0,0
vda,0.00,0.00,0.00,0,0
vda,5.00,0.00,0.03,0,0
vda,0.80,0.00,0.00,0,0
vda,0.80,0.00,0.00,0,0
vda,7.40,0.00,0.03,0,0
vda,1.00,0.00,0.00,0,0
vda,17.60,0.00,0.07,0,0
vda,2.59,0.00,0.01,0,0
vda,0.00,0.00,0.00,0,0
vda,10.80,0.00,0.05,0,0
