vda,1.20,0.00,0.01,0,0
vda,28.00,0.00,0.13,0,0
vda,2.20,0.00,0.01,0,0
vda,4.00,0.00,0.02,0,0
vda,2.00,0.00,0.01,0,0
vda,0.00,0.00,0.00,0,0
vda,3.00,0.00,0.01,0,0
vda,2.40,0.00,0.01,0,0
vda,16.40,0.08,0.01,0,0
vda,9.60,0.00,0.04,0,0
vda,1.80,0.00,0.01,0,0
vda,2.00,0.00,0.01,0,0
vda,280.80,3.46,0.02,17,0
vda,384.20,4.32,0.04,21,0
vda,219.40,5.15,0.00,25,0
vda,113.40,1.06,0.02,5,0
vda,38.80,0.26,0.04,1,0
vda,14.80,0.09,0.05,0,0
vda,6.60,0.00,0.05,0,0
vda,0.40,0.00,0.00,0,0
vda,9.80,0.00,0.04,0,0
vda,2.59,0.00,0.01,0,0
vda,1.80,0.00,0.01,0,0
vda,8.20,0.00,0.07,0,0
vda,2.80,0.00,0.02,0,0
vda,2.20,0.00,0.01,0,0
vda,2.00,0.00,0.01,0,0
