vda,5.00,0.00,0.02,0,0
vda,1.00,0.00,0.00,0,0
vda,0.00,0.00,0.00,0,0
vda,0.60,0.00,0.00,0,0
vda,0.80,0.00,0.01,0,0
vda,1.00,0.00,0.00,0,0
vda,22.20,0.00,0.10,0,0
vda,1.80,0.00,0.01,0,0
vda,4.60,0.00,0.02,0,0
vda,5.00,0.00,0.02,0,0
vda,2.80,0.00,0.02,0,0
vda,2.80,0.00,0.01,0,0
vda,1.00,0.00,0.00,0,0
vda,5.80,0.00,0.04,0,0
vda,2.60,0.00,0.06,0,0
vda,9.20,0.00,0.04,0,0
vda,1.40,0.00,0.01,0,0
vda,2.80,0.00,0.01,0,0
vda,0.00,0.00,0.00,0,0
vda,0.80,0.00,0.01,0,0
vda,5.80,0.00,0.02,0,0
vda,0.20,0.00,0.00,0,0
vda,7.00,0.00,0.03,0,0
vda,2.40,0.00,0.01,0,0
vda,0.00,0.00,0.00,0,0
vda,3.00,0.00,0.01,0,0
vda,3.40,0.00,0.01,0,0
vda,10.20,0.00,1.87,0,9
vda,11.80,0.00,0.98,0,4
vda,4.20,0.00,0.02,0,0
vda,0.40,0.00,0.00,0,0
vda,7.20,0.00,0.03,0,0
vda,2.60,0.00,1.85,0,9
vda,11.00,0.00,0.04,0,0
vda,0.80,0.00,0.00,0,0
vda,7.20,0.00,0.06,0,0
vda,4.20,0.00,1.86,0,9
vda,14.00,0.00,0.06,0,0
vda,3.20,0.00,0.01,0,0
vda,0.00,0.00,0.00,0,0
vda,4.40,0.00,1.87,0,9
vda,3.80,0.00,0.01,0,0
vda,11.40,0.00,0.05,0,0
vda,3.40,0.00,0.02,0,0
vda,4.00,0.00,1.87,0,9
vda,0.60,0.00,0.96,0,4
vda,10.40,0.00,0.04,0,0
vda,5.00,0.00,0.02,0,0
vda,3.40,0.00,0.01,0,0
vda,4.80,0.00,0.03,0,0
vda,2.80,0.00,0.01,0,0
vda,3.20,0.00,0.01,0,0
vda,6.40,0.00,0.03,0,0
vda,1.00,0.00,0.00,0,0
vda,1.20,0.00,0.00,0,0
vda,7.60,0.00,0.04,0,0
vda,9.60,0.00,0.04,0,0
vda,4.40,0.00,1.88,0,9
vda,4.60,0.00,0.02,0,0
vda,5.20,0.00,0.02,0,0
vda,2.40,0.00,0.01,0,0
vda,1.60,0.00,1.86,0,9
vda,14.20,0.00,1.02,0,5
vda,10.80,0.00,0.05,0,0
vda,2.60,0.00,0.01,0,0
vda,1.80,0.00,0.01,0,0
vda,0.00,0.00,0.00,0,0
vda,7.39,0.00,0.03,0,0
vda,0.80,0.00,0.00,0,0
vda,0.00,0.00,0.00,0,0
vda,2.60,0.00,0.01,0,0
vda,25.60,0.00,0.12,0,0
vda,1.00,0.00,0.00,0,0
vda,0.00,0.00,0.00,0,0
vda,0.60,0.00,0.00,0,0
vda,0.00,0.00,0.00,0,0
