5083841.8667,2329130.1333,25501.066667
5084436.0,2328600.0,25516.0
5084436.0,2328600.0,25516.0
2723261.6,2613464.0,25573.6
2132968.0,2684680.0,25588.0
1204384.0,2948688.0,25636.0
740092.0,3080692.0,25660.0
740092.0,3080692.0,25660.0
286352.26667,3062300.0,25701.066667
121356.0,3055612.0,25716.0
121356.0,3055612.0,25716.0
132133.86667,2829692.8,25778.4
133792.0,2794936.0,25788.0
316716.8,2677518.4,25842.4
362448.0,2648164.0,25856.0
362448.0,2648164.0,25856.0
183193.6,2810916.0,26220.8
138380.0,2851604.0,26312.0
138380.0,2851604.0,26312.0
143970.93333,2837658.9333,26353.066667
146004.0,2832588.0,26368.0
750173.86667,2219571.2,26417.866667
969872.0,1996656.0,26436.0
969872.0,1996656.0,26436.0
773250.66667,2182368.2667,26482.933333
701752.0,2249900.0,26500.0
701752.0,2249900.0,26500.0
4231156.2667,1991291.4667,26538.133333
5514576.0,1897252.0,26552.0
