5990624.0,1541676.0,9332.0
5662199.4667,1554922.9333,9382.1333333
4759032.0,1591352.0,9520.0
3882165.3333,1742945.3333,9544.0
2128432.0,2046132.0,9592.0
2128432.0,2046132.0,9592.0
1708660.2667,2245053.6,9609.0666667
554288.0,2792088.0,9656.0
554288.0,2792088.0,9656.0
410501.33333,2834252.0,9677.3333333
122928.0,2918580.0,9720.0
125357.33333,2943100.0,9741.3333333
130216.0,2992140.0,9784.0
130216.0,2992140.0,9784.0
236464.53333,2855621.6,9803.2
528648.0,2480196.0,9856.0
528648.0,2480196.0,9856.0
491687.2,2516922.4,9868.8
343844.0,2663828.0,9920.0
301771.2,2705776.8,9932.0
133480.0,2873572.0,9980.0
133480.0,2873572.0,9980.0
131292.8,2872557.6,9990.4
122544.0,2868500.0,10032.0
122544.0,2868500.0,10032.0
123872.0,2875968.0,9979.2
129184.0,2905840.0,9768.0
135910.4,2879119.2,9775.2
162816.0,2772236.0,9804.0
162816.0,2772236.0,9804.0
251841.6,2681476.0,9812.5333333
830508.0,2091536.0,9868.0
794089.6,2128118.4,9876.0
648416.0,2274448.0,9908.0
648416.0,2274448.0,9908.0
629068.26667,2292084.8,9912.8
503308.0,2406724.0,9944.0
503308.0,2406724.0,9944.0
475717.6,2434439.7333,9950.4
296380.0,2614592.0,9992.0
296380.0,2614592.0,9992.0
267520.8,2642747.2,10006.4
152084.0,2755368.0,10064.0
287259.2,2617555.2,10077.6
827960.0,2066304.0,10132.0
827960.0,2066304.0,10132.0
758821.33333,2135720.0,10153.333333
620544.0,2274552.0,10196.0
620544.0,2274552.0,10196.0
584878.66667,2300937.3333,10217.333333
513548.0,2353708.0,10260.0
457651.46667,2409575.7333,10278.133333
303936.0,2563212.0,10328.0
303936.0,2563212.0,10328.0
249464.0,2607893.3333,10432.0
140520.0,2697256.0,10640.0
140520.0,2697256.0,10640.0
452504.0,2383715.2,10662.4
920480.0,1913404.0,10696.0
823508.53333,2011028.8,10725.866667
712684.0,2122600.0,10760.0
712684.0,2122600.0,10760.0
666999.2,2163851.2,10787.2
598472.0,2225728.0,10828.0
598472.0,2225728.0,10828.0
500587.73333,2323858.6667,11024.0
388720.0,2436008.0,11248.0
309515.2,2514796.8,11275.2
190708.0,2632980.0,11316.0
190708.0,2632980.0,11316.0
330174.13333,2484790.9333,11775.2
489564.0,2315432.0,12300.0
489564.0,2315432.0,12300.0
376456.8,2427683.7333,12332.0
277488.0,2525904.0,12360.0
609887.2,2191341.3333,12389.866667
989772.0,1808984.0,12424.0
989772.0,1808984.0,12424.0
990703.2,1808521.6,12440.0
992100.0,1807828.0,12464.0
992100.0,1807828.0,12464.0
2906234.4,1807810.4,12484.8
