vda,26.00,0.00,0.11,0,0
vda,30.40,0.27,0.01,1,0
vda,4.40,0.07,0.01,0,0
vda,12.80,0.00,0.06,0,0
vda,2.40,0.00,0.01,0,0
vda,2.00,0.00,0.01,0,0
vda,2.00,0.00,0.01,0,0
vda,1.80,0.00,0.01,0,0
vda,0.00,0.00,0.00,0,0
vda,2.60,0.00,0.01,0,0
vda,21.60,0.12,0.01,0,0
vda,3.20,0.00,0.01,0,0
vda,325.80,4.04,0.02,20,0
vda,185.80,2.13,0.00,10,0
vda,348.40,4.68,0.01,23,0
vda,158.20,1.43,0.03,7,0
vda,18.80,0.03,0.07,0,0
vda,7.20,0.00,0.03,0,0
vda,17.80,0.00,0.13,0,0
vda,6.40,0.00,0.03,0,0
vda,9.20,0.00,0.09,0,0
vda,9.00,0.09,0.04,0,0
vda,2.20,0.00,0.01,0,0
vda,14.40,0.00,0.07,0,0
vda,2.40,0.00,0.01,0,0
vda,0.00,0.00,0.00,0,0
vda,4.80,0.00,0.02,0,0
vda,3.60,0.00,0.02,0,0
vda,2.40,0.00,0.01,0,0
vda,4.40,0.00,0.02,0,0
