vda,0.40,0.00,0.00,0,0
vda,0.40,0.00,0.01,0,0
vda,0.80,0.00,0.01,0,0
vda,0.80,0.00,0.00,0,0
vda,0.40,0.00,0.00,0,0
vda,0.00,0.00,0.00,0,0
vda,2.80,0.00,0.01,0,0
vda,8.00,0.30,0.01,1,0
vda,39.32,2.01,0.03,10,0
vda,3.20,0.36,0.01,1,0
vda,0.60,0.01,0.00,0,0
vda,0.80,0.00,0.01,0,0
vda,0.80,0.00,0.01,0,0
vda,0.80,0.00,0.00,0,0
vda,8.40,0.00,0.10,0,0
vda,0.40,0.00,0.01,0,0
vda,0.80,0.00,0.01,0,0
vda,0.00,0.00,0.00,0,0
vda,0.80,0.00,0.00,0,0
vda,0.40,0.00,0.00,0,0
vda,0.60,0.00,0.01,0,0
vda,4.00,0.02,0.02,0,0
vda,0.80,0.00,0.05,0,0
vda,0.80,0.00,0.08,0,0
vda,1.00,0.00,0.04,0,0
vda,0.80,0.00,0.00,0,0
vda,0.40,0.00,0.00,0,0
vda,0.60,0.00,0.00,0,0
vda,8.00,0.00,0.05,0,0
vda,0.00,0.00,0.00,0,0
vda,1.20,0.00,0.01,0,0
vda,0.40,0.00,0.01,0,0
vda,0.40,0.00,0.00,0,0
