vda,0.60,0.00,0.00,0,0
vda,57.00,0.34,0.13,1,0
vda,2.20,0.00,0.01,0,0
vda,0.00,0.00,0.00,0,0
vda,9.20,0.00,0.04,0,0
vda,2.00,0.00,0.01,0,0
vda,1.80,0.00,0.01,0,0
vda,428.00,5.22,0.02,26,0
vda,93.40,0.98,0.03,4,0
vda,381.60,4.89,0.03,24,0
vda,145.20,1.34,0.02,6,0
vda,13.20,0.09,0.06,0,0
vda,6.60,0.00,0.03,0,0
vda,3.80,0.00,0.02,0,0
vda,2.00,0.00,0.01,0,0
vda,10.20,0.00,0.05,0,0
vda,13.00,0.00,0.06,0,0
vda,1.80,0.00,0.01,0,0
vda,1.80,0.00,0.01,0,0
vda,5.80,0.00,0.03,0,0
vda,28.60,0.18,0.09,0,0
vda,3.60,0.00,0.01,0,0
vda,2.20,0.00,0.01,0,0
vda,2.00,0.00,0.01,0,0
vda,2.00,0.00,0.01,0,0
