vda,3.20,0.00,0.01,0,0
vda,23.20,0.00,0.11,0,0
vda,1.00,0.00,0.00,0,0
vda,0.00,0.00,0.00,0,0
vda,0.60,0.00,0.00,0,0
vda,0.00,0.00,0.00,0,0
vda,1.60,0.00,0.01,0,0
vda,352.60,4.23,0.02,21,0
vda,178.40,2.03,0.02,10,0
vda,364.40,4.92,0.02,24,0
vda,143.80,1.34,0.01,6,0
vda,12.20,0.09,0.04,0,0
vda,6.60,0.00,0.04,0,0
vda,1.40,0.00,0.01,0,0
vda,7.20,0.00,0.03,0,0
vda,7.80,0.00,0.04,0,0
vda,1.60,0.00,0.01,0,0
vda,1.40,0.00,0.01,0,0
vda,2.20,0.00,0.01,0,0
vda,0.00,0.00,0.00,0,0
vda,1.00,0.00,0.00,0,0
vda,0.80,0.00,0.00,0,0
vda,1.40,0.00,0.01,0,0
vda,16.20,0.00,0.08,0,0
vda,1.40,0.00,0.01,0,0
vda,1.20,0.00,0.00,0,0
