vda,27.60,0.00,0.12,0,0
vda,4.00,0.00,0.02,0,0
vda,0.80,0.00,0.00,0,0
vda,0.00,0.00,0.00,0,0
vda,0.60,0.00,0.00,0,0
vda,0.00,0.00,0.00,0,0
vda,1.60,0.00,0.01,0,0
vda,1.40,0.00,0.01,0,0
vda,3.60,0.00,0.01,0,0
vda,1.00,0.00,0.00,0,0
vda,0.00,0.00,0.00,0,0
vda,0.60,0.00,0.00,0,0
vda,258.20,3.23,0.01,16,0
vda,262.60,2.99,0.02,14,0
vda,261.40,3.71,0.01,18,0
vda,166.80,1.65,0.08,8,0
vda,95.80,0.77,0.01,3,0
vda,7.20,0.00,0.03,0,0
vda,16.20,0.01,0.05,0,0
vda,7.00,0.00,0.04,0,0
vda,6.40,0.00,0.02,0,0
vda,11.40,0.08,0.10,0,0
vda,9.80,0.00,0.08,0,0
vda,7.40,0.00,0.03,0,0
vda,1.40,0.00,0.01,0,0
vda,3.00,0.00,0.01,0,0
vda,1.00,0.00,0.00,0,0
vda,0.20,0.00,0.00,0,0
vda,1.20,0.00,0.00,0,0
vda,6.40,0.00,0.03,0,0
vda,0.60,0.00,0.01,0,0
