vda,1.40,0.00,0.01,0,0
vda,24.60,0.00,0.11,0,0
vda,2.20,0.00,0.01,0,0
vda,1.80,0.00,0.01,0,0
vda,31.40,0.34,0.01,1,0
vda,2.00,0.00,0.01,0,0
vda,3.40,0.00,0.02,0,0
vda,0.00,0.00,0.00,0,0
vda,4.40,0.00,0.02,0,0
vda,1.80,0.00,0.01,0,0
vda,7.20,0.00,0.03,0,0
vda,2.00,0.00,0.01,0,0
vda,279.40,3.41,0.02,17,0
vda,337.80,4.01,0.01,20,0
vda,303.60,16.43,0.02,82,0
vda,16.80,1.33,0.01,6,0
vda,146.40,2.15,0.03,10,0
vda,12.20,0.09,0.06,0,0
vda,6.40,0.00,0.03,0,0
vda,9.80,0.00,0.04,0,0
vda,2.80,0.00,0.01,0,0
vda,10.40,0.00,0.05,0,0
vda,0.00,0.00,0.00,0,0
vda,2.00,0.00,0.01,0,0
vda,2.00,0.00,0.01,0,0
vda,1.80,0.00,0.01,0,0
vda,1.80,0.00,0.01,0,0
