vda,0.20,0.00,0.00,0,0
vda,1.60,0.00,0.01,0,0
vda,0.00,0.00,0.00,0,0
vda,1.40,0.00,0.01,0,0
vda,1.00,0.00,0.00,0,0
vda,20.60,0.00,0.10,0,0
vda,1.40,0.00,0.01,0,0
vda,1.80,0.00,0.01,0,0
vda,0.00,0.00,0.00,0,0
vda,2.20,0.00,0.01,0,0
vda,1.60,0.00,0.01,0,0
vda,0.80,0.00,0.00,0,0
vda,255.80,3.21,0.01,16,0
vda,265.40,3.02,0.01,15,0
vda,225.40,3.31,0.01,16,0
vda,285.40,2.77,0.05,13,0
vda,13.20,0.05,0.03,0,0
vda,20.00,0.00,0.08,0,0
vda,10.00,0.09,0.05,0,0
vda,13.40,0.00,0.10,0,0
vda,0.60,0.00,0.00,0,0
vda,1.40,0.00,0.01,0,0
vda,1.20,0.00,0.01,0,0
vda,0.80,0.00,0.00,0,0
vda,8.00,0.00,0.03,0,0
vda,0.00,0.00,0.00,0,0
vda,0.60,0.00,0.00,0,0
