vda,22.60,0.00,0.09,0,0
vda,1.80,0.00,0.01,0,0
vda,0.80,0.00,0.00,0,0
vda,26.75,0.24,0.00,1,0
vda,11.60,0.00,0.05,0,0
vda,1.40,0.00,0.01,0,0
vda,0.00,0.00,0.00,0,0
vda,0.60,0.00,0.00,0,0
vda,0.00,0.00,0.00,0,0
vda,0.60,0.00,0.00,0,0
vda,0.80,0.00,0.01,0,0
vda,9.00,0.00,0.04,0,0
vda,262.60,3.28,0.00,16,0
vda,258.80,2.95,0.01,14,0
vda,357.00,4.69,0.02,23,0
vda,53.40,10.67,0.01,53,0
vda,140.40,1.29,0.02,6,0
vda,8.40,0.04,0.02,0,0
vda,0.60,0.00,0.00,0,0
vda,19.20,0.00,0.12,0,0
vda,16.80,0.01,0.11,0,0
vda,4.40,0.00,0.02,0,0
vda,10.80,0.00,0.04,0,0
vda,3.20,0.00,0.01,0,0
vda,5.20,0.00,0.02,0,0
vda,24.00,0.09,0.12,0,0
vda,0.00,0.00,0.00,0,0
vda,0.60,0.00,0.00,0,0
vda,6.40,0.00,0.03,0,0
vda,2.20,0.00,0.01,0,0
vda,2.40,0.00,0.01,0,0
vda,1.00,0.00,0.00,0,0
vda,0.80,0.00,0.00,0,0
vda,1.20,0.00,0.00,0,0
vda,4.00,0.03,0.01,0,0
