vda,0.40,0.00,0.00,0,0
vda,1.60,0.00,0.01,0,0
vda,0.00,0.00,0.00,0,0
vda,22.60,0.00,0.11,0,0
vda,2.20,0.00,0.01,0,0
vda,0.00,0.00,0.00,0,0
vda,3.60,0.00,0.02,0,0
vda,264.80,3.34,0.00,16,0
vda,249.60,2.86,0.01,14,0
vda,259.20,3.59,0.02,17,0
vda,158.80,10.15,0.02,50,0
vda,25.80,6.13,0.01,30,0
vda,5.00,0.01,0.02,0,0
vda,3.80,0.40,0.01,2,0
vda,5.40,0.00,0.04,0,0
vda,2.00,0.00,0.01,0,0
vda,8.20,0.00,0.08,0,0
vda,2.60,0.40,0.01,2,0
vda,0.80,0.00,0.01,0,0
vda,2.80,0.00,0.01,0,0
vda,5.00,0.40,0.02,2,0
vda,6.80,0.61,0.02,3,0
vda,9.60,0.17,0.00,0,0
vda,128.60,1.12,0.01,5,0
vda,4.40,0.01,0.01,0,0
vda,4.20,0.00,0.02,0,0
vda,11.20,0.00,0.05,0,0
vda,2.80,0.03,0.00,0,0
vda,6.20,0.00,0.03,0,0
vda,3.20,0.00,0.01,0,0
vda,2.20,0.00,0.01,0,0
vda,5.60,0.00,2.46,0,12
vda,5.60,0.00,2.48,0,12
vda,4.40,0.00,1.21,0,6
vda,4.00,0.00,0.02,0,0
vda,4.80,0.00,0.04,0,0
vda,12.80,0.00,2.53,0,12
vda,5.40,0.00,2.50,0,12
vda,4.00,0.00,0.02,0,0
vda,3.80,0.00,1.23,0,6
vda,3.40,0.00,0.01,0,0
vda,4.40,0.00,0.02,0,0
vda,12.00,0.00,2.52,0,12
vda,5.80,0.00,2.51,0,12
vda,3.20,0.00,1.23,0,6
vda,2.80,0.00,0.01,0,0
vda,11.00,0.00,0.04,0,0
vda,1.60,0.00,2.48,0,12
vda,5.00,0.00,2.51,0,12
vda,6.40,0.00,0.03,0,0
vda,12.60,0.00,0.05,0,0
vda,3.60,0.00,0.01,0,0
vda,14.40,0.00,2.54,0,12
vda,1.20,0.00,2.49,0,12
vda,4.40,0.00,1.24,0,6
vda,2.60,0.00,0.01,0,0
vda,10.20,0.00,0.06,0,0
vda,6.40,0.00,2.50,0,12
vda,4.20,0.00,2.50,0,12
vda,8.40,0.00,1.25,0,6
vda,2.40,0.00,0.01,0,0
vda,2.20,0.00,0.01,0,0
vda,4.00,0.00,0.02,0,0
vda,8.80,0.00,0.04,0,0
vda,4.40,0.00,0.02,0,0
vda,0.00,0.00,0.00,0,0
vda,0.80,0.00,0.00,0,0
vda,10.80,0.00,0.05,0,0
vda,4.20,0.00,0.02,0,0
vda,3.20,0.00,0.01,0,0
vda,6.40,0.00,0.03,0,0
vda,4.00,0.00,0.02,0,0
vda,2.80,0.00,2.48,0,12
vda,4.80,0.00,0.02,0,0
vda,6.40,0.00,0.03,0,0
vda,6.00,0.00,0.03,0,0
vda,9.20,0.00,0.04,0,0
vda,6.20,0.00,0.03,0,0
vda,0.60,0.00,0.00,0,0
vda,1.80,0.08,0.01,0,0
vda,8.40,0.00,0.03,0,0
vda,1.00,0.00,0.00,0,0
vda,0.00,0.00,0.00,0,0
vda,0.80,0.00,0.00,0,0
vda,5.20,0.00,0.03,0,0
vda,0.80,0.00,0.01,0,0
vda,8.60,0.00,0.04,0,0
vda,1.20,0.00,0.00,0,0
vda,3.00,0.00,0.01,0,0
