vda,30.80,0.78,0.01,3,0
vda,24.00,0.00,0.10,0,0
vda,0.00,0.00,0.00,0,0
vda,0.60,0.00,0.00,0,0
vda,1.60,0.00,0.01,0,0
vda,1.40,0.00,0.01,0,0
vda,3.20,0.00,0.01,0,0
vda,1.00,0.00,0.00,0,0
vda,384.00,6.78,0.00,33,0
vda,301.80,3.61,0.04,18,0
vda,221.00,21.23,0.02,106,0
vda,144.80,19.19,0.01,95,0
vda,143.60,18.74,0.01,93,0
vda,82.20,22.51,0.05,112,0
vda,86.80,26.75,0.03,133,0
vda,396.20,24.95,0.10,124,0
vda,153.60,9.83,0.01,49,0
vda,83.40,5.22,0.01,26,0
vda,157.80,2.14,0.03,10,0
vda,25.60,1.16,0.03,5,0
vda,18.80,0.76,0.03,3,0
vda,23.80,0.76,0.07,3,0
vda,30.80,1.13,0.05,5,0
vda,19.00,0.76,0.03,3,0
vda,25.00,1.13,0.03,5,0
vda,18.00,0.76,0.03,3,0
vda,25.80,1.13,0.04,5,0
vda,20.60,0.77,0.03,3,0
vda,34.80,1.15,1.32,5,6
vda,30.00,0.85,3.71,4,18
vda,25.60,1.13,0.03,5,0
vda,12.00,0.76,0.00,3,0
vda,18.00,1.13,0.00,5,0
vda,19.00,0.76,0.03,3,0
vda,18.40,1.14,0.01,5,0
vda,17.20,0.76,0.03,3,0
vda,21.00,1.18,0.01,5,0
vda,12.60,0.76,0.00,3,0
vda,17.40,1.13,0.00,5,0
