vda,25.80,0.01,0.13,0,0
vda,2.80,0.00,0.01,0,0
vda,0.80,0.00,0.00,0,0
vda,1.00,0.00,0.00,0,0
vda,0.00,0.00,0.00,0,0
vda,3.60,0.01,0.01,0,0
vda,9.80,0.00,0.05,0,0
vda,0.60,0.00,0.00,0,0
vda,14.20,0.12,0.03,0,0
vda,2.20,0.00,0.01,0,0
vda,2.60,0.00,0.01,0,0
vda,2.60,0.00,0.01,0,0
vda,10.40,0.78,0.02,3,0
vda,8.80,0.00,0.05,0,0
vda,9.40,0.38,0.06,1,0
vda,3.40,0.00,0.01,0,0
vda,184.40,11.72,0.01,58,0
vda,7.40,3.00,0.00,14,0
vda,2.80,0.00,0.02,0,0
vda,14.60,0.00,2.98,0,14
vda,5.00,0.00,0.02,0,0
vda,4.00,0.00,0.02,0,0
vda,3.80,0.00,0.02,0,0
vda,0.20,0.00,0.00,0,0
vda,28.80,0.01,20.50,0,102
vda,3.60,0.00,0.01,0,0
vda,5.20,0.00,0.02,0,0
vda,4.00,0.00,0.02,0,0
vda,10.40,0.00,0.04,0,0
vda,0.00,0.00,0.00,0,0
vda,11.80,0.00,0.06,0,0
vda,11.20,0.00,2.99,0,14
vda,12.40,0.00,5.80,0,29
vda,7.00,0.01,2.91,0,14
vda,6.40,0.00,5.90,0,29
vda,6.40,0.00,6.00,0,29
vda,5.00,0.00,0.03,0,0
vda,9.38,0.00,5.78,0,28
vda,14.60,0.00,5.87,0,29
vda,13.80,0.00,5.93,0,29
vda,8.40,0.00,5.99,0,29
vda,8.00,0.00,0.03,0,0
vda,2.60,0.00,0.02,0,0
vda,5.80,0.00,2.96,0,14
vda,7.40,0.00,5.79,0,28
vda,11.60,0.00,2.95,0,14
vda,2.40,0.00,5.88,0,29
vda,12.40,0.00,6.02,0,30
vda,4.00,0.00,0.02,0,0
vda,6.60,0.00,5.80,0,28
vda,7.80,0.00,5.85,0,29
vda,6.80,0.00,4.37,0,21
vda,13.80,0.00,4.59,0,22
vda,2.40,0.00,2.99,0,14
vda,7.20,0.00,2.97,0,14
vda,6.60,0.00,5.79,0,28
vda,14.40,0.00,5.84,0,29
vda,16.80,0.00,0.07,0,0
vda,3.20,0.03,0.01,0,0
vda,13.60,0.01,3.02,0,15
vda,9.40,0.00,5.80,0,29
vda,7.40,0.00,2.92,0,14
vda,8.60,0.00,5.90,0,29
vda,9.60,0.00,5.98,0,29
vda,5.80,0.03,0.02,0,0
vda,18.80,0.00,5.85,0,29
vda,16.00,0.00,5.89,0,29
vda,9.20,0.00,5.89,0,29
vda,4.00,0.00,5.98,0,29
vda,3.60,0.00,0.01,0,0
vda,7.20,0.00,5.80,0,28
vda,6.60,0.00,5.84,0,29
vda,7.40,0.00,5.90,0,29
vda,18.20,0.00,0.08,0,0
vda,7.20,0.00,0.03,0,0
vda,0.80,0.00,0.00,0,0
vda,0.00,0.00,0.00,0,0
vda,0.80,0.00,0.01,0,0
vda,10.40,0.00,0.04,0,0
vda,1.60,0.00,0.01,0,0
vda,8.40,0.00,0.07,0,0
vda,0.80,0.00,0.00,0,0
vda,0.00,0.00,0.00,0,0
vda,1.00,0.00,0.00,0,0
vda,7.60,0.00,0.04,0,0
vda,0.80,0.00,0.01,0,0
vda,1.00,0.00,0.00,0,0
