vda,0.60,0.00,0.00,0,0
vda,3.60,0.00,0.02,0,0
vda,3.00,0.03,0.01,0,0
vda,2.20,0.00,0.01,0,0
vda,0.80,0.00,0.00,0,0
vda,0.00,0.00,0.00,0,0
vda,17.00,0.00,0.08,0,0
vda,130.80,1.79,0.02,8,0
vda,125.00,7.72,0.03,38,0
vda,87.40,32.61,0.02,163,0
vda,62.00,23.40,0.00,116,0
vda,59.80,21.81,0.01,109,0
vda,63.40,22.64,0.02,113,0
vda,63.00,22.95,0.02,114,0
vda,62.20,22.20,0.07,111,0
vda,66.00,22.72,0.05,113,0
vda,67.00,24.80,0.01,123,0
vda,56.40,20.93,0.01,104,0
vda,77.00,25.81,0.04,129,0
vda,70.40,25.81,0.01,129,0
vda,28.60,2.35,0.01,11,0
vda,42.40,0.40,0.02,1,0
vda,4.80,0.00,0.03,0,0
vda,20.20,0.12,4.87,0,24
vda,10.00,0.00,5.23,0,26
vda,14.20,0.00,5.65,0,28
vda,9.00,0.00,4.34,0,21
vda,3.80,0.00,0.01,0,0
vda,4.60,0.02,0.02,0,0
vda,3.20,0.03,0.00,0,0
vda,19.20,0.02,4.88,0,24
vda,14.20,0.00,6.91,0,34
vda,6.60,0.00,1.99,0,9
vda,45.00,0.78,0.03,3,0
vda,24.40,0.00,6.28,0,31
vda,3.20,0.00,3.93,0,19
vda,13.60,0.00,6.06,0,30
vda,7.20,0.00,4.10,0,20
vda,1.60,0.00,0.01,0,0
vda,3.40,0.01,0.01,0,0
vda,14.80,0.00,0.06,0,0
vda,22.00,0.00,5.79,0,28
vda,8.80,0.00,4.58,0,22
vda,7.00,0.00,5.63,0,28
vda,7.60,0.00,4.64,0,23
vda,5.40,0.00,0.02,0,0
vda,2.80,0.00,0.01,0,0
vda,0.00,0.00,0.00,0,0
vda,5.00,0.02,0.01,0,0
vda,19.40,0.00,4.89,0,24
vda,10.40,0.00,7.30,0,36
vda,5.60,0.00,2.70,0,13
vda,7.00,0.00,5.61,0,28
vda,7.20,0.00,3.94,0,19
vda,12.40,0.00,6.25,0,31
vda,7.20,0.00,3.97,0,19
vda,1.20,0.00,0.00,0,0
vda,4.20,0.03,0.01,0,0
vda,3.40,0.00,0.01,0,0
vda,19.20,0.00,5.66,0,28
vda,10.80,0.00,4.16,0,20
vda,13.60,0.00,5.66,0,28
vda,6.20,0.00,4.59,0,22
vda,13.80,0.00,5.47,0,27
vda,9.80,0.00,4.13,0,20
vda,1.40,0.00,0.01,0,0
vda,1.60,0.00,0.01,0,0
vda,16.40,0.01,5.65,0,28
vda,13.20,0.03,4.15,0,20
vda,14.00,0.00,0.06,0,0
vda,19.80,0.00,5.60,0,28
vda,22.40,0.00,10.09,0,50
vda,10.60,0.00,4.01,0,20
vda,1.20,0.00,0.00,0,0
vda,0.00,0.00,0.00,0,0
vda,1.80,0.00,0.01,0,0
vda,34.20,0.03,5.74,0,28
vda,16.40,0.00,4.28,0,21
vda,26.40,0.00,5.68,0,28
vda,11.80,0.00,4.60,0,22
vda,11.80,0.00,5.47,0,27
vda,7.80,0.00,4.13,0,20
vda,1.40,0.00,0.01,0,0
vda,1.80,0.00,0.01,0,0
vda,8.40,0.00,5.63,0,28
vda,8.00,0.02,4.15,0,20
vda,21.20,0.03,5.13,0,25
vda,12.60,0.00,7.18,0,35
vda,7.80,0.00,2.47,0,12
vda,3.60,0.00,0.01,0,0
vda,0.00,0.00,0.00,0,0
vda,18.80,0.00,4.85,0,24
vda,9.18,0.00,4.13,0,20
vda,24.20,0.00,4.87,0,24
vda,12.80,0.05,3.99,0,19
vda,27.60,0.04,4.97,0,24
vda,17.80,0.00,6.96,0,34
vda,9.20,0.00,1.91,0,9
vda,3.40,0.00,0.01,0,0
vda,1.80,0.00,0.01,0,0
vda,12.40,0.00,4.04,0,20
vda,15.00,0.00,5.95,0,29
vda,0.20,0.00,0.00,0,0
vda,28.20,0.00,12.43,0,62
vda,16.60,0.10,2.34,0,11
vda,28.00,0.00,5.23,0,26
vda,12.20,0.00,4.13,0,20
vda,0.00,0.00,0.00,0,0
vda,1.60,0.00,0.01,0,0
vda,18.40,0.00,0.07,0,0
vda,0.00,0.00,0.00,0,0
vda,0.60,0.00,0.00,0,0
vda,5.40,0.00,0.09,0,0
vda,2.40,0.02,0.01,0,0
vda,8.20,0.01,0.03,0,0
vda,1.00,0.00,0.00,0,0
vda,12.20,0.00,0.06,0,0
vda,2.00,0.00,0.01,0,0
vda,0.80,0.00,0.00,0,0
vda,0.00,0.00,0.00,0,0
vda,0.80,0.00,0.00,0,0
vda,0.00,0.00,0.00,0,0
