vda,1.40,0.00,0.01,0,0
vda,58.20,0.34,0.12,1,0
vda,2.20,0.00,0.01,0,0
vda,0.00,0.00,0.00,0,0
vda,1.80,0.00,0.01,0,0
vda,1.80,0.00,0.01,0,0
vda,3.40,0.00,0.02,0,0
vda,2.00,0.00,0.01,0,0
vda,9.40,0.00,0.04,0,0
vda,2.00,0.00,0.01,0,0
vda,4.60,0.00,0.02,0,0
vda,2.00,0.00,0.01,0,0
vda,349.40,4.28,0.01,21,0
vda,433.20,5.66,0.02,28,0
vda,96.00,0.98,0.02,4,0
vda,17.00,0.10,0.03,0,0
vda,3.60,0.00,0.01,0,0
vda,9.20,0.00,0.04,0,0
vda,157.20,5.00,0.02,25,0
vda,11.80,0.03,0.05,0,0
vda,8.78,0.09,0.09,0,0
vda,2.40,0.00,0.01,0,0
vda,9.80,0.00,0.04,0,0
vda,6.60,0.00,0.04,0,0
vda,0.40,0.00,0.01,0,0
vda,2.20,0.00,0.01,0,0
vda,1.80,0.00,0.01,0,0
vda,2.40,0.00,0.01,0,0
vda,1.80,0.00,0.01,0,0
