vda,20.20,0.00,0.10,0,0
vda,3.00,0.00,0.01,0,0
vda,1.80,0.00,0.01,0,0
vda,3.20,0.00,0.02,0,0
vda,2.40,0.00,0.01,0,0
vda,4.00,0.00,0.02,0,0
vda,2.80,0.00,0.01,0,0
vda,12.40,0.00,0.06,0,0
vda,2.60,0.00,0.01,0,0
vda,2.00,0.00,0.01,0,0
vda,4.20,0.00,0.02,0,0
vda,2.20,0.00,0.01,0,0
vda,237.20,3.05,0.02,15,0
vda,327.00,3.70,0.04,18,0
vda,324.40,5.12,0.02,25,0
vda,143.20,1.32,0.02,6,0
vda,27.80,0.01,0.25,0,1
vda,18.00,0.09,0.07,0,0
vda,7.40,0.00,0.03,0,0
vda,1.80,0.00,0.01,0,0
vda,0.00,0.00,0.00,0,0
vda,17.40,0.00,0.11,0,0
vda,2.40,0.00,0.01,0,0
vda,1.80,0.00,0.01,0,0
vda,4.00,0.00,0.02,0,0
vda,2.00,0.00,0.01,0,0
vda,2.80,0.00,0.01,0,0
