3432844.2667,156200.26667,17204.533333
1857008.0,428700.0,18388.0
1857008.0,428700.0,18388.0
1857008.0,428700.0,18388.0
114516.0,1114520.0,18552.0
114516.0,1114520.0,18552.0
114516.0,1114520.0,18552.0
123446.13333,442475.2,18664.0
124084.0,394472.0,18672.0
139482.93333,332588.53333,18782.933333
141852.0,323068.0,18800.0
141852.0,323068.0,18800.0
117133.6,263614.66667,5423.4666667
115368.0,259368.0,4468.0
115368.0,259368.0,4468.0
303767.46667,110828.26667,1202.4
332752.0,87976.0,700.0
135956.26667,247997.33333,914.93333333
105680.0,272616.0,948.0
105680.0,272616.0,948.0
167578.66667,219998.4,936.8
172000.0,216240.0,936.0
172000.0,216240.0,936.0
128529.06667,234301.86667,1145.0666667
125424.0,235592.0,1160.0
3628076.0,34124.0,2104.0
3628076.0,34124.0,2104.0
