vda,28.80,0.21,0.01,1,0
vda,25.60,0.00,0.12,0,0
vda,23.00,0.11,0.00,0,0
vda,1.60,0.00,0.01,0,0
vda,0.00,0.00,0.00,0,0
vda,0.60,0.00,0.00,0,0
vda,1.40,0.00,0.01,0,0
vda,360.00,4.46,0.01,22,0
vda,184.00,2.04,0.02,10,0
vda,332.40,4.43,0.07,22,0
vda,150.00,1.42,0.01,7,0
vda,12.20,0.06,1.15,0,5
vda,5.00,0.00,0.02,0,0
vda,20.60,0.03,0.05,0,0
vda,5.20,0.00,0.02,0,0
vda,8.40,0.00,0.03,0,0
vda,7.00,0.00,0.03,0,0
vda,1.00,0.00,0.01,0,0
vda,8.80,0.09,0.09,0,0
vda,8.20,0.00,0.03,0,0
vda,1.00,0.00,0.00,0,0
vda,0.00,0.00,0.00,0,0
vda,13.40,0.00,0.06,0,0
vda,1.80,0.00,0.01,0,0
vda,0.00,0.00,0.00,0,0
vda,0.60,0.00,0.00,0,0
vda,0.80,0.00,0.00,0,0
vda,0.00,0.00,0.00,0,0
vda,1.40,0.00,0.01,0,0
vda,2.00,0.00,0.01,0,0
vda,3.80,0.00,0.02,0,0
vda,1.00,0.00,0.00,0,0
vda,0.00,0.00,0.00,0,0
