vda,1.40,0.00,0.01,0,0
vda,23.60,0.00,0.10,0,0
vda,2.00,0.00,0.01,0,0
vda,33.40,0.34,0.02,1,0
vda,22.60,0.11,0.00,0,0
vda,2.20,0.00,0.01,0,0
vda,2.80,0.00,0.01,0,0
vda,2.40,0.00,0.01,0,0
vda,3.20,0.00,0.01,0,0
vda,1.80,0.00,0.01,0,0
vda,6.80,0.00,0.03,0,0
vda,1.80,0.00,0.01,0,0
vda,347.00,4.32,0.02,21,0
vda,170.20,1.86,0.03,9,0
vda,232.60,3.39,0.02,16,0
vda,224.60,2.33,0.01,11,0
vda,50.20,0.38,0.02,1,0
vda,11.80,0.00,0.05,0,0
vda,7.80,0.00,0.04,0,0
vda,22.40,0.00,0.14,0,0
vda,1.40,0.08,0.00,0,0
vda,6.40,0.00,0.02,0,0
vda,2.20,0.00,0.01,0,0
vda,2.40,0.00,0.01,0,0
vda,3.00,0.00,0.02,0,0
vda,0.00,0.00,0.00,0,0
vda,8.58,0.00,0.05,0,0
vda,1.80,0.00,0.01,0,0
vda,0.00,0.00,0.00,0,0
