vda,0.20,0.00,0.00,0,0
vda,6.20,0.00,0.02,0,0
vda,134.40,0.00,0.54,0,2
vda,2.40,0.00,0.01,0,0
vda,5.20,0.00,0.02,0,0
vda,6.60,0.00,0.22,0,1
vda,3.00,0.00,0.01,0,0
vda,6.40,0.00,0.03,0,0
vda,3.00,0.00,0.02,0,0
vda,23.80,0.00,0.09,0,0
vda,174.00,0.00,0.70,0,3
vda,1.60,0.00,0.00,0,0
vda,7.20,0.00,0.03,0,0
vda,17.00,0.00,0.07,0,0
vda,3.00,0.00,0.02,0,0
vda,44.80,11.45,0.02,57,0
vda,22.40,0.88,0.08,4,0
vda,11.80,0.00,0.24,0,1
vda,16.40,0.00,0.10,0,0
vda,176.00,0.00,0.78,0,3
vda,5.60,0.00,0.03,0,0
vda,8.40,0.00,0.03,0,0
vda,8.80,0.00,0.04,0,0
vda,134.80,0.00,0.63,0,3
vda,7.60,0.00,0.03,0,0
vda,3.60,0.00,0.01,0,0
vda,3.20,0.00,0.01,0,0
vda,7.60,0.00,0.03,0,0
vda,0.20,0.00,0.00,0,0
vda,19.60,0.00,0.28,0,1
vda,30.60,0.00,0.20,0,0
vda,177.20,0.00,0.72,0,3
vda,1.20,0.00,0.00,0,0
vda,1.40,0.00,0.01,0,0
vda,5.60,0.00,0.02,0,0
vda,2.60,0.00,0.02,0,0
vda,141.40,0.00,0.56,0,2
vda,2.00,0.00,0.01,0,0
vda,0.00,0.00,0.00,0,0
