vda,196.80,0.00,0.79,0,3
vda,3.80,0.00,0.01,0,0
vda,11.20,0.00,0.24,0,1
vda,2.40,0.00,0.01,0,0
vda,5.20,0.00,0.02,0,0
vda,130.20,0.00,0.53,0,2
vda,2.60,0.00,0.01,0,0
vda,5.20,0.00,0.02,0,0
vda,129.80,0.00,0.53,0,2
vda,3.00,0.00,0.01,0,0
vda,0.00,0.00,0.00,0,0
vda,151.20,0.00,0.62,0,3
vda,7.40,0.00,0.03,0,0
vda,10.80,0.00,0.04,0,0
vda,7.40,0.00,0.22,0,1
vda,6.00,0.00,0.02,0,0
vda,15.60,0.05,0.03,0,0
vda,259.00,0.00,1.15,0,5
vda,4.80,0.00,0.02,0,0
vda,0.00,0.00,0.00,0,0
vda,13.80,0.05,0.05,0,0
vda,9.20,0.00,0.04,0,0
vda,0.00,0.00,0.00,0,0
vda,6.60,0.00,0.03,0,0
vda,20.40,0.00,0.20,0,1
vda,17.80,0.00,0.11,0,0
vda,176.60,0.00,0.89,0,4
vda,5.20,0.00,0.02,0,0
vda,6.40,0.00,0.03,0,0
vda,4.00,0.00,0.02,0,0
