3459216.0,75960.0,3412.0
2653413.6,122745.6,5065.6
2116212.0,153936.0,6168.0
2116212.0,153936.0,6168.0
2048488.8,172812.0,6247.2
2003340.0,185396.0,6300.0
1975544.8,185524.0,6404.5333333
1951224.0,185636.0,6496.0
1951224.0,185636.0,6496.0
1948506.1333,185656.53333,6531.4666667
1945400.0,185680.0,6572.0
1945400.0,185680.0,6572.0
1897915.7333,179898.93333,6605.6
1843648.0,173292.0,6644.0
1835214.4,179140.26667,6673.8666667
1825576.0,185824.0,6708.0
1825576.0,185824.0,6708.0
1830724.2667,180250.13333,6922.6666667
1836608.0,173880.0,7168.0
1836608.0,173880.0,7168.0
