vda,33.40,0.34,0.02,1,0
vda,27.60,0.00,0.13,0,0
vda,2.00,0.00,0.01,0,0
vda,0.00,0.00,0.00,0,0
vda,1.80,0.00,0.01,0,0
vda,1.80,0.00,0.01,0,0
vda,0.60,0.00,0.00,0,0
vda,2.40,0.00,0.01,0,0
vda,3.60,0.00,0.01,0,0
vda,2.00,0.00,0.01,0,0
vda,1.80,0.00,0.01,0,0
vda,4.20,0.00,0.02,0,0
vda,355.00,4.35,0.02,21,0
vda,389.20,5.16,0.02,25,0
vda,153.00,2.49,0.02,12,0
vda,141.80,1.32,0.02,6,0
vda,8.00,0.09,0.03,0,0
vda,12.80,0.00,0.06,0,0
vda,3.60,0.00,0.02,0,0
vda,3.00,0.00,0.01,0,0
vda,7.80,0.00,0.04,0,0
vda,4.80,0.00,0.02,0,0
vda,2.00,0.00,0.01,0,0
vda,2.00,0.00,0.01,0,0
vda,0.00,0.00,0.00,0,0
vda,1.80,0.00,0.01,0,0
