vda,3.00,0.00,0.01,0,0
vda,3.20,0.00,0.01,0,0
vda,0.00,0.00,0.00,0,0
vda,0.60,0.00,0.00,0,0
vda,0.60,0.00,0.00,0,0
vda,19.80,0.00,0.10,0,0
vda,1.40,0.00,0.01,0,0
vda,3.60,0.00,0.01,0,0
vda,3.20,0.00,0.01,0,0
vda,7.00,0.66,0.02,3,0
vda,4.60,0.00,0.02,0,0
vda,1.20,0.00,0.01,0,0
vda,2.80,0.00,0.01,0,0
vda,1.00,0.00,0.01,0,0
vda,10.60,0.00,0.04,0,0
vda,2.00,0.00,0.06,0,0
vda,0.00,0.00,0.00,0,0
vda,15.60,4.74,0.01,23,0
vda,5.00,0.00,0.02,0,0
vda,0.20,0.00,0.00,0,0
vda,3.60,0.00,0.01,0,0
vda,10.40,0.00,0.04,0,0
vda,0.00,0.00,0.00,0,0
vda,1.20,0.00,0.01,0,0
vda,13.60,0.00,0.05,0,0
vda,28.54,0.00,0.14,0,0
vda,1.60,0.00,0.01,0,0
vda,1.20,0.00,0.00,0,0
vda,0.00,0.00,0.00,0,0
vda,1.20,0.00,0.01,0,0
vda,1.00,0.00,0.00,0,0
vda,0.20,0.00,0.00,0,0
vda,13.00,0.00,0.06,0,0
vda,1.00,0.00,0.00,0,0
