5885608.0,1739236.0,5492.0
5885608.0,1739236.0,5492.0
4213561.6,1964795.2,5561.6
3098864.0,2115168.0,5608.0
2086782.9333,2453649.0667,5708.2666667
1201212.0,2749820.0,5796.0
1201212.0,2749820.0,5796.0
678338.4,2934001.3333,5825.8666667
220824.0,3095160.0,5852.0
220824.0,3095160.0,5852.0
183759.46667,3046930.9333,5889.3333333
141400.0,2991812.0,5932.0
143541.06667,3017206.1333,5961.8666667
145988.0,3046228.0,5996.0
145988.0,3046228.0,5996.0
316270.66667,2837528.2667,6025.8666667
465268.0,2654916.0,6052.0
465268.0,2654916.0,6052.0
342750.66667,2778698.4,6077.6
235548.0,2887008.0,6100.0
186052.53333,2927933.8667,5869.6
142744.0,2963744.0,5668.0
142744.0,2963744.0,5668.0
143251.73333,2962383.2,5697.8666667
143832.0,2960828.0,5732.0
143832.0,2960828.0,5732.0
141769.6,2957397.6,5757.6
138676.0,2952252.0,5796.0
271914.93333,2761736.2667,5825.8666667
424188.0,2544004.0,5860.0
424188.0,2544004.0,5860.0
322010.4,2645588.0,5897.3333333
205236.0,2761684.0,5940.0
205236.0,2761684.0,5940.0
179871.2,2779637.6,5962.4
141824.0,2806568.0,5996.0
135712.0,2811385.3333,6018.6666667
123488.0,2821020.0,6064.0
123488.0,2821020.0,6064.0
422273.33333,2517072.0,6084.0
1019844.0,1909176.0,6124.0
926248.8,2002571.2,6146.4
785856.0,2142664.0,6180.0
785856.0,2142664.0,6180.0
731728.0,2196776.0,6197.0666667
582876.0,2345584.0,6244.0
582876.0,2345584.0,6244.0
787941.6,2147993.6,6258.9333333
1351872.0,1604620.0,6300.0
1279152.0,1677054.6667,6321.3333333
1133712.0,1821924.0,6364.0
1133712.0,1821924.0,6364.0
1100469.3333,1853064.2667,6378.9333333
1009052.0,1938700.0,6420.0
1009052.0,1938700.0,6420.0
930873.33333,2016425.3333,6444.0
774516.0,2171876.0,6492.0
707337.33333,2234849.3333,6513.3333333
572980.0,2360796.0,6556.0
572980.0,2360796.0,6556.0
653446.66667,2278198.6667,6577.3333333
814380.0,2113004.0,6620.0
814380.0,2113004.0,6620.0
755939.46667,2171301.6,6637.0666667
595228.0,2331620.0,6684.0
558322.4,2362896.8,6701.0666667
456832.0,2448908.0,6748.0
456832.0,2448908.0,6748.0
383132.8,2511014.6667,6765.0666667
180460.0,2681808.0,6812.0
180460.0,2681808.0,6812.0
634144.0,2241188.0,6832.0
1541512.0,1359948.0,6872.0
1541512.0,1359948.0,6872.0
1541512.0,1359948.0,6872.0
1541512.0,1359948.0,6872.0
2485472.8,1359895.2,6896.8
6261316.0,1359684.0,6996.0
