vda,17.60,1.14,0.00,5,0
vda,15.40,0.76,0.02,3,0
vda,106.20,1.13,0.36,5,1
vda,14.20,0.76,0.01,3,0
vda,24.20,1.14,0.02,5,0
vda,105.20,0.76,0.38,3,1
vda,11.80,0.76,0.00,3,0
vda,37.20,1.13,0.27,5,1
vda,16.00,0.76,0.02,3,0
vda,29.40,1.89,0.00,9,0
vda,113.00,0.76,0.47,3,2
vda,23.80,1.13,0.03,5,0
vda,14.20,1.16,0.01,5,0
vda,150.60,1.85,0.49,9,2
vda,16.60,0.79,0.02,3,0
vda,32.80,1.89,0.01,9,0
vda,35.00,1.89,0.02,9,0
vda,118.40,1.51,0.39,7,1
vda,13.80,0.76,0.01,3,0
vda,35.00,1.51,0.24,7,1
vda,33.60,1.89,0.02,9,0
vda,18.60,1.13,0.00,5,0
vda,130.20,1.51,0.46,7,2
vda,21.40,1.15,0.01,5,0
vda,19.40,1.13,0.01,5,0
vda,23.20,1.51,0.00,7,0
vda,28.00,1.51,0.02,7,0
vda,24.60,1.51,0.01,7,0
vda,157.40,1.13,0.55,5,2
vda,38.40,0.76,0.13,3,0
vda,31.60,1.13,0.05,5,0
vda,23.80,0.76,0.24,3,1
vda,24.00,1.16,0.03,5,0
vda,13.40,0.76,0.01,3,0
vda,159.40,1.13,0.68,5,3
vda,13.80,0.76,0.01,3,0
vda,17.20,1.13,0.00,5,0
vda,15.40,0.76,0.01,3,0
vda,22.60,1.13,0.02,5,0
vda,13.40,0.76,0.01,3,0
vda,24.80,1.13,0.04,5,0
vda,16.20,0.76,0.02,3,0
vda,40.80,1.13,0.25,5,1
vda,89.40,0.76,0.50,3,2
vda,30.80,1.13,0.05,5,0
vda,13.60,0.76,0.01,3,0
vda,26.20,1.13,0.04,5,0
vda,142.00,0.76,0.65,3,3
vda,21.60,1.13,0.02,5,0
vda,15.40,0.76,0.02,3,0
vda,105.80,1.13,0.43,5,2
vda,16.00,0.76,0.02,3,0
vda,16.40,0.76,0.02,3,0
vda,112.20,1.13,0.46,5,2
vda,15.40,0.76,0.02,3,0
vda,16.20,0.76,0.02,3,0
vda,20.20,0.76,0.23,3,1
vda,21.20,1.13,0.01,5,0
vda,143.80,0.76,0.65,3,3
vda,21.20,1.13,0.01,5,0
vda,20.60,0.76,0.04,3,0
vda,22.80,1.15,0.02,5,0
vda,13.00,0.76,0.01,3,0
vda,19.00,1.13,0.01,5,0
vda,13.00,0.76,0.01,3,0
vda,23.00,1.13,0.03,5,0
vda,32.20,0.76,0.10,3,0
vda,96.00,1.13,0.31,5,1
