vda,0.20,0.00,0.00,0,0
vda,2.40,0.00,0.01,0,0
vda,1.80,0.00,0.01,0,0
vda,0.00,0.00,0.00,0,0
vda,4.80,0.00,0.02,0,0
vda,28.20,0.00,0.12,0,0
vda,3.00,0.00,0.01,0,0
vda,424.80,5.28,0.00,26,0
vda,86.20,0.90,0.02,4,0
vda,360.00,4.71,0.09,23,0
vda,159.20,1.46,0.02,7,0
vda,6.40,0.00,0.02,0,0
vda,12.60,0.00,0.05,0,0
vda,7.00,0.00,0.03,0,0
vda,17.80,0.09,0.08,0,0
vda,2.60,0.00,0.01,0,0
vda,6.00,0.00,0.08,0,0
vda,2.00,0.00,0.01,0,0
vda,0.00,0.00,0.00,0,0
vda,1.80,0.00,0.01,0,0
vda,9.00,0.00,0.04,0,0
vda,2.60,0.00,0.01,0,0
vda,2.00,0.00,0.01,0,0
vda,2.40,0.00,0.01,0,0
vda,2.00,0.00,0.01,0,0
vda,9.80,0.00,0.04,0,0
vda,0.00,0.00,0.00,0,0
vda,2.60,0.00,0.01,0,0
