3427688.8,70204.0,2959.7333333
3006692.0,109348.0,5252.0
3006692.0,109348.0,5252.0
2935066.1333,120452.53333,5288.0
1932304.0,275916.0,5792.0
1932304.0,275916.0,5792.0
1929860.0,276776.0,5872.0
1929860.0,276776.0,5872.0
1929860.0,276776.0,5872.0
1825032.0,332372.0,6016.0
1825032.0,332372.0,6016.0
1786478.4,335369.33333,6101.3333333
1786478.4,335369.33333,6101.3333333
1752744.0,337992.0,6176.0
1635260.0,393844.0,6252.0
1635260.0,393844.0,6252.0
1635260.0,393844.0,6252.0
1586612.0,366824.0,6608.0
1586612.0,366824.0,6608.0
1584518.4,364593.6,6612.8
1555208.0,333368.0,6680.0
1555208.0,333368.0,6680.0
1557290.6667,330385.6,6686.4
1570828.0,311000.0,6728.0
1792946.9333,307309.86667,6736.5333333
3236720.0,283324.0,6792.0
