vda,5.20,0.07,0.01,0,0
vda,2.00,0.00,0.01,0,0
vda,0.00,0.00,0.00,0,0
vda,2.00,0.00,0.01,0,0
vda,1.80,0.00,0.01,0,0
vda,2.60,0.00,0.01,0,0
vda,25.60,0.00,0.11,0,0
vda,429.60,5.33,0.01,26,0
vda,453.80,7.27,0.02,36,0
vda,63.20,14.89,0.04,74,0
vda,88.20,0.84,0.01,4,0
vda,60.00,0.47,0.03,2,0
vda,13.00,0.00,0.05,0,0
vda,15.60,0.00,0.10,0,0
vda,8.00,0.00,0.08,0,0
vda,8.40,0.09,0.03,0,0
vda,6.20,0.00,0.03,0,0
vda,10.40,0.00,0.05,0,0
vda,2.60,0.00,0.01,0,0
vda,2.59,0.00,0.01,0,0
vda,2.00,0.00,0.01,0,0
vda,0.00,0.00,0.00,0,0
vda,1.80,0.00,0.01,0,0
vda,2.60,0.00,0.01,0,0
vda,2.40,0.00,0.01,0,0
vda,8.00,0.00,0.03,0,0
vda,1.80,0.00,0.01,0,0
vda,1.80,0.00,0.01,0,0
vda,1.80,0.00,0.01,0,0
vda,4.20,0.00,0.02,0,0
