vda,0.00,0.00,0.00,0,0
vda,6.00,0.00,0.02,0,0
vda,134.40,0.00,0.54,0,2
vda,0.20,0.00,0.00,0,0
vda,5.40,0.00,0.02,0,0
vda,1.20,0.00,0.00,0,0
vda,5.20,0.00,0.02,0,0
vda,7.40,0.00,0.22,0,1
vda,4.00,0.00,0.02,0,0
vda,182.60,0.00,0.72,0,3
vda,22.80,0.00,0.10,0,0
vda,2.20,0.00,0.01,0,0
vda,12.20,0.00,0.05,0,0
vda,152.80,0.00,0.68,0,3
vda,0.00,0.00,0.00,0,0
vda,9.40,2.44,0.01,12,0
vda,7.00,0.00,0.03,0,0
vda,137.20,0.00,0.64,0,3
vda,6.00,0.00,0.02,0,0
vda,18.40,0.00,0.27,0,1
vda,8.80,0.00,0.03,0,0
vda,258.20,0.00,1.15,0,5
vda,8.20,0.00,0.03,0,0
vda,1.20,0.00,0.00,0,0
vda,6.80,0.00,0.03,0,0
vda,1.60,0.00,0.01,0,0
vda,147.40,0.00,0.60,0,2
vda,1.80,0.00,0.01,0,0
