vda,0.20,0.00,0.00,0,0
vda,1.60,0.00,0.01,0,0
vda,0.00,0.00,0.00,0,0
vda,0.60,0.00,0.00,0,0
vda,0.00,0.00,0.00,0,0
vda,1.40,0.00,0.01,0,0
vda,24.40,0.00,0.11,0,0
vda,3.80,0.00,0.01,0,0
vda,4.60,0.00,0.02,0,0
vda,0.00,0.00,0.00,0,0
vda,2.80,0.00,0.01,0,0
vda,0.40,0.00,0.01,0,0
vda,1.60,0.00,0.01,0,0
vda,15.80,0.00,0.08,0,0
vda,5.60,0.00,0.07,0,0
vda,0.00,0.00,0.00,0,0
vda,1.00,0.00,0.00,0,0
vda,0.60,0.00,0.01,0,0
vda,2.80,0.00,0.01,0,0
vda,2.80,0.00,0.01,0,0
vda,5.20,0.00,0.02,0,0
vda,10.40,0.00,0.05,0,0
vda,9.60,0.00,0.04,0,0
vda,4.20,0.00,0.02,0,0
vda,5.60,0.00,0.02,0,0
vda,3.00,0.00,0.01,0,0
vda,0.00,0.00,0.00,0,0
vda,4.80,0.00,0.02,0,0
vda,9.60,0.00,0.05,0,0
vda,5.60,0.00,0.03,0,0
vda,10.80,0.00,0.04,0,0
vda,3.60,0.00,0.02,0,0
vda,18.40,0.00,4.21,0,21
vda,0.20,0.00,0.00,0,0
vda,3.20,0.00,0.01,0,0
vda,7.80,0.00,0.03,0,0
vda,3.20,0.00,0.01,0,0
vda,3.00,0.00,0.01,0,0
vda,8.00,0.00,1.71,0,8
vda,12.00,0.00,1.70,0,8
vda,0.00,0.00,0.00,0,0
vda,11.20,0.00,0.05,0,0
vda,5.00,0.00,0.02,0,0
vda,3.80,0.00,0.01,0,0
vda,0.80,0.00,0.01,0,0
vda,4.20,0.00,0.02,0,0
vda,22.20,0.00,0.09,0,0
vda,0.00,0.00,0.00,0,0
vda,8.40,0.00,3.35,0,16
vda,4.60,0.00,0.02,0,0
vda,3.40,0.00,0.01,0,0
vda,7.20,0.00,0.03,0,0
vda,0.00,0.00,0.00,0,0
vda,0.60,0.00,0.00,0,0
vda,1.00,0.00,0.01,0,0
vda,15.20,0.00,0.07,0,0
vda,1.40,0.00,0.01,0,0
vda,1.20,0.00,0.00,0,0
vda,0.00,0.00,0.00,0,0
vda,0.80,0.00,0.00,0,0
vda,1.00,0.00,0.01,0,0
vda,1.00,0.00,0.00,0,0
vda,8.40,0.00,0.04,0,0
