vda,0.40,0.00,0.00,0,0
vda,2.80,0.00,0.01,0,0
vda,1.80,0.00,0.01,0,0
vda,2.60,0.00,0.01,0,0
vda,2.20,0.00,0.01,0,0
vda,22.80,0.00,0.11,0,0
vda,2.60,0.00,0.01,0,0
vda,417.80,5.10,0.02,25,0
vda,416.40,5.37,0.02,26,0
vda,46.80,0.51,0.03,2,0
vda,142.00,1.32,0.02,6,0
vda,7.40,0.00,0.03,0,0
vda,22.60,0.00,0.13,0,0
vda,9.20,0.09,0.05,0,0
vda,8.00,0.00,0.03,0,0
vda,0.60,0.00,0.01,0,0
vda,9.20,0.00,0.04,0,0
vda,2.20,0.00,0.01,0,0
vda,17.60,0.08,0.01,0,0
vda,11.00,0.00,0.06,0,0
vda,1.80,0.00,0.01,0,0
vda,2.20,0.00,0.01,0,0
vda,2.00,0.00,0.01,0,0
vda,0.00,0.00,0.00,0,0
vda,1.80,0.00,0.01,0,0
vda,2.60,0.00,0.01,0,0
vda,10.40,0.00,0.04,0,0
vda,1.80,0.00,0.01,0,0
