vda,2.20,0.00,0.01,0,0
vda,2.00,0.00,0.01,0,0
vda,1.00,0.00,0.00,0,0
vda,2.00,0.00,0.01,0,0
vda,0.60,0.00,0.00,0,0
vda,0.60,0.00,0.00,0,0
vda,20.00,0.00,0.09,0,0
vda,2.60,0.00,0.01,0,0
vda,19.20,4.29,0.02,21,0
vda,2.60,0.00,0.01,0,0
vda,3.40,0.00,0.01,0,0
vda,6.60,0.00,0.03,0,0
vda,9.40,0.00,0.04,0,0
vda,20.20,0.00,0.42,0,2
vda,12.20,0.00,0.60,0,3
vda,6.00,0.00,0.03,0,0
vda,6.80,0.00,0.03,0,0
vda,0.00,0.00,0.00,0,0
vda,0.80,0.00,0.00,0,0
vda,1.80,0.00,0.01,0,0
vda,7.40,0.00,0.04,0,0
vda,8.60,0.00,0.03,0,0
vda,0.60,0.00,0.00,0,0
vda,0.00,0.00,0.00,0,0
vda,0.80,0.00,0.00,0,0
