vda,1.20,0.00,0.01,0,0
vda,26.00,0.00,0.12,0,0
vda,2.80,0.00,0.01,0,0
vda,1.80,0.00,0.01,0,0
vda,3.80,0.00,0.02,0,0
vda,2.60,0.00,0.01,0,0
vda,1.80,0.00,0.01,0,0
vda,2.40,0.00,0.01,0,0
vda,3.80,0.00,0.02,0,0
vda,3.00,0.00,0.01,0,0
vda,2.40,0.00,0.01,0,0
vda,1.80,0.00,0.01,0,0
vda,320.40,3.97,0.01,19,0
vda,326.20,3.67,0.02,18,0
vda,256.60,7.45,0.03,37,0
vda,157.00,2.89,0.07,14,0
vda,8.40,0.04,0.02,0,0
vda,10.40,0.00,0.04,0,0
vda,7.40,0.00,0.03,0,0
vda,14.80,0.00,0.07,0,0
vda,16.40,0.00,0.12,0,0
vda,5.40,0.00,0.02,0,0
vda,6.80,0.09,0.03,0,0
vda,9.20,0.00,0.08,0,0
vda,0.00,0.00,0.00,0,0
vda,1.80,0.00,0.01,0,0
vda,2.40,0.00,0.01,0,0
vda,2.20,0.00,0.01,0,0
vda,0.00,0.00,0.00,0,0
vda,4.80,0.00,0.02,0,0
vda,5.00,0.00,0.02,0,0
vda,2.00,0.00,0.01,0,0
