vda,0.60,0.00,0.00,0,0
vda,1.00,0.00,0.00,0,0
vda,27.00,0.27,0.00,1,0
vda,4.40,0.07,0.02,0,0
vda,1.40,0.00,0.01,0,0
vda,1.80,0.00,0.01,0,0
vda,14.20,0.00,0.06,0,0
vda,381.20,4.63,0.02,23,0
vda,181.40,1.99,0.01,9,0
vda,328.80,4.55,0.03,22,0
vda,161.00,1.49,0.00,7,0
vda,13.60,0.09,0.06,0,0
vda,15.60,0.03,0.06,0,0
vda,2.40,0.00,0.01,0,0
vda,1.00,0.00,0.00,0,0
vda,13.40,0.00,0.06,0,0
vda,3.60,0.00,0.02,0,0
vda,1.00,0.00,0.00,0,0
vda,1.80,0.00,0.01,0,0
vda,1.00,0.00,0.00,0,0
vda,0.00,0.00,0.00,0,0
vda,13.60,0.00,0.07,0,0
vda,1.60,0.00,0.01,0,0
vda,0.00,0.00,0.00,0,0
vda,2.00,0.00,0.01,0,0
vda,1.20,0.00,0.00,0,0
