vda,0.60,0.00,0.00,0,0
vda,1.40,0.00,0.01,0,0
vda,0.80,0.00,0.00,0,0
vda,0.00,0.00,0.00,0,0
vda,0.60,0.00,0.00,0,0
vda,0.80,0.00,0.01,0,0
vda,28.40,0.00,0.12,0,0
vda,211.40,2.51,0.01,12,0
vda,373.20,4.37,0.01,21,0
vda,332.60,6.94,0.02,34,0
vda,68.20,1.43,0.01,7,0
vda,86.60,0.65,0.04,3,0
vda,7.80,0.00,0.03,0,0
vda,7.40,0.09,0.04,0,0
vda,7.40,0.00,0.06,0,0
vda,8.20,0.00,0.03,0,0
vda,1.20,0.00,0.00,0,0
vda,0.60,0.00,0.01,0,0
vda,2.60,0.01,0.01,0,0
vda,0.80,0.00,0.00,0,0
vda,0.20,0.00,0.00,0,0
vda,1.80,0.00,0.01,0,0
