vda,26.80,0.00,0.12,0,0
vda,2.20,0.00,0.01,0,0
vda,3.00,0.00,0.01,0,0
vda,2.00,0.00,0.01,0,0
vda,1.80,0.00,0.01,0,0
vda,3.00,0.00,0.01,0,0
vda,2.60,0.00,0.01,0,0
vda,3.00,0.00,0.01,0,0
vda,9.00,0.00,0.04,0,0
vda,1.80,0.00,0.01,0,0
vda,0.00,0.00,0.00,0,0
vda,3.60,0.00,0.02,0,0
vda,348.40,4.27,0.01,21,0
vda,170.80,1.94,0.02,9,0
vda,376.60,4.82,0.04,24,0
vda,6.00,0.02,0.01,0,0
vda,154.40,1.32,0.16,6,0
vda,6.60,0.00,0.03,0,0
vda,11.80,0.00,0.05,0,0
vda,9.00,0.00,0.04,0,0
vda,8.20,0.09,0.04,0,0
vda,0.00,0.00,0.00,0,0
vda,4.40,0.00,0.02,0,0
vda,7.00,0.00,0.06,0,0
vda,1.80,0.00,0.01,0,0
vda,9.00,0.00,0.04,0,0
vda,1.80,0.00,0.01,0,0
vda,0.20,0.00,0.00,0,0
vda,4.40,0.00,0.02,0,0
vda,2.40,0.00,0.01,0,0
