2227592.0,1078524.0,34249.333333
2172540.0,1078584.0,34276.0
2172540.0,1078584.0,34276.0
1387916.0,1078770.6667,34300.0
995604.0,1078864.0,34312.0
995604.0,1078864.0,34312.0
919574.66667,1099760.0,34333.333333
881560.0,1110208.0,34344.0
917128.0,1116613.6,34372.8
940840.0,1120884.0,34392.0
940840.0,1120884.0,34392.0
929204.8,1132384.8,34417.6
919024.0,1142448.0,34440.0
919024.0,1142448.0,34440.0
922919.46667,1137127.4667,34472.0
926328.0,1132472.0,34500.0
853598.93333,1127474.9333,34526.133333
770480.0,1121764.0,34556.0
770480.0,1121764.0,34556.0
757937.6,1134647.2,34577.6
749576.0,1143236.0,34592.0
749576.0,1143236.0,34592.0
1701171.2,1104504.8,34604.0
