vda,1.20,0.00,0.00,0,0
vda,2.40,0.00,0.01,0,0
vda,1.00,0.00,0.00,0,0
vda,0.00,0.00,0.00,0,0
vda,0.80,0.00,0.00,0,0
vda,0.00,0.00,0.00,0,0
vda,23.40,0.00,0.10,0,0
vda,5.40,0.00,0.03,0,0
vda,5.00,0.00,0.02,0,0
vda,3.40,0.00,0.01,0,0
vda,10.20,0.00,0.04,0,0
vda,9.20,0.00,0.04,0,0
vda,11.40,0.00,0.04,0,0
vda,1.20,0.00,0.02,0,0
vda,15.60,0.00,0.10,0,0
vda,1.20,0.00,0.00,0,0
vda,0.00,0.00,0.00,0,0
vda,2.20,0.00,0.01,0,0
vda,9.20,0.00,0.04,0,0
vda,1.40,0.00,0.01,0,0
vda,0.80,0.00,0.00,0,0
vda,0.00,0.00,0.00,0,0
