3465556.0,62052.0,4716.0
2774304.8,155551.73333,5204.5333333
2169460.0,237364.0,5632.0
2169460.0,237364.0,5632.0
806348.0,717454.66667,5538.6666667
124792.0,957500.0,5492.0
124792.0,957500.0,5492.0
129293.33333,461004.0,5604.0
131544.0,212756.0,5660.0
126392.0,188761.33333,3382.6666667
123816.0,176764.0,2244.0
123816.0,176764.0,2244.0
154392.0,197340.0,2790.6666667
169680.0,207628.0,3064.0
169680.0,207628.0,3064.0
127240.0,217118.66667,3450.6666667
106020.0,221864.0,3644.0
132531.46667,204803.73333,2068.8
142172.0,198600.0,1496.0
142172.0,198600.0,1496.0
127414.66667,204973.33333,1722.6666667
120036.0,208160.0,1836.0
120036.0,208160.0,1836.0
109543.46667,209946.4,1181.8666667
105728.0,210596.0,944.0
123644.8,207615.73333,1081.8666667
130160.0,206532.0,1132.0
130160.0,206532.0,1132.0
2147919.2,103850.4,1801.6
