vda,28.80,0.27,0.01,1,0
vda,28.60,0.07,0.13,0,0
vda,3.00,0.00,0.01,0,0
vda,1.80,0.00,0.01,0,0
vda,1.80,0.00,0.01,0,0
vda,1.80,0.00,0.01,0,0
vda,3.00,0.00,0.02,0,0
vda,0.00,0.00,0.00,0,0
vda,2.00,0.00,0.01,0,0
vda,3.20,0.00,0.01,0,0
vda,2.40,0.00,0.01,0,0
vda,2.20,0.00,0.01,0,0
vda,331.40,4.11,0.03,20,0
vda,198.80,2.17,0.01,10,0
vda,334.00,4.46,0.02,22,0
vda,170.20,1.68,0.02,8,0
vda,23.00,0.00,0.10,0,0
vda,13.80,0.00,0.05,0,0
vda,11.20,0.09,0.06,0,0
vda,6.00,0.00,0.02,0,0
vda,3.60,0.00,0.01,0,0
vda,15.40,0.00,0.11,0,0
vda,2.20,0.00,0.01,0,0
vda,1.80,0.00,0.01,0,0
vda,26.40,0.19,0.08,0,0
vda,0.00,0.00,0.00,0,0
vda,2.00,0.00,0.01,0,0
vda,1.80,0.00,0.01,0,0
