vda,3.40,0.00,0.01,0,0
vda,1.20,0.00,0.00,0,0
vda,34.00,0.06,0.12,0,0
vda,17.60,0.12,0.00,0,0
vda,1.40,0.00,0.01,0,0
vda,11.60,0.00,0.05,0,0
vda,0.00,0.00,0.00,0,0
vda,363.20,4.53,0.00,22,0
vda,341.00,4.51,0.01,22,0
vda,190.20,8.42,0.03,42,0
vda,8.80,1.64,0.01,8,0
vda,142.20,2.90,0.01,14,0
vda,10.20,0.03,0.04,0,0
vda,11.60,0.00,0.06,0,0
vda,7.20,0.00,0.03,0,0
vda,19.80,0.09,0.13,0,0
vda,5.80,0.00,0.02,0,0
vda,0.40,0.00,0.01,0,0
vda,1.00,0.00,0.00,0,0
vda,8.40,0.00,0.07,0,0
vda,1.00,0.00,0.00,0,0
vda,0.00,0.00,0.00,0,0
vda,0.80,0.00,0.00,0,0
vda,1.40,0.00,0.01,0,0
vda,1.00,0.00,0.00,0,0
