vda,0.40,0.00,0.00,0,0
vda,20.60,0.00,0.10,0,0
vda,1.80,0.00,0.01,0,0
vda,30.60,0.27,0.02,1,0
vda,6.60,0.07,0.02,0,0
vda,9.60,0.00,0.04,0,0
vda,2.60,0.00,0.01,0,0
vda,2.00,0.00,0.01,0,0
vda,4.60,0.00,0.02,0,0
vda,0.00,0.00,0.00,0,0
vda,2.00,0.00,0.01,0,0
vda,4.00,0.00,0.02,0,0
vda,356.60,4.31,0.02,21,0
vda,380.40,5.12,0.00,25,0
vda,187.40,8.09,0.15,40,0
vda,140.60,1.28,0.02,6,0
vda,8.40,0.04,0.02,0,0
vda,10.60,0.00,0.04,0,0
vda,7.00,0.00,0.03,0,0
vda,9.00,0.00,0.04,0,0
vda,9.20,0.00,0.04,0,0
vda,5.40,0.00,0.09,0,0
vda,7.20,0.09,0.02,0,0
vda,2.40,0.00,0.01,0,0
vda,2.00,0.00,0.01,0,0
vda,1.80,0.00,0.01,0,0
vda,2.80,0.00,0.01,0,0
vda,2.00,0.00,0.01,0,0
vda,7.00,0.00,0.03,0,0
vda,9.20,0.00,0.04,0,0
vda,1.80,0.00,0.01,0,0
