vda,0.20,0.00,0.00,0,0
vda,1.60,0.00,0.01,0,0
vda,18.80,0.00,0.09,0,0
vda,2.20,0.00,0.01,0,0
vda,1.60,0.00,0.01,0,0
vda,1.00,0.00,0.00,0,0
vda,0.00,0.00,0.00,0,0
vda,0.60,0.00,0.00,0,0
vda,5.00,0.00,0.02,0,0
vda,17.80,0.00,0.08,0,0
vda,2.40,0.00,0.01,0,0
vda,0.00,0.00,0.00,0,0
vda,0.80,0.00,0.00,0,0
vda,3.60,0.00,0.02,0,0
vda,1.00,0.00,0.06,0,0
vda,2.60,0.00,0.01,0,0
vda,1.00,0.00,0.00,0,0
vda,2.00,0.00,0.01,0,0
vda,2.40,0.00,0.01,0,0
vda,10.00,0.00,0.04,0,0
vda,4.60,0.00,0.02,0,0
vda,4.20,0.00,0.02,0,0
vda,3.00,0.00,0.01,0,0
vda,4.00,0.00,0.02,0,0
vda,7.40,0.00,0.05,0,0
vda,3.80,0.00,0.02,0,0
vda,4.00,0.00,0.02,0,0
vda,5.00,0.00,2.27,0,11
vda,3.20,0.00,0.01,0,0
vda,0.00,0.00,0.00,0,0
vda,17.20,0.00,1.59,0,7
vda,10.00,0.00,0.84,0,4
vda,3.40,0.00,0.02,0,0
vda,3.00,0.00,0.01,0,0
vda,4.40,0.00,0.02,0,0
vda,2.40,0.00,0.01,0,0
vda,18.80,0.00,0.07,0,0
vda,4.60,0.00,0.02,0,0
vda,7.80,0.00,0.05,0,0
vda,1.60,0.00,0.01,0,0
vda,3.60,0.00,0.01,0,0
vda,0.00,0.00,0.00,0,0
vda,5.40,0.00,0.02,0,0
vda,8.80,0.00,2.34,0,11
vda,1.00,0.00,0.01,0,0
vda,6.40,0.00,0.03,0,0
vda,3.80,0.00,0.01,0,0
vda,3.20,0.00,0.01,0,0
vda,7.40,0.00,0.03,0,0
vda,5.20,0.00,0.02,0,0
vda,3.80,0.00,0.02,0,0
vda,7.80,0.00,0.04,0,0
vda,5.40,0.00,0.03,0,0
vda,0.00,0.00,0.00,0,0
vda,0.80,0.00,0.00,0,0
vda,7.60,0.00,0.03,0,0
vda,0.20,0.00,0.00,0,0
vda,8.60,0.00,0.04,0,0
vda,1.80,0.00,0.01,0,0
vda,4.80,0.00,0.03,0,0
vda,3.20,0.00,0.01,0,0
vda,1.00,0.00,0.00,0,0
vda,0.20,0.00,0.00,0,0
