vda,2.20,0.00,0.01,0,0
vda,0.80,0.00,0.00,0,0
vda,0.00,0.00,0.00,0,0
vda,1.40,0.00,0.01,0,0
vda,22.00,0.00,0.10,0,0
vda,0.60,0.00,0.00,0,0
vda,2.00,0.00,0.01,0,0
vda,15.80,0.00,0.07,0,0
vda,5.00,0.00,0.02,0,0
vda,4.00,0.00,0.07,0,0
vda,3.60,0.00,0.01,0,0
vda,7.40,2.16,0.00,10,0
vda,17.00,4.24,0.02,21,0
vda,1.00,0.00,0.00,0,0
vda,2.00,0.00,0.02,0,0
vda,1.00,0.00,0.00,0,0
vda,2.80,0.00,0.01,0,0
vda,6.78,0.00,0.03,0,0
vda,5.60,0.00,0.02,0,0
vda,4.60,0.00,0.02,0,0
vda,4.20,0.00,0.02,0,0
vda,6.00,0.00,0.03,0,0
vda,6.00,0.00,0.02,0,0
vda,25.49,0.00,0.15,0,0
vda,4.80,0.00,0.02,0,0
vda,4.00,0.00,0.02,0,0
vda,12.80,0.00,0.97,0,4
vda,9.40,0.00,0.50,0,2
vda,1.00,0.00,0.00,0,0
vda,0.00,0.00,0.00,0,0
vda,0.60,0.00,0.00,0,0
vda,14.00,0.00,0.07,0,0
vda,1.40,0.00,0.01,0,0
vda,0.00,0.00,0.00,0,0
vda,0.80,0.00,0.00,0,0
vda,0.00,0.00,0.00,0,0
