vda,33.60,0.34,0.02,1,0
vda,25.40,0.00,0.11,0,0
vda,3.00,0.00,0.01,0,0
vda,1.80,0.00,0.01,0,0
vda,1.80,0.00,0.01,0,0
vda,2.00,0.00,0.01,0,0
vda,2.80,0.00,0.01,0,0
vda,2.40,0.00,0.01,0,0
vda,3.60,0.00,0.01,0,0
vda,1.80,0.00,0.01,0,0
vda,4.00,0.00,0.02,0,0
vda,2.00,0.00,0.01,0,0
vda,262.00,3.28,0.01,16,0
vda,299.40,3.43,0.02,17,0
vda,341.00,9.81,0.02,49,0
vda,161.00,1.39,0.04,6,0
vda,7.40,0.03,0.02,0,0
vda,31.40,0.09,0.31,0,1
vda,7.60,0.00,0.03,0,0
vda,3.00,0.00,0.01,0,0
vda,9.80,0.00,0.04,0,0
vda,0.00,0.00,0.00,0,0
vda,7.40,0.00,0.04,0,0
vda,2.40,0.00,0.01,0,0
vda,0.00,0.00,0.00,0,0
vda,2.00,0.00,0.01,0,0
vda,1.80,0.00,0.01,0,0
