vda,0.20,0.00,0.00,0,0
vda,2.00,0.00,0.01,0,0
vda,0.60,0.00,0.00,0,0
vda,0.60,0.00,0.00,0,0
vda,0.80,0.00,0.01,0,0
vda,1.00,0.00,0.00,0,0
vda,23.40,0.00,0.11,0,0
vda,29.40,0.49,0.01,2,0
vda,58.60,14.43,0.04,72,0
vda,54.00,20.16,0.00,100,0
vda,48.20,17.66,0.02,88,0
vda,69.40,26.61,0.00,133,0
vda,65.80,24.20,0.01,121,0
vda,65.80,24.20,0.01,121,0
vda,69.60,22.10,0.06,110,0
vda,54.60,16.35,0.10,81,0
vda,65.80,23.88,0.02,119,0
vda,51.40,18.11,0.02,90,0
vda,0.00,0.00,0.00,0,0
vda,6.80,0.11,0.01,0,0
vda,53.60,0.58,0.02,2,0
vda,8.60,0.01,0.04,0,0
vda,4.20,0.01,0.02,0,0
vda,2.60,0.00,0.01,0,0
vda,16.80,0.00,3.27,0,16
vda,8.00,0.00,4.83,0,24
vda,11.20,0.00,8.66,0,43
vda,2.00,0.03,0.00,0,0
vda,2.00,0.00,0.01,0,0
vda,24.40,0.00,8.89,0,44
vda,10.20,0.00,7.87,0,39
vda,4.20,0.00,0.02,0,0
vda,0.00,0.00,0.00,0,0
vda,4.60,0.00,0.02,0,0
vda,0.00,0.00,0.00,0,0
vda,1.80,0.00,0.01,0,0
vda,7.60,0.03,0.02,0,0
vda,3.80,0.00,0.01,0,0
vda,13.20,0.00,0.05,0,0
vda,7.40,0.00,0.03,0,0
vda,2.80,0.00,0.01,0,0
vda,17.00,0.00,4.08,0,20
vda,8.80,0.00,4.83,0,24
vda,4.40,0.00,7.83,0,39
vda,3.60,0.00,0.01,0,0
vda,9.40,0.00,0.84,0,4
vda,4.40,0.00,13.15,0,65
vda,8.60,0.01,0.03,0,0
vda,17.20,0.00,4.07,0,20
vda,6.00,0.00,9.78,0,48
vda,1.80,0.00,0.01,0,0
vda,0.00,0.00,0.00,0,0
vda,0.60,0.00,0.00,0,0
vda,1.40,0.00,0.01,0,0
vda,2.20,0.00,0.01,0,0
vda,5.20,0.00,0.03,0,0
vda,3.80,0.00,0.01,0,0
vda,4.20,0.00,0.02,0,0
vda,20.00,0.00,9.00,0,44
vda,8.80,0.00,7.73,0,38
vda,3.60,0.00,0.01,0,0
vda,2.80,0.00,0.01,0,0
vda,12.60,0.00,9.04,0,45
vda,9.20,0.00,7.67,0,38
vda,3.60,0.00,0.01,0,0
vda,2.80,0.00,0.01,0,0
vda,2.00,0.02,0.01,0,0
vda,1.00,0.00,0.00,0,0
vda,16.80,0.00,3.27,0,16
vda,6.80,0.00,7.89,0,39
vda,11.20,0.00,0.04,0,0
vda,0.00,0.00,0.00,0,0
vda,2.80,0.00,0.01,0,0
vda,0.00,0.00,0.00,0,0
vda,20.40,0.00,8.09,0,40
vda,9.60,0.00,8.65,0,43
vda,5.60,0.03,0.02,0,0
vda,3.40,0.00,0.01,0,0
vda,17.80,0.00,8.79,0,43
vda,7.40,0.00,7.95,0,39
vda,3.20,0.00,0.01,0,0
vda,2.60,0.00,0.01,0,0
vda,0.00,0.00,0.00,0,0
vda,0.60,0.00,0.00,0,0
vda,1.00,0.00,0.01,0,0
vda,6.00,0.00,0.02,0,0
vda,8.80,0.00,5.43,0,27
vda,2.00,0.00,5.67,0,28
vda,3.40,0.00,0.01,0,0
vda,3.00,0.00,0.01,0,0
vda,22.60,0.00,8.71,0,43
vda,13.00,0.00,8.03,0,40
vda,3.80,0.00,0.01,0,0
vda,22.60,0.00,8.52,0,42
vda,16.80,0.01,8.20,0,41
vda,6.00,0.02,0.02,0,0
vda,24.00,0.00,0.10,0,0
vda,0.00,0.00,0.00,0,0
vda,0.60,0.00,0.00,0,0
vda,1.60,0.00,0.01,0,0
vda,3.00,0.00,0.01,0,0
vda,22.80,0.01,5.48,0,27
vda,11.20,0.00,5.67,0,28
vda,2.40,0.00,0.01,0,0
vda,2.80,0.00,0.01,0,0
vda,39.20,0.00,8.31,0,41
vda,8.80,0.05,8.46,0,42
vda,5.00,0.00,0.02,0,0
vda,2.60,0.00,0.01,0,0
vda,21.60,0.00,8.41,0,42
vda,7.40,0.00,8.33,0,41
vda,3.20,0.00,0.01,0,0
vda,2.60,0.00,0.01,0,0
vda,0.00,0.00,0.00,0,0
vda,29.20,0.76,0.01,3,0
vda,3.00,0.00,0.02,0,0
vda,3.60,0.00,0.01,0,0
vda,15.60,0.00,5.46,0,27
vda,2.00,0.00,5.67,0,28
vda,3.20,0.00,0.01,0,0
vda,37.20,0.00,3.94,0,19
vda,17.00,0.00,4.83,0,24
vda,15.00,0.00,8.04,0,40
vda,3.40,0.00,0.01,0,0
vda,23.80,0.01,8.88,0,44
vda,11.40,0.02,7.86,0,39
vda,3.60,0.00,0.01,0,0
vda,1.80,0.00,0.01,0,0
vda,2.80,0.00,0.01,0,0
vda,0.00,0.00,0.00,0,0
vda,1.60,0.00,0.01,0,0
vda,13.00,0.00,0.05,0,0
vda,4.80,0.00,5.42,0,27
vda,4.40,0.00,5.68,0,28
vda,4.00,0.01,0.01,0,0
vda,3.20,0.00,0.01,0,0
vda,3.80,0.00,0.02,0,0
vda,21.20,0.00,8.53,0,42
vda,12.80,0.00,8.20,0,41
vda,3.60,0.00,0.01,0,0
vda,2.40,0.00,0.01,0,0
vda,21.80,0.00,8.54,0,42
vda,15.20,0.00,8.16,0,40
vda,6.00,0.05,0.02,0,0
vda,3.00,0.00,0.01,0,0
vda,0.00,0.00,0.00,0,0
vda,0.60,0.00,0.00,0,0
vda,1.00,0.00,0.01,0,0
vda,6.20,0.00,0.03,0,0
vda,19.40,0.00,5.45,0,27
vda,24.00,0.00,5.73,0,28
vda,1.80,0.00,0.01,0,0
vda,2.80,0.00,0.01,0,0
vda,1.20,0.00,0.01,0,0
vda,44.20,0.00,8.79,0,43
vda,21.80,0.00,8.01,0,40
vda,3.20,0.00,0.01,0,0
vda,0.00,0.00,0.00,0,0
vda,26.00,0.00,8.88,0,44
vda,11.20,0.00,7.86,0,39
vda,3.60,0.00,0.01,0,0
vda,4.00,0.00,0.01,0,0
vda,0.00,0.00,0.00,0,0
vda,0.60,0.00,0.00,0,0
vda,19.20,0.00,3.28,0,16
vda,6.80,0.00,7.89,0,39
vda,0.80,0.00,0.00,0,0
vda,0.00,0.00,0.00,0,0
vda,0.80,0.00,0.00,0,0
vda,2.80,0.00,0.01,0,0
vda,16.80,0.00,3.27,0,16
vda,6.00,0.00,4.02,0,20
vda,14.80,0.00,9.46,0,47
vda,6.60,0.01,0.02,0,0
vda,3.20,0.00,0.01,0,0
vda,30.00,0.00,8.38,0,41
vda,18.20,0.00,8.35,0,41
vda,3.80,0.00,0.01,0,0
vda,0.00,0.00,0.00,0,0
vda,2.80,0.00,0.01,0,0
vda,0.00,0.00,0.00,0,0
vda,1.60,0.00,0.01,0,0
vda,11.60,0.00,0.05,0,0
vda,18.20,0.05,5.44,0,27
vda,7.80,0.00,0.03,0,0
vda,0.00,0.00,0.00,0,0
vda,0.60,0.00,0.00,0,0
vda,1.00,0.00,0.01,0,0
vda,1.20,0.00,0.00,0,0
vda,16.60,0.00,0.09,0,0
vda,1.40,0.00,0.01,0,0
vda,4.60,0.06,0.01,0,0
vda,1.00,0.00,0.00,0,0
vda,1.00,0.00,0.01,0,0
vda,1.20,0.00,0.00,0,0
vda,11.40,0.00,0.05,0,0
vda,1.60,0.02,0.00,0,0
vda,0.00,0.00,0.00,0,0
vda,0.80,0.00,0.00,0,0
vda,0.20,0.00,0.00,0,0
vda,5.40,0.00,0.02,0,0
vda,4.00,0.04,0.01,0,0
vda,0.40,0.00,0.00,0,0
vda,5.40,0.00,0.03,0,0
vda,0.00,0.00,0.00,0,0
vda,1.00,0.00,0.00,0,0
vda,0.60,0.00,0.00,0,0
vda,8.40,0.00,0.04,0,0
