vda,0.60,0.00,0.00,0,0
vda,23.60,0.00,0.11,0,0
vda,3.40,0.00,0.01,0,0
vda,29.60,0.24,0.01,1,0
vda,13.40,0.00,0.06,0,0
vda,2.20,0.00,0.01,0,0
vda,0.00,0.00,0.00,0,0
vda,1.80,0.00,0.01,0,0
vda,5.20,0.00,0.03,0,0
vda,2.40,0.00,0.01,0,0
vda,1.80,0.00,0.01,0,0
vda,1.80,0.00,0.01,0,0
vda,360.20,4.36,0.05,21,0
vda,388.80,5.16,0.02,25,0
vda,153.20,5.08,0.00,25,0
vda,156.20,1.33,0.14,6,0
vda,8.40,0.00,0.03,0,0
vda,15.00,0.09,0.06,0,0
vda,5.80,0.00,0.02,0,0
vda,1.80,0.00,0.01,0,0
vda,1.80,0.00,0.01,0,0
vda,0.80,0.00,0.01,0,0
vda,8.80,0.00,0.07,0,0
vda,1.80,0.00,0.01,0,0
vda,2.80,0.00,0.01,0,0
vda,2.60,0.00,0.01,0,0
vda,1.80,0.00,0.01,0,0
