2374828.0,913880.0,19232.0
2374828.0,913880.0,19232.0
869719.73333,1028642.6667,19444.8
762212.0,1036840.0,19460.0
762212.0,1036840.0,19460.0
352937.86667,1147021.8667,19519.733333
323704.0,1154892.0,19524.0
313116.26667,1213639.7333,19583.733333
312360.0,1217836.0,19588.0
312360.0,1217836.0,19588.0
292086.93333,1218272.8,19643.466667
288968.0,1218340.0,19652.0
288968.0,1218340.0,19652.0
224572.0,1281364.0,19728.0
224572.0,1281364.0,19728.0
159948.0,1344248.0,19796.0
159948.0,1344248.0,19796.0
159948.0,1344248.0,19796.0
133668.0,1369192.0,19852.0
133668.0,1369192.0,19852.0
149888.8,1352440.5333,19862.666667
255324.0,1243556.0,19932.0
246080.26667,1251954.9333,19943.2
185996.0,1306548.0,20016.0
185996.0,1306548.0,20016.0
181332.26667,1310745.0667,20020.533333
116040.0,1369504.0,20084.0
116040.0,1369504.0,20084.0
117152.0,1368350.9333,20102.4
132720.0,1352208.0,20360.0
1295619.2,1150836.2667,20396.266667
1295619.2,1150836.2667,20396.266667
2313156.0,974636.0,20428.0
