vda,0.20,0.00,0.00,0,0
vda,1.20,0.00,0.01,0,0
vda,0.80,0.00,0.00,0,0
vda,21.00,0.00,0.10,0,0
vda,0.00,0.00,0.00,0,0
vda,2.40,0.00,0.01,0,0
vda,1.20,0.00,0.00,0,0
vda,4.80,0.00,0.02,0,0
vda,4.00,0.00,0.02,0,0
vda,15.40,4.34,0.02,21,0
vda,8.00,0.11,0.01,0,0
vda,123.60,0.56,0.22,2,1
vda,22.60,0.03,0.09,0,0
vda,20.80,4.40,0.03,22,0
vda,14.80,0.00,0.12,0,0
vda,1.00,0.00,0.01,0,0
vda,0.80,0.00,0.00,0,0
vda,0.20,0.00,0.00,0,0
vda,6.60,0.00,0.03,0,0
vda,9.00,0.00,0.04,0,0
vda,6.20,0.00,0.03,0,0
vda,3.00,0.00,0.01,0,0
vda,3.00,0.00,0.01,0,0
vda,10.00,0.00,1.68,0,8
vda,5.20,0.00,0.02,0,0
vda,6.00,0.00,0.02,0,0
vda,0.20,0.00,0.00,0,0
vda,6.00,0.00,0.02,0,0
vda,17.20,0.00,0.07,0,0
vda,22.20,0.00,0.55,0,2
vda,4.20,0.00,3.76,0,18
vda,7.20,0.00,0.03,0,0
vda,12.60,0.00,0.05,0,0
vda,3.00,0.00,0.01,0,0
vda,5.80,0.00,0.02,0,0
vda,4.60,0.00,0.02,0,0
vda,7.20,0.00,0.03,0,0
vda,15.60,0.00,0.94,0,4
vda,7.40,0.00,1.27,0,6
vda,9.80,0.00,0.04,0,0
vda,0.00,0.00,0.00,0,0
vda,7.40,0.00,0.04,0,0
vda,3.20,0.00,0.01,0,0
vda,15.60,0.00,0.08,0,0
vda,0.80,0.00,0.00,0,0
vda,0.00,0.00,0.00,0,0
vda,0.60,0.00,0.00,0,0
vda,2.40,0.00,0.01,0,0
vda,1.40,0.00,0.01,0,0
vda,0.00,0.00,0.00,0,0
