vda,22.00,1.14,0.02,5,0
vda,14.20,0.76,0.01,3,0
vda,22.00,1.13,0.02,5,0
vda,12.00,0.76,0.00,3,0
vda,18.00,1.13,0.00,5,0
vda,11.60,0.76,0.00,3,0
vda,38.00,1.13,0.10,5,0
vda,16.20,0.76,0.02,3,0
vda,140.60,15.16,0.02,75,0
vda,116.00,13.22,0.00,66,0
vda,80.60,21.93,0.11,109,0
vda,298.60,21.72,0.02,108,0
vda,120.00,7.96,0.01,39,0
vda,90.80,27.51,0.01,137,0
vda,235.40,26.85,0.01,134,0
vda,82.00,26.73,0.00,133,0
vda,246.00,26.41,0.02,132,0
vda,31.80,1.13,0.07,5,0
vda,15.00,1.16,0.01,5,0
vda,22.80,1.13,0.02,5,0
vda,18.00,0.76,0.03,3,0
vda,21.80,1.13,0.02,5,0
vda,14.60,0.38,0.04,1,0
vda,8.80,0.00,0.03,0,0
vda,43.80,0.00,14.14,0,70
vda,22.80,0.00,4.87,0,24
vda,9.40,0.00,0.04,0,0
vda,8.00,0.00,0.03,0,0
vda,7.00,0.00,0.03,0,0
vda,6.40,0.00,0.03,0,0
vda,11.40,0.00,0.05,0,0
vda,19.00,0.00,2.52,0,12
vda,19.80,0.00,3.37,0,16
vda,13.20,0.00,3.93,0,19
vda,0.20,0.00,0.01,0,0
vda,21.00,0.76,0.04,3,0
vda,13.40,0.76,0.01,3,0
vda,12.60,0.76,0.00,3,0
vda,23.40,1.13,0.04,5,0
vda,13.00,0.76,0.01,3,0
vda,20.00,1.14,0.01,5,0
vda,13.20,0.76,0.01,3,0
vda,18.00,1.13,0.00,5,0
