vda,0.60,0.00,0.00,0,0
vda,32.20,0.34,0.01,1,0
vda,26.20,0.00,0.13,0,0
vda,0.20,0.00,0.00,0,0
vda,0.80,0.00,0.00,0,0
vda,0.00,0.00,0.00,0,0
vda,0.60,0.00,0.00,0,0
vda,398.00,4.86,0.00,24,0
vda,341.80,4.65,0.02,23,0
vda,166.80,7.99,0.04,39,0
vda,69.00,5.07,0.01,25,0
vda,95.20,0.73,0.09,3,0
vda,5.80,0.00,0.02,0,0
vda,4.60,0.00,0.02,0,0
vda,5.20,0.00,0.02,0,0
vda,3.60,0.00,0.01,0,0
vda,4.60,0.00,0.02,0,0
vda,4.60,0.00,0.03,0,0
vda,13.20,0.00,0.52,0,2
vda,4.40,0.00,0.02,0,0
vda,20.60,0.09,0.08,0,0
vda,0.00,0.00,0.00,0,0
vda,1.40,0.00,0.01,0,0
vda,2.00,0.00,0.01,0,0
vda,1.40,0.00,0.01,0,0
vda,7.20,0.00,0.06,0,0
vda,0.80,0.00,0.00,0,0
vda,8.00,0.00,0.03,0,0
vda,0.00,0.00,0.00,0,0
