5218492.0,2247224.0,8980.0
3878661.6,2355304.0,9261.6
3543704.0,2382324.0,9332.0
3543704.0,2382324.0,9332.0
1160833.6,3227453.6,9389.6
565116.0,3438736.0,9404.0
565116.0,3438736.0,9404.0
226216.8,3104118.4,9442.4
141492.0,3020464.0,9452.0
144967.2,2672467.2,9698.4
145836.0,2585468.0,9760.0
145836.0,2585468.0,9760.0
197471.2,2581176.8,9811.2
210380.0,2580104.0,9824.0
210380.0,2580104.0,9824.0
156538.66667,2621091.4667,9870.9333333
136960.0,2635996.0,9888.0
155427.2,2619768.8,9926.4
160044.0,2615712.0,9936.0
160044.0,2615712.0,9936.0
141064.0,2641649.6,11034.933333
138144.0,2645640.0,11204.0
138144.0,2645640.0,11204.0
700964.26667,2087444.2667,11221.333333
787552.0,2001568.0,11224.0
530900.26667,2254057.0667,11283.733333
512568.0,2272092.0,11288.0
512568.0,2272092.0,11288.0
5126885.0667,1749634.1333,11329.6
