vda,0.40,0.00,0.00,0,0
vda,2.80,0.00,0.01,0,0
vda,2.40,0.00,0.02,0,0
vda,20.60,0.00,0.09,0,0
vda,0.00,0.00,0.00,0,0
vda,5.00,0.00,0.02,0,0
vda,4.00,0.00,0.02,0,0
vda,466.20,5.54,0.07,27,0
vda,416.60,5.37,0.02,26,0
vda,19.20,0.13,0.01,0,0
vda,141.40,1.32,0.02,6,0
vda,10.80,0.00,0.04,0,0
vda,7.60,0.00,0.03,0,0
vda,10.20,0.00,0.05,0,0
vda,14.40,0.00,0.16,0,0
vda,1.60,0.00,0.01,0,0
vda,8.00,0.09,0.03,0,0
vda,1.80,0.00,0.01,0,0
vda,1.80,0.00,0.01,0,0
vda,2.60,0.00,0.01,0,0
vda,2.00,0.00,0.01,0,0
vda,14.00,0.00,0.07,0,0
vda,2.20,0.00,0.01,0,0
vda,1.80,0.00,0.01,0,0
vda,0.00,0.00,0.00,0,0
vda,12.80,0.00,0.06,0,0
vda,2.60,0.00,0.01,0,0
vda,4.00,0.00,0.02,0,0
vda,0.00,0.00,0.00,0,0
vda,2.00,0.00,0.01,0,0
