7541984.0,82492.0,7900.0
5669002.4,375164.8,8060.8
4420348.0,570280.0,8168.0
4420348.0,570280.0,8168.0
2944374.6667,1307128.0,8210.6666667
2206388.0,1675552.0,8232.0
2206388.0,1675552.0,8232.0
814846.93333,2483350.9333,8276.0
308832.0,2777096.0,8292.0
201082.66667,2270189.3333,4668.0
147208.0,2016736.0,2856.0
147208.0,2016736.0,2856.0
131077.33333,1688296.0,2893.3333333
123012.0,1524076.0,2912.0
123012.0,1524076.0,2912.0
172582.66667,1485636.0,2954.6666667
197368.0,1466416.0,2976.0
168733.33333,1386634.6667,3018.6666667
154416.0,1346744.0,3040.0
154416.0,1346744.0,3040.0
377618.4,1123200.8,3078.4
526420.0,974172.0,3104.0
526420.0,974172.0,3104.0
329425.6,1165917.6,3149.6
198096.0,1293748.0,3180.0
154269.33333,1298369.3333,3217.3333333
132356.0,1300680.0,3236.0
132356.0,1300680.0,3236.0
137240.0,1290880.8,3272.0
140496.0,1284348.0,3296.0
140496.0,1284348.0,3296.0
148838.4,1241647.2,3339.2
154400.0,1213180.0,3368.0
154400.0,1213180.0,3368.0
136096.0,1231498.6667,3432.5333333
129440.0,1238160.0,3456.0
133221.06667,1230436.5333,3708.2666667
134596.0,1227628.0,3800.0
134596.0,1227628.0,3800.0
413184.8,958821.6,3857.6
482832.0,891620.0,3872.0
482832.0,891620.0,3872.0
220524.8,1152148.0,3916.8
154948.0,1217280.0,3928.0
135850.4,1242211.2,3806.4
131076.0,1248444.0,3776.0
131076.0,1248444.0,3776.0
123626.13333,1256670.4,1893.6
122480.0,1257936.0,1604.0
122480.0,1257936.0,1604.0
1186542.1333,197430.66667,1891.7333333
1350244.0,34276.0,1936.0
1058860.2667,320487.46667,1991.4666667
1014032.0,364520.0,2000.0
1014032.0,364520.0,2000.0
750360.8,616362.93333,2048.5333333
709796.0,655108.0,2056.0
709796.0,655108.0,2056.0
478653.6,823440.8,2110.4
420868.0,865524.0,2124.0
183597.6,1096708.0,1880.8
124280.0,1154504.0,1820.0
124280.0,1154504.0,1820.0
136898.66667,1147761.3333,1875.4666667
138840.0,1146724.0,1884.0
138840.0,1146724.0,1884.0
139602.66667,1145580.0,1933.8666667
139880.0,1145164.0,1952.0
427723.2,863426.4,2003.2
499684.0,792992.0,2016.0
499684.0,792992.0,2016.0
404661.6,887069.86667,2068.8
370108.0,921280.0,2088.0
370108.0,921280.0,2088.0
179778.4,1107600.0,2132.8
132196.0,1154180.0,2144.0
166868.0,1130980.0,2195.2
175536.0,1125180.0,2208.0
175536.0,1125180.0,2208.0
5616206.4,325864.26667,2498.4
