vda,1.40,0.00,0.01,0,0
vda,24.00,0.00,0.11,0,0
vda,32.40,0.34,0.01,1,0
vda,2.00,0.00,0.01,0,0
vda,0.00,0.00,0.00,0,0
vda,1.80,0.00,0.01,0,0
vda,2.40,0.00,0.01,0,0
vda,423.20,5.20,0.02,26,0
vda,125.80,1.08,0.07,5,0
vda,358.80,4.76,0.02,23,0
vda,144.80,1.34,0.02,6,0
vda,9.40,0.00,0.04,0,0
vda,16.20,0.09,0.07,0,0
vda,7.40,0.00,0.03,0,0
vda,2.00,0.00,0.01,0,0
vda,0.20,0.00,0.00,0,0
vda,10.40,0.00,0.07,0,0
vda,9.00,0.00,0.04,0,0
vda,2.20,0.00,0.01,0,0
vda,2.40,0.00,0.01,0,0
vda,3.60,0.00,0.02,0,0
vda,17.00,0.00,0.07,0,0
vda,0.00,0.00,0.00,0,0
vda,4.00,0.00,0.02,0,0
vda,2.40,0.00,0.01,0,0
vda,2.20,0.00,0.01,0,0
vda,1.80,0.00,0.01,0,0
