vda,3.00,0.07,0.01,0,0
vda,28.40,0.00,0.12,0,0
vda,2.80,0.00,0.01,0,0
vda,1.80,0.00,0.01,0,0
vda,1.80,0.00,0.01,0,0
vda,4.40,0.00,0.02,0,0
vda,2.00,0.00,0.01,0,0
vda,0.00,0.00,0.00,0,0
vda,4.80,0.00,0.02,0,0
vda,2.40,0.00,0.01,0,0
vda,2.40,0.00,0.01,0,0
vda,11.40,0.00,0.05,0,0
vda,274.60,3.45,0.01,17,0
vda,316.80,3.80,0.02,18,0
vda,334.60,15.55,0.02,77,0
vda,14.00,3.05,0.01,15,0
vda,142.00,1.32,0.02,6,0
vda,8.20,0.00,0.04,0,0
vda,17.00,0.00,0.08,0,0
vda,10.00,0.00,0.05,0,0
vda,8.40,0.00,0.08,0,0
vda,8.80,0.00,0.03,0,0
vda,1.60,0.09,0.01,0,0
vda,7.80,0.00,0.03,0,0
vda,2.20,0.00,0.01,0,0
vda,16.20,0.00,0.11,0,0
vda,2.20,0.00,0.01,0,0
vda,1.80,0.00,0.01,0,0
vda,2.00,0.00,0.01,0,0
vda,1.80,0.00,0.01,0,0
vda,11.40,0.00,0.05,0,0
vda,2.40,0.00,0.01,0,0
