vda,28.80,0.27,0.01,1,0
vda,28.00,0.07,0.12,0,0
vda,2.20,0.00,0.01,0,0
vda,2.00,0.00,0.01,0,0
vda,1.80,0.00,0.01,0,0
vda,2.60,0.00,0.01,0,0
vda,2.20,0.00,0.01,0,0
vda,2.00,0.00,0.01,0,0
vda,0.00,0.00,0.00,0,0
vda,1.80,0.00,0.01,0,0
vda,2.40,0.00,0.01,0,0
vda,12.00,0.00,0.05,0,0
vda,371.20,4.53,0.01,22,0
vda,380.20,5.04,0.05,25,0
vda,147.60,2.85,0.02,14,0
vda,148.20,1.32,0.10,6,0
vda,10.00,0.00,0.04,0,0
vda,7.20,0.09,0.03,0,0
vda,3.60,0.00,0.01,0,0
vda,9.20,0.00,0.04,0,0
vda,1.80,0.00,0.01,0,0
vda,14.20,0.00,0.07,0,0
vda,2.40,0.00,0.01,0,0
vda,2.20,0.00,0.01,0,0
vda,4.80,0.00,0.03,0,0
vda,2.40,0.00,0.01,0,0
