vda,0.20,0.00,0.00,0,0
vda,3.00,0.00,0.01,0,0
vda,1.80,0.00,0.01,0,0
vda,19.20,0.00,0.10,0,0
vda,3.59,0.00,0.01,0,0
vda,0.00,0.00,0.00,0,0
vda,1.80,0.00,0.01,0,0
vda,2.00,0.00,0.01,0,0
vda,0.00,0.00,0.00,0,0
vda,5.00,0.00,0.02,0,0
vda,4.20,0.00,0.02,0,0
vda,0.00,0.00,0.00,0,0
vda,259.00,3.20,0.01,16,0
vda,271.40,3.08,0.02,15,0
vda,256.80,3.76,0.02,18,0
vda,247.80,2.34,0.06,11,0
vda,8.20,0.00,0.03,0,0
vda,24.40,0.09,0.14,0,0
vda,9.20,0.00,0.04,0,0
vda,2.00,0.00,0.01,0,0
vda,0.20,0.00,0.00,0,0
vda,2.80,0.00,0.01,0,0
vda,2.20,0.00,0.01,0,0
vda,1.80,0.00,0.01,0,0
vda,6.40,0.00,0.03,0,0
vda,9.20,0.00,0.04,0,0
vda,1.80,0.00,0.01,0,0
