vda,0.60,0.00,0.00,0,0
vda,0.80,0.00,0.00,0,0
vda,0.60,0.00,0.00,0,0
vda,0.00,0.00,0.00,0,0
vda,28.00,0.24,0.01,1,0
vda,1.80,0.00,0.01,0,0
vda,25.40,0.00,0.11,0,0
vda,0.00,0.00,0.00,0,0
vda,0.60,0.00,0.00,0,0
vda,0.00,0.00,0.00,0,0
vda,1.40,0.00,0.01,0,0
vda,1.00,0.00,0.00,0,0
vda,253.80,3.15,0.01,15,0
vda,274.40,3.09,0.02,15,0
vda,230.00,3.34,0.02,16,0
vda,275.20,2.77,0.02,13,0
vda,12.00,0.05,0.03,0,0
vda,11.00,0.00,0.04,0,0
vda,7.80,0.09,0.04,0,0
vda,0.40,0.00,0.00,0,0
vda,9.60,0.00,0.05,0,0
vda,9.00,0.00,0.04,0,0
vda,0.80,0.00,0.01,0,0
vda,1.00,0.00,0.00,0,0
vda,2.00,0.00,0.01,0,0
vda,1.00,0.00,0.00,0,0
vda,0.00,0.00,0.00,0,0
