vda,34.80,0.00,0.17,0,0
vda,16.00,0.00,0.26,0,1
vda,2.60,0.00,0.01,0,0
vda,0.40,0.00,0.00,0,0
vda,24.20,0.00,0.13,0,0
vda,113.20,0.00,0.44,0,2
vda,0.60,0.00,0.00,0,0
vda,4.40,0.00,0.02,0,0
vda,12.00,0.00,0.05,0,0
vda,206.80,0.01,0.90,0,4
vda,3.60,0.00,0.01,0,0
vda,9.80,1.22,0.02,6,0
vda,3.60,0.81,0.00,4,0
vda,12.80,0.01,0.24,0,1
vda,3.60,0.00,0.01,0,0
vda,6.20,0.42,0.03,2,0
vda,40.60,0.00,0.16,0,0
vda,96.80,0.40,0.40,2,1
vda,2.40,0.00,0.01,0,0
vda,8.80,0.00,0.03,0,0
vda,0.60,0.00,0.00,0,0
vda,11.60,0.00,0.11,0,0
vda,2.80,0.00,0.01,0,0
vda,22.20,0.00,0.09,0,0
vda,5.20,0.00,0.04,0,0
vda,94.20,0.00,0.37,0,1
vda,93.40,0.00,0.56,0,2
vda,4.40,0.00,0.03,0,0
vda,6.20,0.00,0.02,0,0
vda,1.40,0.00,0.01,0,0
vda,141.40,0.00,0.60,0,2
vda,5.80,0.00,0.02,0,0
vda,2.60,0.00,0.01,0,0
vda,3.40,0.00,0.01,0,0
vda,275.40,0.00,1.11,0,5
vda,0.20,0.00,0.00,0,0
vda,3.40,0.00,0.01,0,0
vda,5.79,0.00,0.02,0,0
vda,6.80,0.00,0.22,0,1
vda,3.60,0.00,0.01,0,0
vda,7.80,0.00,0.04,0,0
vda,19.40,0.00,0.11,0,0
vda,9.20,0.00,0.04,0,0
vda,172.40,0.00,0.67,0,3
vda,6.00,0.00,0.02,0,0
vda,2.80,0.00,0.01,0,0
vda,8.40,0.00,0.04,0,0
vda,4.00,0.00,0.02,0,0
vda,8.20,0.00,0.05,0,0
vda,24.60,0.00,0.10,0,0
vda,12.40,0.00,0.30,0,1
vda,4.60,0.00,0.02,0,0
vda,120.60,0.00,0.48,0,2
vda,1.80,0.00,0.01,0,0
vda,1.60,0.00,0.01,0,0
vda,12.40,0.00,0.07,0,0
vda,20.20,0.00,0.08,0,0
vda,1.60,0.00,0.01,0,0
vda,8.20,0.00,0.04,0,0
vda,1.80,0.00,0.01,0,0
vda,1.40,0.00,0.01,0,0
vda,177.60,0.00,0.70,0,3
vda,18.60,0.00,0.29,0,1
vda,6.40,0.00,0.03,0,0
vda,15.20,0.00,0.12,0,0
vda,6.20,0.00,0.02,0,0
vda,1.60,0.00,0.01,0,0
vda,141.80,0.00,0.58,0,2
vda,6.60,0.00,0.03,0,0
vda,1.80,0.00,0.01,0,0
vda,5.20,0.00,0.02,0,0
vda,0.00,0.00,0.00,0,0
vda,192.60,0.00,0.79,0,3
vda,3.00,0.00,0.01,0,0
vda,12.20,0.00,0.24,0,1
vda,3.00,0.00,0.01,0,0
vda,8.80,0.00,0.03,0,0
vda,25.80,0.00,0.13,0,0
vda,117.00,0.00,0.49,0,2
vda,2.80,0.00,0.01,0,0
vda,5.20,0.00,0.02,0,0
vda,0.80,0.00,0.00,0,0
vda,1.80,0.00,0.01,0,0
vda,198.20,0.00,0.80,0,4
vda,1.80,0.00,0.01,0,0
vda,7.40,0.00,0.03,0,0
vda,6.80,0.00,0.22,0,1
vda,3.20,0.00,0.01,0,0
vda,5.40,0.00,0.02,0,0
vda,4.00,0.00,0.02,0,0
vda,17.60,0.00,0.08,0,0
vda,176.60,0.00,0.69,0,3
vda,11.80,0.00,0.10,0,0
vda,1.80,0.00,0.01,0,0
vda,5.80,0.00,0.02,0,0
vda,4.40,0.00,0.02,0,0
vda,0.40,0.00,0.00,0,0
vda,145.60,0.00,0.59,0,2
vda,12.80,0.00,0.25,0,1
vda,3.00,0.00,0.01,0,0
vda,1.60,0.00,0.01,0,0
vda,5.80,0.00,0.02,0,0
vda,54.20,0.00,0.22,0,1
vda,80.60,0.00,0.34,0,1
vda,8.40,0.00,0.03,0,0
vda,6.60,0.00,0.03,0,0
vda,1.60,0.00,0.01,0,0
vda,5.20,0.00,0.02,0,0
vda,4.00,0.00,0.02,0,0
vda,76.40,0.00,0.30,0,1
vda,127.20,0.00,0.74,0,3
vda,12.40,0.00,0.05,0,0
vda,1.80,0.00,0.01,0,0
vda,5.19,0.00,0.02,0,0
vda,132.40,0.00,0.56,0,2
vda,2.60,0.00,0.01,0,0
vda,6.40,0.00,0.03,0,0
vda,2.00,0.00,0.01,0,0
vda,1.40,0.00,0.00,0,0
vda,77.00,0.00,0.31,0,1
vda,132.40,0.00,0.55,0,2
vda,2.00,0.00,0.01,0,0
vda,11.00,0.00,0.24,0,1
vda,3.60,0.00,0.01,0,0
vda,6.20,0.00,0.02,0,0
vda,142.40,0.00,0.59,0,2
vda,2.00,0.00,0.01,0,0
vda,0.00,0.00,0.00,0,0
vda,37.40,0.00,0.17,0,0
vda,161.00,0.00,0.65,0,3
vda,2.80,0.00,0.01,0,0
vda,5.20,0.00,0.02,0,0
vda,1.00,0.00,0.00,0,0
vda,139.00,0.00,0.60,0,2
vda,12.00,0.00,0.24,0,1
vda,3.80,0.00,0.01,0,0
vda,5.40,0.00,0.02,0,0
vda,131.20,0.00,0.54,0,2
vda,3.40,0.00,0.01,0,0
vda,0.40,0.00,0.00,0,0
vda,197.00,0.00,0.79,0,3
vda,1.40,0.00,0.01,0,0
vda,2.00,0.00,0.01,0,0
vda,5.40,0.00,0.02,0,0
vda,137.40,0.00,0.58,0,2
vda,3.60,0.00,0.01,0,0
vda,12.40,0.00,0.24,0,1
vda,5.40,0.00,0.02,0,0
vda,131.20,0.00,0.56,0,2
vda,6.40,0.00,0.03,0,0
vda,1.00,0.00,0.00,0,0
vda,263.00,0.00,1.04,0,5
vda,7.00,0.00,0.03,0,0
vda,3.40,0.00,0.01,0,0
vda,1.40,0.00,0.00,0,0
vda,141.00,0.00,0.57,0,2
vda,2.60,0.00,0.01,0,0
vda,5.80,0.00,0.02,0,0
vda,6.80,0.00,0.22,0,1
vda,3.60,0.00,0.01,0,0
vda,135.20,0.00,0.57,0,2
vda,2.00,0.00,0.01,0,0
vda,2.00,0.00,0.01,0,0
vda,1.60,0.00,0.00,0,0
vda,204.00,0.00,0.84,0,4
vda,3.00,0.00,0.01,0,0
vda,0.00,0.00,0.00,0,0
vda,5.00,0.00,0.02,0,0
vda,127.80,0.00,0.52,0,2
vda,1.60,0.00,0.01,0,0
vda,16.00,0.00,0.26,0,1
vda,1.80,0.00,0.01,0,0
vda,0.20,0.00,0.00,0,0
vda,143.00,0.00,0.59,0,2
vda,5.80,0.00,0.02,0,0
vda,5.60,0.00,0.02,0,0
vda,5.00,0.00,0.02,0,0
vda,0.00,0.00,0.00,0,0
vda,195.60,0.00,0.77,0,3
vda,7.40,0.00,0.03,0,0
vda,1.60,0.00,0.01,0,0
vda,0.00,0.00,0.00,0,0
vda,11.60,0.00,0.24,0,1
