vda,3.40,0.00,0.02,0,0
vda,22.60,0.00,0.11,0,0
vda,1.80,0.00,0.01,0,0
vda,4.00,0.00,0.01,0,0
vda,0.00,0.00,0.00,0,0
vda,1.80,0.00,0.01,0,0
vda,3.60,0.00,0.02,0,0
vda,4.00,0.00,0.02,0,0
vda,3.80,0.00,0.02,0,0
vda,0.00,0.00,0.00,0,0
vda,9.20,0.00,0.04,0,0
vda,1.80,0.00,0.01,0,0
vda,312.60,3.88,0.03,19,0
vda,206.20,2.32,0.01,11,0
vda,361.60,4.81,0.02,24,0
vda,145.40,1.33,0.02,6,0
vda,18.60,0.09,0.08,0,0
vda,7.20,0.00,0.03,0,0
vda,2.00,0.00,0.01,0,0
vda,12.00,0.00,0.08,0,0
vda,2.40,0.00,0.01,0,0
vda,2.00,0.00,0.01,0,0
vda,0.00,0.00,0.00,0,0
vda,1.80,0.00,0.01,0,0
vda,13.00,0.03,0.04,0,0
vda,2.20,0.00,0.01,0,0
