2959772.0,367940.0,2944.0
2792408.0,387696.0,3129.3333333
2457680.0,427208.0,3500.0
2457680.0,427208.0,3500.0
1802835.2,576873.6,3528.8
820568.0,801372.0,3572.0
820568.0,801372.0,3572.0
740185.6,823624.8,3594.4
619612.0,857004.0,3628.0
615880.8,852746.4,3653.6
610284.0,846360.0,3692.0
610284.0,846360.0,3692.0
597321.33333,857370.66667,3710.6666667
571396.0,879392.0,3748.0
571396.0,879392.0,3748.0
550316.0,897984.0,3773.3333333
508156.0,935168.0,3824.0
483951.2,956003.2,3841.0666667
417388.0,1013300.0,3888.0
417388.0,1013300.0,3888.0
451038.13333,977723.46667,3902.9333333
543576.0,879888.0,3944.0
543576.0,879888.0,3944.0
532028.8,891080.0,3961.6
485840.0,935848.0,4032.0
461157.33333,956628.8,4046.9333333
393280.0,1013776.0,4088.0
393280.0,1013776.0,4088.0
418473.6,978147.2,4104.0
519248.0,835632.0,4168.0
519248.0,835632.0,4168.0
514776.0,838672.0,4177.6
485708.0,858432.0,4240.0
475084.0,868824.0,4248.5333333
406028.0,936372.0,4304.0
406028.0,936372.0,4304.0
398176.8,946765.6,4312.5333333
347144.0,1014324.0,4368.0
361117.86667,1000214.1333,4372.8
556752.0,802676.0,4440.0
556752.0,802676.0,4440.0
553011.73333,806627.46667,4446.4
500648.0,861948.0,4536.0
500648.0,861948.0,4536.0
500648.0,861948.0,4536.0
500648.0,861948.0,4536.0
500648.0,861948.0,4536.0
2548864.0,780428.0,4660.0
