vda,0.60,0.00,0.00,0,0
vda,1.80,0.00,0.01,0,0
vda,0.60,0.00,0.00,0,0
vda,27.60,0.24,0.01,1,0
vda,2.00,0.00,0.01,0,0
vda,0.00,0.00,0.00,0,0
vda,19.20,0.00,0.08,0,0
vda,378.00,4.61,0.02,23,0
vda,142.80,1.62,0.01,8,0
vda,356.60,4.84,0.00,24,0
vda,15.80,0.11,0.02,0,0
vda,140.60,1.30,0.01,6,0
vda,5.40,0.03,0.01,0,0
vda,3.80,0.00,0.02,0,0
vda,13.60,0.00,0.06,0,0
vda,9.20,0.00,0.09,0,0
vda,5.80,0.00,0.02,0,0
vda,4.00,0.00,0.02,0,0
vda,8.80,0.00,0.03,0,0
vda,3.40,0.00,0.02,0,0
vda,12.40,0.00,0.06,0,0
vda,6.60,0.00,0.06,0,0
vda,0.40,0.00,0.00,0,0
vda,14.40,0.01,1.25,0,6
vda,1.40,0.00,0.01,0,0
vda,1.20,0.08,0.01,0,0
vda,6.00,0.00,0.02,0,0
vda,0.20,0.00,0.00,0,0
vda,7.20,0.00,0.04,0,0
vda,8.20,0.00,0.04,0,0
vda,0.80,0.00,0.00,0,0
vda,0.60,0.00,0.00,0,0
vda,1.40,0.00,0.01,0,0
vda,0.00,0.00,0.00,0,0
vda,4.60,0.00,0.02,0,0
vda,1.60,0.00,0.01,0,0
vda,2.60,0.00,0.01,0,0
vda,0.00,0.00,0.00,0,0
vda,0.60,0.00,0.00,0,0
