vda,6.39,0.00,0.02,0,0
vda,7.00,0.00,0.22,0,1
vda,4.00,0.00,0.02,0,0
vda,138.80,0.00,0.56,0,2
vda,1.40,0.00,0.01,0,0
vda,1.60,0.00,0.01,0,0
vda,5.40,0.00,0.02,0,0
vda,2.20,0.00,0.01,0,0
vda,0.00,0.00,0.00,0,0
vda,2.80,0.00,0.01,0,0
vda,202.80,0.00,0.81,0,4
vda,1.40,0.00,0.01,0,0
vda,18.20,0.01,0.07,0,0
vda,8.80,0.00,0.23,0,1
vda,3.20,0.00,0.01,0,0
vda,7.00,0.00,0.04,0,0
vda,4.00,0.00,0.02,0,0
vda,15.20,0.00,0.08,0,0
vda,273.40,0.00,1.09,0,5
vda,7.20,0.00,0.15,0,0
vda,0.00,0.00,0.00,0,0
vda,4.60,0.00,0.02,0,0
vda,5.80,0.00,0.02,0,0
vda,154.60,0.06,0.67,0,3
vda,7.00,0.00,0.03,0,0
vda,6.40,0.00,0.22,0,1
vda,3.00,0.00,0.01,0,0
vda,0.00,0.00,0.00,0,0
vda,5.20,0.00,0.02,0,0
vda,139.80,0.00,0.57,0,2
vda,0.20,0.00,0.00,0,0
