vda,1.20,0.00,0.01,0,0
vda,20.80,0.00,0.10,0,0
vda,2.40,0.00,0.01,0,0
vda,1.80,0.00,0.01,0,0
vda,4.20,0.00,0.02,0,0
vda,0.00,0.00,0.00,0,0
vda,1.80,0.00,0.01,0,0
vda,2.00,0.00,0.01,0,0
vda,11.40,0.00,0.05,0,0
vda,2.20,0.00,0.01,0,0
vda,10.60,0.00,0.05,0,0
vda,2.00,0.00,0.01,0,0
vda,290.40,3.64,0.00,18,0
vda,228.00,2.56,0.05,12,0
vda,363.00,4.74,0.02,23,0
vda,153.20,1.43,0.02,7,0
vda,12.60,0.09,0.04,0,0
vda,6.60,0.00,0.04,0,0
vda,2.40,0.00,0.01,0,0
vda,3.00,0.00,0.02,0,0
vda,6.80,0.00,0.04,0,0
vda,2.80,0.00,0.01,0,0
vda,1.80,0.00,0.01,0,0
vda,2.80,0.00,0.01,0,0
vda,8.80,0.00,0.04,0,0
vda,3.00,0.00,0.01,0,0
