vda,0.60,0.00,0.00,0,0
vda,1.00,0.00,0.00,0,0
vda,0.00,0.00,0.00,0,0
vda,0.60,0.00,0.00,0,0
vda,0.60,0.00,0.00,0,0
vda,18.40,0.12,0.01,0,0
vda,55.80,0.34,0.12,1,0
vda,273.00,3.42,0.01,17,0
vda,300.60,3.51,0.01,17,0
vda,325.40,11.32,0.02,56,0
vda,69.80,1.95,0.00,9,0
vda,79.80,0.63,0.03,3,0
vda,8.80,0.00,0.03,0,0
vda,18.00,0.00,0.11,0,0
vda,5.40,0.00,0.03,0,0
vda,5.60,0.00,0.07,0,0
vda,10.40,0.09,0.04,0,0
vda,2.00,0.00,0.01,0,0
vda,0.00,0.00,0.00,0,0
vda,0.80,0.00,0.00,0,0
vda,4.80,0.00,0.03,0,0
vda,0.60,0.00,0.00,0,0
vda,0.60,0.00,0.00,0,0
vda,9.40,0.00,0.04,0,0
vda,1.00,0.00,0.00,0,0
