vda,142.80,0.00,0.57,0,2
vda,0.20,0.00,0.00,0,0
vda,1.40,0.00,0.00,0,0
vda,196.60,0.00,0.77,0,3
vda,1.40,0.00,0.01,0,0
vda,0.00,0.00,0.00,0,0
vda,15.80,0.00,0.06,0,0
vda,0.00,0.00,0.00,0,0
vda,129.60,0.00,0.53,0,2
vda,10.80,0.00,0.24,0,1
vda,2.40,0.00,0.01,0,0
vda,1.20,0.00,0.00,0,0
vda,142.40,0.00,0.57,0,2
vda,8.00,0.00,0.03,0,0
vda,4.00,0.42,0.01,2,0
vda,5.80,0.00,0.02,0,0
vda,277.80,0.00,1.19,0,5
vda,10.20,0.00,0.04,0,0
vda,11.60,0.00,0.05,0,0
vda,0.00,0.00,0.00,0,0
vda,1.20,0.00,0.00,0,0
vda,11.00,0.00,0.24,0,1
vda,13.80,0.00,0.19,0,0
vda,4.40,0.00,0.01,0,0
vda,129.60,0.00,0.51,0,2
vda,1.40,0.00,0.01,0,0
vda,0.20,0.00,0.00,0,0
