vda,1.40,0.00,0.01,0,0
vda,28.80,0.00,0.12,0,0
vda,2.00,0.00,0.01,0,0
vda,2.00,0.00,0.01,0,0
vda,0.00,0.00,0.00,0,0
vda,31.40,0.24,0.02,1,0
vda,3.60,0.00,0.02,0,0
vda,428.60,5.35,0.00,26,0
vda,461.20,8.05,0.03,40,0
vda,82.00,20.45,0.02,102,0
vda,3.79,0.00,0.01,0,0
vda,179.60,11.95,0.05,59,0
vda,7.80,0.03,0.03,0,0
vda,7.20,0.00,0.04,0,0
vda,21.20,0.00,0.13,0,0
vda,17.40,0.00,0.08,0,0
vda,8.00,0.00,0.03,0,0
vda,0.00,0.00,0.00,0,0
vda,9.40,0.09,0.05,0,0
vda,7.20,0.00,0.03,0,0
vda,9.40,0.00,0.04,0,0
vda,2.20,0.00,0.01,0,0
vda,8.00,0.00,0.04,0,0
vda,3.00,0.00,0.01,0,0
vda,3.40,0.00,0.02,0,0
vda,0.00,0.00,0.00,0,0
vda,1.80,0.00,0.01,0,0
vda,2.20,0.00,0.01,0,0
vda,1.80,0.00,0.01,0,0
vda,11.20,0.00,0.05,0,0
vda,0.80,0.00,0.01,0,0
vda,2.20,0.00,0.01,0,0
