vda,3.20,0.00,0.01,0,0
vda,137.00,0.00,0.56,0,2
vda,1.60,0.00,0.01,0,0
vda,5.00,0.00,0.02,0,0
vda,189.80,0.00,0.76,0,3
vda,1.60,0.00,0.01,0,0
vda,5.20,0.00,0.02,0,0
vda,0.00,0.00,0.00,0,0
vda,127.35,0.00,0.51,0,2
vda,10.80,0.00,0.24,0,1
vda,4.00,0.00,0.02,0,0
vda,3.00,0.00,0.01,0,0
vda,147.00,0.00,0.59,0,2
vda,6.20,0.00,0.02,0,0
vda,6.00,0.00,0.02,0,0
vda,13.60,3.51,0.01,17,0
vda,202.20,0.00,0.89,0,4
vda,9.40,0.00,0.04,0,0
vda,0.00,0.00,0.00,0,0
vda,4.60,0.00,0.02,0,0
vda,6.00,0.00,0.02,0,0
vda,13.40,0.00,0.25,0,1
vda,7.40,0.00,0.04,0,0
vda,136.60,0.00,0.69,0,3
vda,9.60,0.00,0.09,0,0
vda,0.20,0.00,0.00,0,0
vda,7.20,0.00,0.03,0,0
vda,195.00,0.00,0.78,0,3
vda,2.40,0.00,0.01,0,0
vda,5.00,0.00,0.02,0,0
vda,0.00,0.00,0.00,0,0
