vda,21.80,0.00,0.10,0,0
vda,3.00,0.00,0.01,0,0
vda,42.60,0.34,0.06,1,0
vda,2.60,0.00,0.01,0,0
vda,8.40,0.00,0.04,0,0
vda,2.40,0.00,0.01,0,0
vda,2.20,0.00,0.01,0,0
vda,1.60,0.00,0.01,0,0
vda,2.40,0.00,0.01,0,0
vda,5.00,0.00,0.02,0,0
vda,2.40,0.00,0.01,0,0
vda,10.40,0.00,0.05,0,0
vda,302.60,3.71,0.02,18,0
vda,370.00,4.15,0.10,20,0
vda,257.20,9.89,0.02,49,0
vda,8.20,0.44,0.02,2,0
vda,140.20,1.24,0.02,6,0
vda,13.80,0.03,0.71,0,3
vda,6.20,0.00,0.02,0,0
vda,12.20,0.00,0.05,0,0
vda,0.00,0.00,0.00,0,0
vda,4.99,0.00,0.02,0,0
vda,6.80,0.00,0.03,0,0
vda,20.80,0.00,1.58,0,7
vda,6.60,0.00,0.03,0,0
vda,4.80,0.00,0.02,0,0
vda,8.60,0.09,0.03,0,0
vda,2.00,0.00,0.01,0,0
vda,1.80,0.00,0.01,0,0
vda,2.60,0.00,0.01,0,0
vda,6.80,0.00,0.03,0,0
vda,2.20,0.00,0.01,0,0
vda,11.80,0.00,0.05,0,0
vda,0.00,0.00,0.00,0,0
vda,2.60,0.00,0.01,0,0
