vda,0.40,0.00,0.00,0,0
vda,2.60,0.00,0.01,0,0
vda,1.80,0.00,0.01,0,0
vda,29.40,0.27,0.01,1,0
vda,5.00,0.07,0.02,0,0
vda,3.60,0.00,0.01,0,0
vda,26.00,0.00,0.11,0,0
vda,2.00,0.00,0.01,0,0
vda,1.80,0.00,0.01,0,0
vda,1.80,0.00,0.01,0,0
vda,3.00,0.00,0.01,0,0
vda,1.80,0.00,0.01,0,0
vda,373.20,4.48,0.02,22,0
vda,385.80,5.12,0.02,25,0
vda,201.40,22.37,0.02,111,0
vda,30.00,4.79,0.00,23,0
vda,13.20,0.16,0.02,0,0
vda,132.60,1.13,0.02,5,0
vda,5.20,0.01,0.02,0,0
vda,10.40,0.03,0.06,0,0
vda,5.40,0.00,0.07,0,0
vda,12.00,0.00,0.05,0,0
vda,5.20,0.00,0.02,0,0
vda,5.20,0.00,0.02,0,0
vda,7.20,0.00,1.56,0,7
vda,34.20,0.03,1.70,0,8
vda,9.40,0.00,0.08,0,0
vda,3.40,0.00,0.01,0,0
vda,0.80,0.00,0.01,0,0
vda,6.20,0.00,0.02,0,0
vda,4.20,0.00,0.02,0,0
vda,5.40,0.00,0.02,0,0
vda,2.00,0.00,1.56,0,7
vda,13.20,0.00,1.68,0,8
vda,14.60,0.00,0.06,0,0
vda,3.00,0.00,0.01,0,0
vda,4.00,0.00,0.02,0,0
vda,8.20,0.00,0.04,0,0
vda,2.00,0.00,0.01,0,0
vda,1.20,0.08,0.01,0,0
vda,17.40,0.00,0.09,0,0
vda,9.60,0.00,0.04,0,0
vda,2.00,0.00,0.01,0,0
vda,1.80,0.00,0.01,0,0
vda,0.00,0.00,0.00,0,0
vda,4.00,0.00,0.02,0,0
vda,4.40,0.00,0.02,0,0
vda,0.00,0.00,0.00,0,0
vda,4.00,0.00,0.02,0,0
