vda,32.40,0.34,0.01,1,0
vda,24.60,0.00,0.12,0,0
vda,1.80,0.00,0.01,0,0
vda,20.80,0.12,0.01,0,0
vda,0.00,0.00,0.00,0,0
vda,1.80,0.00,0.01,0,0
vda,3.60,0.00,0.02,0,0
vda,2.00,0.00,0.01,0,0
vda,3.00,0.00,0.01,0,0
vda,2.60,0.00,0.01,0,0
vda,13.20,0.00,0.06,0,0
vda,2.80,0.00,0.01,0,0
vda,283.60,3.45,0.02,17,0
vda,238.40,2.74,0.02,13,0
vda,351.40,4.70,0.02,23,0
vda,159.80,1.44,0.04,7,0
vda,14.40,0.00,0.05,0,0
vda,20.80,0.09,0.76,0,3
vda,0.00,0.00,0.00,0,0
vda,3.99,0.00,0.02,0,0
vda,9.00,0.00,0.04,0,0
vda,1.80,0.00,0.01,0,0
vda,1.80,0.00,0.01,0,0
vda,6.40,0.00,0.04,0,0
vda,3.20,0.00,0.01,0,0
vda,1.80,0.00,0.01,0,0
