vda,0.60,0.00,0.00,0,0
vda,1.60,0.00,0.01,0,0
vda,0.80,0.00,0.00,0,0
vda,0.00,0.00,0.00,0,0
vda,0.60,0.00,0.00,0,0
vda,0.80,0.00,0.01,0,0
vda,49.40,0.27,0.10,1,0
vda,275.60,3.51,0.01,17,0
vda,312.60,3.77,0.01,18,0
vda,324.60,14.45,0.02,72,0
vda,77.00,25.71,0.01,128,0
vda,15.00,4.04,0.02,20,0
vda,5.60,0.06,0.00,0,0
vda,145.40,1.22,0.07,6,0
vda,6.00,0.04,0.02,0,0
vda,5.80,0.00,0.07,0,0
vda,6.60,0.00,0.03,0,0
vda,5.20,0.00,0.02,0,0
vda,4.20,0.00,0.02,0,0
vda,2.80,0.00,0.01,0,0
vda,7.20,0.00,0.05,0,0
vda,2.00,0.00,0.97,0,4
vda,12.60,0.00,1.02,0,5
vda,6.00,0.00,1.00,0,5
vda,3.60,0.00,0.01,0,0
vda,6.00,0.00,1.00,0,5
vda,3.60,0.00,1.00,0,4
vda,14.00,0.00,0.06,0,0
vda,1.40,0.08,0.01,0,0
vda,6.40,0.00,0.03,0,0
vda,1.00,0.00,0.00,0,0
vda,8.40,0.00,0.03,0,0
vda,0.00,0.00,0.00,0,0
vda,0.60,0.00,0.00,0,0
vda,8.80,0.00,0.06,0,0
vda,2.80,0.00,0.01,0,0
vda,1.80,0.00,0.01,0,0
vda,0.00,0.00,0.00,0,0
