vda,28.20,0.27,0.01,1,0
vda,25.80,0.07,0.11,0,0
vda,2.00,0.00,0.01,0,0
vda,1.20,0.00,0.00,0,0
vda,0.00,0.00,0.00,0,0
vda,0.60,0.00,0.00,0,0
vda,1.00,0.00,0.01,0,0
vda,337.40,4.16,0.01,20,0
vda,328.20,3.77,0.03,18,0
vda,241.80,7.35,0.02,36,0
vda,142.00,1.32,0.01,6,0
vda,13.60,0.00,0.05,0,0
vda,15.80,0.00,0.07,0,0
vda,8.60,0.09,0.04,0,0
vda,0.00,0.00,0.00,0,0
vda,9.00,0.00,0.06,0,0
vda,1.20,0.00,0.00,0,0
vda,0.00,0.00,0.00,0,0
vda,8.00,0.00,0.04,0,0
vda,1.00,0.00,0.00,0,0
vda,0.20,0.00,0.00,0,0
vda,0.60,0.00,0.00,0,0
vda,3.60,0.00,0.01,0,0
vda,1.20,0.00,0.00,0,0
vda,0.40,0.00,0.00,0,0
vda,1.20,0.00,0.01,0,0
vda,1.00,0.00,0.00,0,0
