vda,0.00,0.00,0.00,0,0
vda,4.20,0.00,0.02,0,0
vda,5.40,0.00,0.02,0,0
vda,135.93,0.00,0.55,0,2
vda,0.60,0.00,0.00,0,0
vda,5.00,0.00,0.02,0,0
vda,1.00,0.00,0.00,0,0
vda,7.60,0.00,0.23,0,1
vda,7.20,0.00,0.03,0,0
vda,4.00,0.00,0.02,0,0
vda,22.80,0.00,0.09,0,0
vda,174.60,0.00,0.70,0,3
vda,14.80,0.00,0.06,0,0
vda,6.40,0.00,0.03,0,0
vda,8.00,0.00,0.03,0,0
vda,138.80,0.00,0.63,0,3
vda,0.40,0.00,0.00,0,0
vda,7.40,0.00,0.03,0,0
vda,4.40,0.00,0.02,0,0
vda,166.40,0.00,0.95,0,4
vda,53.40,0.00,0.21,0,1
vda,4.20,0.00,0.02,0,0
vda,3.00,0.00,0.01,0,0
vda,9.60,0.00,0.04,0,0
vda,147.00,0.00,0.72,0,3
vda,0.20,0.00,0.00,0,0
vda,6.60,0.00,0.05,0,0
vda,8.20,0.00,0.03,0,0
vda,142.40,0.00,0.58,0,2
vda,0.20,0.00,0.00,0,0
vda,6.40,0.00,0.03,0,0
vda,1.80,0.00,0.01,0,0
