vda,1.00,0.00,0.01,0,0
vda,28.20,0.00,0.13,0,0
vda,1.80,0.00,0.01,0,0
vda,0.00,0.00,0.00,0,0
vda,0.60,0.00,0.00,0,0
vda,0.00,0.00,0.00,0,0
vda,1.60,0.00,0.01,0,0
vda,2.20,0.00,0.01,0,0
vda,1.20,0.00,0.00,0,0
vda,1.80,0.00,0.01,0,0
vda,0.60,0.00,0.00,0,0
vda,0.00,0.00,0.00,0,0
vda,204.80,2.46,0.01,12,0
vda,324.80,3.77,0.05,18,0
vda,268.20,3.82,0.02,19,0
vda,235.40,2.29,0.01,11,0
vda,12.40,0.03,0.05,0,0
vda,15.40,0.00,0.06,0,0
vda,11.60,0.09,0.06,0,0
vda,7.00,0.00,0.03,0,0
vda,0.60,0.00,0.00,0,0
vda,1.20,0.00,0.00,0,0
vda,7.20,0.00,0.03,0,0
vda,8.20,0.00,0.08,0,0
vda,0.60,0.00,0.01,0,0
vda,1.00,0.00,0.00,0,0
vda,2.00,0.00,0.01,0,0
vda,1.20,0.00,0.00,0,0
