vda,31.00,0.00,0.14,0,0
vda,0.20,0.00,0.00,0,0
vda,2.00,0.00,0.01,0,0
vda,1.80,0.00,0.01,0,0
vda,1.80,0.00,0.01,0,0
vda,2.40,0.00,0.01,0,0
vda,3.60,0.00,0.02,0,0
vda,0.00,0.00,0.00,0,0
vda,3.20,0.00,0.01,0,0
vda,1.80,0.00,0.01,0,0
vda,1.80,0.00,0.01,0,0
vda,1.80,0.00,0.01,0,0
vda,313.20,3.78,0.04,18,0
vda,364.00,4.17,0.02,20,0
vda,263.00,19.98,0.02,99,0
vda,40.20,8.43,0.03,42,0
vda,141.60,1.28,0.02,6,0
vda,3.60,0.00,0.01,0,0
vda,2.80,0.04,0.00,0,0
vda,5.60,0.00,0.04,0,0
vda,4.00,0.00,0.06,0,0
vda,5.20,0.00,0.02,0,0
vda,8.60,0.00,0.05,0,0
vda,6.80,0.00,0.03,0,0
vda,11.00,0.00,0.04,0,0
vda,5.40,0.00,0.03,0,0
vda,7.40,0.00,0.03,0,0
vda,4.40,0.00,0.02,0,0
vda,6.80,0.00,0.03,0,0
vda,3.60,0.00,0.06,0,0
vda,3.40,0.00,0.01,0,0
vda,4.00,0.00,0.02,0,0
vda,4.40,0.00,0.02,0,0
vda,13.20,0.00,0.05,0,0
vda,0.80,0.00,0.01,0,0
vda,3.60,0.08,0.01,0,0
vda,10.00,0.00,0.04,0,0
vda,3.20,0.00,0.02,0,0
vda,2.20,0.00,0.01,0,0
vda,0.00,0.00,0.00,0,0
vda,2.00,0.00,0.01,0,0
vda,2.00,0.00,0.01,0,0
vda,9.40,0.00,0.04,0,0
vda,6.00,0.00,0.03,0,0
vda,2.60,0.00,0.01,0,0
