vda,1.40,0.00,0.01,0,0
vda,23.20,0.00,0.11,0,0
vda,2.20,0.00,0.01,0,0
vda,48.00,0.39,0.01,1,0
vda,3.60,0.07,0.01,0,0
vda,2.00,0.00,0.01,0,0
vda,15.60,0.00,0.07,0,0
vda,446.20,5.45,0.02,27,0
vda,448.80,8.96,0.02,44,0
vda,52.80,10.79,0.03,53,0
vda,147.20,2.57,0.02,12,0
vda,13.80,0.00,0.05,0,0
vda,33.00,0.00,2.66,0,13
vda,11.20,0.00,0.04,0,0
vda,8.60,0.09,0.03,0,0
vda,1.80,0.00,0.01,0,0
vda,1.80,0.00,0.01,0,0
vda,1.80,0.00,0.01,0,0
vda,2.80,0.00,0.01,0,0
vda,17.60,0.00,0.09,0,0
vda,0.00,0.00,0.00,0,0
vda,3.40,0.00,0.01,0,0
vda,2.40,0.00,0.01,0,0
vda,1.80,0.00,0.01,0,0
vda,1.80,0.00,0.01,0,0
vda,3.00,0.00,0.01,0,0
vda,3.40,0.00,0.01,0,0
vda,8.80,0.00,0.04,0,0
