vda,26.40,0.00,0.12,0,0
vda,4.60,0.00,0.02,0,0
vda,2.80,0.00,0.01,0,0
vda,1.80,0.00,0.01,0,0
vda,4.00,0.00,0.02,0,0
vda,2.80,0.00,0.01,0,0
vda,4.20,0.00,0.02,0,0
vda,436.20,5.27,0.04,26,0
vda,91.40,0.94,0.03,4,0
vda,350.00,4.68,0.01,23,0
vda,155.40,1.43,0.02,7,0
vda,6.20,0.00,0.02,0,0
vda,13.80,0.00,0.05,0,0
vda,8.80,0.00,0.04,0,0
vda,16.00,0.09,0.11,0,0
vda,14.00,0.00,0.06,0,0
vda,2.60,0.00,0.01,0,0
vda,1.80,0.00,0.01,0,0
vda,4.00,0.00,0.02,0,0
vda,3.00,0.00,0.02,0,0
vda,0.20,0.00,0.00,0,0
vda,6.80,0.00,0.03,0,0
vda,1.80,0.00,0.01,0,0
vda,0.00,0.00,0.00,0,0
vda,8.80,0.00,0.04,0,0
vda,2.60,0.00,0.01,0,0
vda,2.20,0.00,0.01,0,0
vda,0.00,0.00,0.00,0,0
