vda,0.60,0.00,0.00,0,0
vda,25.60,0.00,0.11,0,0
vda,2.00,0.00,0.01,0,0
vda,0.80,0.00,0.00,0,0
vda,30.40,0.35,0.00,1,0
vda,1.00,0.00,0.00,0,0
vda,0.00,0.00,0.00,0,0
vda,199.60,2.40,0.01,12,0
vda,359.40,4.22,0.03,21,0
vda,340.00,12.22,0.02,61,0
vda,88.62,20.64,0.04,103,0
vda,4.40,0.01,0.01,0,0
vda,135.40,1.28,0.00,6,0
vda,6.80,0.04,0.03,0,0
vda,32.60,0.00,0.86,0,4
vda,10.60,0.00,0.04,0,0
vda,2.00,0.09,0.01,0,0
vda,5.60,0.00,0.02,0,0
vda,0.00,0.00,0.00,0,0
vda,0.60,0.00,0.00,0,0
vda,1.60,0.00,0.01,0,0
vda,0.80,0.00,0.00,0,0
vda,6.60,0.00,0.04,0,0
vda,1.60,0.00,0.01,0,0
vda,1.20,0.01,0.00,0,0
vda,1.20,0.00,0.00,0,0
