vda,0.00,0.00,0.00,0,0
vda,9.20,0.00,0.04,0,0
vda,1.20,0.00,0.00,0,0
vda,6.40,0.00,0.03,0,0
vda,124.00,0.00,0.49,0,2
vda,6.00,0.00,0.05,0,0
vda,7.20,0.00,0.03,0,0
vda,7.20,0.00,0.03,0,0
vda,5.20,0.00,0.02,0,0
vda,7.20,0.00,0.04,0,0
vda,2.60,0.00,0.01,0,0
vda,29.00,0.00,0.11,0,0
vda,184.20,0.00,0.73,0,3
vda,1.20,0.00,0.02,0,0
vda,8.40,0.00,0.14,0,0
vda,10.40,0.00,0.05,0,0
vda,3.40,0.00,0.01,0,0
vda,2.40,0.00,0.45,0,2
vda,11.80,0.00,0.05,0,0
vda,23.00,0.00,0.13,0,0
vda,9.00,0.00,0.04,0,0
vda,176.80,0.00,0.74,0,3
vda,2.00,0.00,0.01,0,0
vda,1.60,0.00,0.01,0,0
vda,6.60,0.00,0.03,0,0
vda,27.60,0.00,0.13,0,0
