vda,0.60,0.00,0.00,0,0
vda,1.60,0.00,0.01,0,0
vda,0.00,0.00,0.00,0,0
vda,0.60,0.00,0.00,0,0
vda,7.20,0.03,0.00,0,0
vda,24.40,0.30,0.01,1,0
vda,24.80,0.00,0.11,0,0
vda,293.21,3.74,0.00,18,0
vda,307.80,3.63,0.01,18,0
vda,311.40,16.98,0.02,84,0
vda,20.20,2.20,0.01,10,0
vda,7.20,1.24,0.02,6,0
vda,30.20,7.86,0.01,39,0
vda,138.20,1.14,0.04,5,0
vda,6.60,0.03,0.03,0,0
vda,0.80,0.00,0.05,0,0
vda,5.80,0.00,0.02,0,0
vda,5.40,0.00,0.03,0,0
vda,17.60,0.00,0.07,0,0
vda,3.60,0.00,0.01,0,0
vda,7.60,0.00,0.07,0,0
vda,7.60,0.00,0.04,0,0
vda,3.20,0.00,0.01,0,0
vda,8.60,0.00,0.04,0,0
vda,2.00,0.09,0.00,0,0
vda,6.20,0.00,0.02,0,0
vda,0.00,0.00,0.00,0,0
vda,7.60,0.00,0.04,0,0
vda,0.60,0.00,0.00,0,0
vda,0.60,0.00,0.01,0,0
vda,8.40,0.00,0.03,0,0
vda,0.60,0.00,0.00,0,0
vda,0.80,0.00,0.00,0,0
