vda,37.40,0.28,0.11,1,0
vda,7.40,0.00,0.06,0,0
vda,19.60,0.00,0.08,0,0
vda,5.40,0.00,0.02,0,0
vda,123.20,0.00,0.50,0,2
vda,2.40,0.00,0.01,0,0
vda,21.80,0.46,0.24,2,1
vda,87.20,2.04,0.02,10,0
vda,3.20,0.04,0.00,0,0
vda,210.60,0.00,0.92,0,4
vda,3.40,0.00,0.01,0,0
vda,9.00,1.62,0.00,8,0
vda,7.20,0.40,0.02,2,0
vda,5.40,0.81,0.01,4,0
vda,33.20,0.40,0.15,2,0
vda,116.40,0.81,0.46,4,2
vda,3.60,0.40,0.01,2,0
vda,25.40,7.30,0.02,36,0
vda,21.60,6.00,0.22,30,1
vda,5.40,0.00,0.02,0,0
vda,6.20,0.00,0.03,0,0
vda,20.00,0.00,0.08,0,0
vda,8.20,0.00,0.07,0,0
vda,11.20,0.00,0.04,0,0
vda,170.80,0.00,0.67,0,3
vda,4.80,0.00,0.17,0,0
vda,3.20,0.00,0.01,0,0
vda,9.40,0.00,0.04,0,0
vda,21.40,0.00,0.08,0,0
vda,3.40,0.00,0.01,0,0
vda,28.20,0.06,0.32,0,1
vda,5.00,0.00,0.02,0,0
vda,0.60,0.00,0.13,0,0
vda,177.00,0.00,0.70,0,3
vda,3.60,0.00,0.01,0,0
vda,2.60,0.00,0.01,0,0
vda,22.40,0.00,0.09,0,0
vda,8.60,0.00,0.06,0,0
vda,1.40,0.00,0.01,0,0
