vda,0.60,0.00,0.00,0,0
vda,0.80,0.00,0.00,0,0
vda,24.20,0.31,0.01,1,0
vda,2.20,0.00,0.01,0,0
vda,0.60,0.00,0.00,0,0
vda,31.40,0.00,0.15,0,0
vda,1.40,0.00,0.01,0,0
vda,1.80,0.00,0.01,0,0
vda,0.00,0.00,0.00,0,0
vda,1.40,0.00,0.01,0,0
vda,1.00,0.00,0.00,0,0
vda,0.00,0.00,0.00,0,0
vda,249.80,3.14,0.03,15,0
vda,262.80,3.04,0.01,15,0
vda,277.60,3.96,0.02,19,0
vda,216.80,2.08,0.03,10,0
vda,9.20,0.00,0.04,0,0
vda,15.80,0.09,0.07,0,0
vda,13.20,0.00,0.05,0,0
vda,8.60,0.00,0.08,0,0
vda,1.80,0.00,0.01,0,0
vda,11.00,0.05,0.01,0,0
vda,2.40,0.00,0.01,0,0
vda,1.00,0.00,0.00,0,0
vda,0.00,0.00,0.00,0,0
vda,0.80,0.00,0.00,0,0
vda,2.20,0.00,0.01,0,0
