vda,1.20,0.00,0.01,0,0
vda,29.40,0.00,0.14,0,0
vda,2.00,0.00,0.01,0,0
vda,2.00,0.00,0.01,0,0
vda,0.00,0.00,0.00,0,0
vda,1.80,0.00,0.01,0,0
vda,3.40,0.00,0.02,0,0
vda,2.40,0.00,0.01,0,0
vda,3.40,0.00,0.01,0,0
vda,2.20,0.00,0.01,0,0
vda,1.80,0.00,0.01,0,0
vda,0.00,0.00,0.00,0,0
vda,292.40,3.63,0.01,18,0
vda,226.20,2.58,0.02,12,0
vda,355.80,4.68,0.05,23,0
vda,160.00,1.46,0.04,7,0
vda,19.60,0.01,0.07,0,0
vda,9.20,0.09,0.04,0,0
vda,1.20,0.00,0.01,0,0
vda,2.20,0.00,0.01,0,0
vda,3.00,0.00,0.01,0,0
vda,1.80,0.00,0.01,0,0
vda,7.80,0.00,0.04,0,0
vda,8.80,0.00,0.04,0,0
vda,2.80,0.00,0.01,0,0
vda,4.80,0.00,0.02,0,0
vda,2.20,0.00,0.01,0,0
