vda,1.20,0.00,0.01,0,0
vda,23.80,0.00,0.11,0,0
vda,1.60,0.00,0.01,0,0
vda,0.00,0.00,0.00,0,0
vda,0.60,0.00,0.00,0,0
vda,0.00,0.00,0.00,0,0
vda,1.60,0.00,0.01,0,0
vda,345.80,4.20,0.01,20,0
vda,215.00,2.36,0.04,11,0
vda,339.00,4.61,0.02,23,0
vda,143.20,1.34,0.01,6,0
vda,8.40,0.00,0.03,0,0
vda,16.60,0.09,0.08,0,0
vda,14.00,0.00,0.06,0,0
vda,1.60,0.00,0.01,0,0
vda,8.40,0.00,0.06,0,0
vda,2.40,0.00,0.01,0,0
vda,1.00,0.00,0.00,0,0
vda,0.60,0.00,0.01,0,0
vda,1.00,0.00,0.00,0,0
vda,0.20,0.00,0.00,0,0
vda,0.60,0.00,0.00,0,0
vda,19.40,0.00,0.08,0,0
vda,0.80,0.00,0.00,0,0
vda,0.80,0.00,0.01,0,0
vda,1.00,0.00,0.00,0,0
vda,0.00,0.00,0.00,0,0
