vda,117.20,1.14,0.41,5,2
vda,11.80,0.76,0.00,3,0
vda,21.80,1.13,0.02,5,0
vda,97.80,0.76,0.35,3,1
vda,13.20,0.77,0.01,3,0
vda,27.40,1.12,0.24,5,1
vda,16.60,0.76,0.02,3,0
vda,28.00,1.13,0.04,5,0
vda,193.20,0.76,0.80,3,4
vda,11.20,0.38,0.02,1,0
vda,31.20,1.89,0.01,9,0
vda,19.00,0.76,0.03,3,0
vda,118.60,1.13,0.43,5,2
vda,17.20,0.76,0.02,3,0
vda,21.60,1.13,0.02,5,0
vda,97.00,0.76,0.36,3,1
vda,21.20,1.13,0.01,5,0
vda,25.60,0.76,0.25,3,1
vda,23.20,1.13,0.02,5,0
vda,12.00,0.76,0.00,3,0
vda,154.60,1.13,0.60,5,3
vda,15.37,0.75,0.01,3,0
vda,20.60,1.13,0.01,5,0
vda,18.00,0.76,0.03,3,0
vda,111.20,1.13,0.40,5,2
vda,16.40,0.76,0.02,3,0
vda,22.80,1.12,0.02,5,0
vda,99.80,0.77,0.38,3,1
vda,20.40,0.99,0.02,4,0
vda,24.40,0.90,0.24,4,1
vda,22.60,1.13,0.02,5,0
vda,12.80,0.76,0.00,3,0
vda,151.00,0.76,0.60,3,3
vda,15.60,0.76,0.02,3,0
vda,19.20,0.76,0.03,3,0
vda,24.80,1.13,0.03,5,0
vda,101.20,0.76,0.37,3,1
vda,19.20,1.13,0.01,5,0
vda,15.80,0.76,0.02,3,0
vda,19.60,1.13,0.01,5,0
vda,26.40,0.76,0.06,3,0
vda,22.60,1.13,0.22,5,1
vda,16.40,0.76,0.02,3,0
