vda,30.20,0.00,0.12,0,0
vda,14.60,0.00,0.06,0,0
vda,0.00,0.00,0.00,0,0
vda,3.80,0.00,0.03,0,0
vda,5.40,0.00,0.02,0,0
vda,8.40,0.00,0.04,0,0
vda,171.80,0.00,0.67,0,3
vda,7.60,0.00,0.03,0,0
vda,9.20,0.00,0.04,0,0
vda,23.40,0.00,0.09,0,0
vda,6.60,0.00,0.04,0,0
vda,4.00,0.00,0.02,0,0
vda,2.80,0.00,0.03,0,0
vda,10.00,0.00,0.11,0,0
vda,12.40,0.00,0.05,0,0
vda,114.80,0.00,0.45,0,2
vda,19.60,0.00,0.08,0,0
vda,5.40,0.00,0.05,0,0
vda,11.40,0.00,0.05,0,0
vda,4.40,0.00,0.02,0,0
vda,5.00,0.00,0.06,0,0
vda,0.20,0.00,0.00,0,0
vda,7.60,0.00,0.03,0,0
vda,1.60,0.00,0.01,0,0
vda,201.60,0.00,0.81,0,4
vda,7.80,0.00,0.03,0,0
vda,2.00,0.00,0.01,0,0
vda,1.00,0.00,0.04,0,0
vda,19.40,0.00,1.47,0,7
vda,8.60,0.00,0.04,0,0
vda,2.80,0.00,0.01,0,0
vda,36.40,0.00,0.16,0,0
vda,1.40,0.00,0.01,0,0
vda,227.80,0.00,0.89,0,4
vda,13.60,0.00,0.06,0,0
vda,2.00,0.00,0.01,0,0
vda,2.00,0.00,0.01,0,0
