vda,6.40,0.00,0.03,0,0
vda,12.60,0.00,0.07,0,0
vda,11.40,0.00,0.04,0,0
vda,120.80,0.00,0.47,0,2
vda,0.20,0.00,0.00,0,0
vda,3.80,0.00,0.02,0,0
vda,6.20,0.00,0.02,0,0
vda,5.80,0.00,0.02,0,0
vda,16.77,0.00,0.27,0,1
vda,31.80,0.00,0.13,0,0
vda,0.00,0.00,0.00,0,0
vda,188.00,0.00,0.83,0,4
vda,9.60,0.00,0.04,0,0
vda,1.60,0.00,0.01,0,0
vda,5.00,0.00,0.02,0,0
vda,7.20,0.00,0.03,0,0
vda,146.60,0.00,0.64,0,3
vda,7.80,0.00,0.03,0,0
vda,0.00,0.00,0.00,0,0
vda,3.20,0.00,0.01,0,0
vda,197.80,0.00,0.83,0,4
vda,11.40,0.00,0.24,0,1
vda,6.60,0.00,0.03,0,0
vda,4.00,0.01,0.01,0,0
vda,7.20,0.00,0.03,0,0
vda,142.20,0.00,0.62,0,3
vda,5.20,0.00,0.02,0,0
vda,5.40,0.00,0.02,0,0
vda,1.60,0.00,0.01,0,0
vda,132.40,0.00,1.70,0,8
vda,16.40,0.00,0.32,0,1
vda,1.20,0.00,0.00,0,0
vda,0.00,0.00,0.00,0,0
vda,15.20,0.00,0.26,0,1
vda,1.20,0.00,0.00,0,0
vda,273.00,0.00,1.10,0,5
vda,3.40,0.00,0.01,0,0
vda,5.00,0.00,0.02,0,0
vda,0.00,0.00,0.00,0,0
