vda,25.20,0.00,0.11,0,0
vda,3.80,0.00,0.02,0,0
vda,0.80,0.00,0.00,0,0
vda,0.00,0.00,0.00,0,0
vda,0.60,0.00,0.00,0,0
vda,2.20,0.00,0.01,0,0
vda,1.00,0.00,0.01,0,0
vda,364.00,4.33,0.05,21,0
vda,377.40,4.99,0.02,24,0
vda,231.60,25.10,0.11,125,0
vda,61.20,18.79,0.01,93,0
vda,139.60,1.29,0.01,6,0
vda,4.60,0.01,0.03,0,0
vda,8.00,0.03,1.62,0,8
vda,4.60,0.00,1.05,0,5
vda,7.40,0.00,0.03,0,0
vda,3.40,0.00,0.01,0,0
vda,0.00,0.00,0.00,0,0
vda,2.80,0.00,0.01,0,0
vda,21.00,0.00,1.70,0,8
vda,4.20,0.00,1.05,0,5
vda,0.00,0.00,0.00,0,0
vda,2.60,0.00,0.01,0,0
vda,3.40,0.00,0.01,0,0
vda,6.59,0.00,0.02,0,0
vda,12.40,0.00,3.27,0,16
vda,3.80,0.00,2.09,0,10
vda,3.00,0.00,0.01,0,0
vda,5.20,0.00,0.02,0,0
vda,0.00,0.00,0.00,0,0
vda,2.80,0.00,0.01,0,0
vda,6.00,0.00,0.03,0,0
vda,17.00,0.00,1.68,0,8
vda,2.80,0.00,1.05,0,5
vda,4.20,0.00,0.02,0,0
vda,0.00,0.00,0.00,0,0
vda,2.00,0.00,0.01,0,0
vda,1.00,0.00,0.00,0,0
vda,2.00,0.08,0.01,0,0
vda,8.40,0.00,0.04,0,0
vda,3.40,0.00,0.01,0,0
vda,0.00,0.00,0.00,0,0
vda,7.60,0.00,0.03,0,0
vda,0.60,0.00,0.00,0,0
vda,2.00,0.00,0.01,0,0
vda,1.80,0.00,0.01,0,0
vda,4.20,0.00,0.02,0,0
vda,0.60,0.00,0.00,0,0
vda,1.00,0.00,0.00,0,0
vda,1.20,0.00,0.00,0,0
vda,0.80,0.00,0.01,0,0
vda,18.20,0.00,0.08,0,0
vda,1.20,0.00,0.00,0,0
