vda,0.40,0.00,0.00,0,0
vda,2.40,0.00,0.01,0,0
vda,3.00,0.00,0.01,0,0
vda,3.80,0.00,0.01,0,0
vda,2.00,0.00,0.01,0,0
vda,20.80,0.00,0.09,0,0
vda,2.60,0.00,0.01,0,0
vda,2.60,0.00,0.01,0,0
vda,3.00,0.00,0.01,0,0
vda,2.40,0.00,0.01,0,0
vda,3.60,0.00,0.01,0,0
vda,2.00,0.00,0.01,0,0
vda,371.20,4.49,0.02,22,0
vda,374.00,5.07,0.02,25,0
vda,168.20,10.27,0.01,51,0
vda,185.00,15.24,0.04,76,0
vda,20.40,0.11,0.10,0,0
vda,9.60,0.00,0.04,0,0
vda,4.80,0.00,0.02,0,0
vda,19.80,0.00,2.25,0,11
vda,8.80,0.00,0.03,0,0
vda,5.00,0.00,0.02,0,0
vda,7.80,0.00,0.03,0,0
vda,4.40,0.00,0.02,0,0
vda,0.00,0.00,0.00,0,0
vda,16.20,0.09,0.11,0,0
vda,6.40,0.00,0.03,0,0
vda,2.00,0.00,0.01,0,0
vda,7.80,0.00,0.04,0,0
vda,2.00,0.00,0.01,0,0
vda,12.20,0.00,0.05,0,0
vda,2.20,0.00,0.01,0,0
vda,2.00,0.00,0.01,0,0
vda,1.80,0.00,0.01,0,0
