vda,1.40,0.00,0.01,0,0
vda,25.00,0.00,0.12,0,0
vda,0.00,0.00,0.00,0,0
vda,1.80,0.00,0.01,0,0
vda,33.60,0.34,0.02,1,0
vda,2.00,0.00,0.01,0,0
vda,0.80,0.00,0.01,0,0
vda,2.40,0.00,0.01,0,0
vda,10.20,0.00,0.04,0,0
vda,2.00,0.00,0.01,0,0
vda,1.80,0.00,0.01,0,0
vda,1.80,0.00,0.01,0,0
vda,376.00,4.58,0.03,22,0
vda,401.20,5.32,0.02,26,0
vda,137.60,8.61,0.01,43,0
vda,155.00,6.26,0.02,31,0
vda,6.20,0.04,0.01,0,0
vda,24.20,0.00,2.47,0,12
vda,7.40,0.00,0.03,0,0
vda,8.60,0.00,0.03,0,0
vda,6.40,0.00,0.03,0,0
vda,4.80,0.09,0.02,0,0
vda,6.60,0.00,0.03,0,0
vda,2.60,0.00,0.02,0,0
vda,5.40,0.00,0.04,0,0
vda,2.20,0.00,0.01,0,0
vda,1.80,0.00,0.01,0,0
vda,9.00,0.00,0.04,0,0
vda,2.20,0.00,0.01,0,0
vda,5.80,0.00,0.03,0,0
vda,2.20,0.00,0.01,0,0
