vda,21.00,0.00,0.09,0,0
vda,1.80,0.00,0.01,0,0
vda,0.00,0.00,0.00,0,0
vda,0.80,0.00,0.00,0,0
vda,0.20,0.00,0.00,0,0
vda,1.80,0.00,0.01,0,0
vda,1.80,0.00,0.01,0,0
vda,2.40,0.00,0.01,0,0
vda,0.00,0.00,0.00,0,0
vda,0.80,0.00,0.00,0,0
vda,0.00,0.00,0.00,0,0
vda,7.80,0.00,0.03,0,0
vda,259.80,3.22,0.01,16,0
vda,266.60,3.03,0.01,15,0
vda,290.60,3.98,0.03,19,0
vda,225.20,2.14,0.02,10,0
vda,9.20,0.03,0.03,0,0
vda,17.00,0.01,0.05,0,0
vda,9.60,0.09,0.04,0,0
vda,7.20,0.00,0.04,0,0
vda,0.40,0.00,0.00,0,0
vda,18.00,0.00,0.10,0,0
vda,0.60,0.00,0.00,0,0
vda,0.00,0.00,0.00,0,0
vda,9.80,0.00,0.04,0,0
vda,1.20,0.00,0.00,0,0
vda,9.00,0.00,0.04,0,0
vda,0.20,0.00,0.00,0,0
