vda,28.00,0.27,0.00,1,0
vda,4.60,0.07,0.01,0,0
vda,27.60,0.00,0.12,0,0
vda,3.60,0.00,0.01,0,0
vda,1.80,0.00,0.01,0,0
vda,0.00,0.00,0.00,0,0
vda,2.00,0.00,0.01,0,0
vda,425.60,5.20,0.04,26,0
vda,425.80,5.47,0.02,27,0
vda,33.40,0.29,0.10,1,0
vda,138.40,1.30,0.01,6,0
vda,6.40,0.03,0.02,0,0
vda,8.80,0.00,0.03,0,0
vda,31.60,0.00,1.16,0,5
vda,9.00,0.09,0.03,0,0
vda,1.80,0.00,0.01,0,0
vda,0.00,0.00,0.00,0,0
vda,1.80,0.00,0.01,0,0
vda,8.00,0.00,0.04,0,0
vda,17.20,0.09,0.01,0,0
vda,2.60,0.00,0.01,0,0
vda,0.00,0.00,0.00,0,0
vda,15.60,0.00,0.07,0,0
vda,0.00,0.00,0.00,0,0
vda,2.60,0.00,0.01,0,0
vda,4.20,0.00,0.02,0,0
vda,2.40,0.00,0.01,0,0
vda,0.00,0.00,0.00,0,0
