vda,199.80,0.00,0.78,0,3
vda,6.60,0.00,0.03,0,0
vda,5.20,0.02,0.02,0,0
vda,8.40,0.00,0.05,0,0
vda,19.00,0.00,0.07,0,0
vda,0.00,0.00,0.00,0,0
vda,5.20,0.00,0.02,0,0
vda,4.40,0.00,0.02,0,0
vda,16.00,0.00,0.07,0,0
vda,118.40,0.40,0.46,2,2
vda,10.80,0.00,0.06,0,0
vda,25.60,0.00,0.10,0,0
vda,4.20,0.00,0.02,0,0
vda,6.20,0.00,0.04,0,0
vda,7.80,0.00,0.15,0,0
vda,7.00,0.00,0.03,0,0
vda,3.60,0.00,0.01,0,0
vda,116.20,0.00,0.92,0,4
vda,93.80,0.00,0.42,0,2
vda,0.20,0.00,0.00,0,0
vda,0.60,0.00,0.00,0,0
vda,5.20,0.00,0.02,0,0
vda,2.00,0.00,0.01,0,0
vda,1.80,0.00,0.01,0,0
vda,121.60,0.00,0.49,0,2
vda,17.80,0.00,0.07,0,0
