vda,0.20,0.00,0.00,0,0
vda,7.60,0.00,0.03,0,0
vda,18.80,0.00,0.09,0,0
vda,8.00,0.00,0.03,0,0
vda,110.20,0.00,0.43,0,2
vda,1.40,0.00,0.01,0,0
vda,1.60,0.00,0.01,0,0
vda,35.80,0.00,0.16,0,0
vda,162.87,0.00,0.83,0,4
vda,6.60,0.00,0.03,0,0
vda,8.80,0.00,0.04,0,0
vda,0.00,0.00,0.00,0,0
vda,138.40,0.00,0.58,0,2
vda,12.00,0.00,0.05,0,0
vda,1.20,0.00,0.00,0,0
vda,7.00,0.00,0.03,0,0
vda,7.40,0.00,0.03,0,0
vda,8.80,0.00,0.03,0,0
vda,146.80,0.00,0.71,0,3
vda,0.00,0.00,0.00,0,0
vda,8.40,0.00,0.23,0,1
vda,6.60,0.00,0.03,0,0
vda,1.20,0.00,0.00,0,0
vda,0.00,0.00,0.00,0,0
vda,196.20,0.00,0.80,0,4
vda,6.20,0.00,0.02,0,0
