3386452.0,83620.0,3312.0
2716453.0667,190815.2,4631.7333333
1950740.0,313324.0,6140.0
1950740.0,313324.0,6140.0
1783897.3333,331692.0,6207.2
1593220.0,352684.0,6284.0
1593220.0,352684.0,6284.0
1615648.0,365502.4,6414.6666667
1641280.0,380152.0,6564.0
1617492.8,393934.4,6620.0
1581812.0,414608.0,6704.0
1581812.0,414608.0,6704.0
1594324.0,401860.26667,6726.4
1628732.0,366804.0,6788.0
1628732.0,366804.0,6788.0
1586052.0,361344.8,6818.4
1522032.0,353156.0,6864.0
1501044.8,375056.8,6892.8
1469564.0,407908.0,6936.0
1469564.0,407908.0,6936.0
1487152.0,389705.33333,6957.3333333
1522328.0,353300.0,7000.0
1522328.0,353300.0,7000.0
1953533.3333,346049.86667,7013.8666667
