vda,6.80,0.00,0.03,0,0
vda,1.20,0.00,0.00,0,0
vda,132.20,0.00,0.52,0,2
vda,0.20,0.00,0.00,0,0
vda,2.60,0.00,0.01,0,0
vda,7.98,0.00,0.23,0,1
vda,6.80,0.00,0.03,0,0
vda,1.20,0.00,0.00,0,0
vda,130.60,0.00,0.53,0,2
vda,8.20,0.00,0.03,0,0
vda,0.00,0.00,0.00,0,0
vda,198.00,0.00,0.79,0,3
vda,6.80,0.00,0.03,0,0
vda,8.20,0.00,0.03,0,0
vda,2.00,0.00,0.01,0,0
vda,152.40,4.47,0.62,22,3
vda,3.00,0.00,0.01,0,0
vda,9.40,0.00,0.23,0,1
vda,10.20,0.00,0.04,0,0
vda,7.00,0.00,0.03,0,0
vda,147.80,0.00,0.69,0,3
vda,3.20,0.00,0.01,0,0
vda,1.00,0.00,0.00,0,0
vda,0.20,0.00,0.00,0,0
vda,206.80,0.00,0.87,0,4
vda,2.60,0.00,0.01,0,0
vda,5.40,0.00,0.02,0,0
vda,0.00,0.00,0.00,0,0
vda,130.60,0.00,0.53,0,2
vda,7.60,0.00,0.23,0,1
vda,6.60,0.00,0.03,0,0
vda,1.20,0.00,0.00,0,0
