3232759.2,76606.4,4729.6
3117932.0,97656.0,5160.0
3117932.0,97656.0,5160.0
1725750.6667,565613.33333,5834.1333333
507592.0,975076.0,6424.0
507592.0,975076.0,6424.0
305494.93333,596996.0,6729.0666667
128660.0,266176.0,6996.0
163226.4,155377.06667,5031.2
193472.0,58428.0,3312.0
193472.0,58428.0,3312.0
163150.93333,73692.0,2533.3333333
136620.0,87048.0,1852.0
136620.0,87048.0,1852.0
132858.93333,129343.46667,1913.8666667
129568.0,166352.0,1968.0
129568.0,166352.0,1968.0
129568.0,166352.0,1968.0
129568.0,166352.0,1968.0
133856.0,136781.86667,1355.7333333
137608.0,110908.0,820.0
137608.0,110908.0,820.0
136602.4,108877.6,1057.6
135932.0,107524.0,1216.0
133460.0,109230.4,1252.0
131812.0,110368.0,1276.0
131812.0,110368.0,1276.0
118386.4,127823.2,1235.2
109436.0,139460.0,1208.0
109436.0,139460.0,1208.0
115424.26667,131805.6,1144.0
120664.0,125108.0,1088.0
144596.8,100793.6,1174.4
160552.0,84584.0,1232.0
160552.0,84584.0,1232.0
143564.8,101657.6,1196.0
132240.0,113040.0,1172.0
132240.0,113040.0,1172.0
129650.4,115627.2,1078.4
127924.0,117352.0,1016.0
126997.6,126028.0,807.2
126380.0,131812.0,668.0
126380.0,131812.0,668.0
132212.53333,125258.4,1045.6
137316.0,119524.0,1376.0
137316.0,119524.0,1376.0
139038.66667,116689.33333,2589.3333333
139900.0,115272.0,3196.0
137656.0,118317.6,2713.6
136160.0,120348.0,2392.0
136160.0,120348.0,2392.0
121604.26667,121632.26667,2325.8666667
108868.0,122756.0,2268.0
108868.0,122756.0,2268.0
111229.33333,119545.33333,2307.2
113928.0,115876.0,2352.0
112761.6,118506.4,1600.0
111012.0,122452.0,472.0
111012.0,122452.0,472.0
109426.66667,124561.33333,760.0
106256.0,128780.0,1336.0
113173.33333,120692.0,1970.6666667
127008.0,104516.0,3240.0
127008.0,104516.0,3240.0
136664.0,95264.8,2225.6
151148.0,81388.0,704.0
151148.0,81388.0,704.0
146144.0,86252.0,764.0
136136.0,95980.0,884.0
139281.33333,86348.0,1558.6666667
145572.0,67084.0,2908.0
145572.0,67084.0,2908.0
147393.33333,65154.666667,2545.3333333
151036.0,61296.0,1820.0
151036.0,61296.0,1820.0
134893.6,78828.8,1426.4
110680.0,105128.0,836.0
118027.2,94516.8,992.8
129048.0,78600.0,1228.0
129048.0,78600.0,1228.0
120736.0,79245.333333,1758.6666667
104112.0,80536.0,2820.0
104112.0,80536.0,2820.0
121793.6,62966.4,2501.6
148316.0,36612.0,2024.0
136926.66667,47237.333333,2653.3333333
114148.0,68488.0,3912.0
114148.0,68488.0,3912.0
112228.0,87659.2,3571.7333333
106948.0,140380.0,2636.0
106948.0,140380.0,2636.0
115469.6,132886.66667,2669.0666667
138904.0,112280.0,2760.0
137658.4,113720.0,2685.6
132676.0,119480.0,2388.0
132676.0,119480.0,2388.0
129020.0,123495.2,1990.4
114396.0,139556.0,400.0
114396.0,139556.0,400.0
115442.93333,134760.8,449.6
122248.0,103592.0,772.0
124138.13333,101675.73333,810.4
136424.0,89220.0,1060.0
136424.0,89220.0,1060.0
134312.0,91453.066667,1045.0666667
120584.0,105968.0,948.0
120584.0,105968.0,948.0
123507.2,102913.6,946.4
142508.0,83060.0,936.0
149972.8,78549.6,951.2
254480.0,15404.0,1164.0
254480.0,15404.0,1164.0
253948.0,15964.8,1185.6
246500.0,23816.0,1488.0
457865.06667,24460.0,1519.7333333
3416976.0,33476.0,1964.0
