vda,1.40,0.00,0.01,0,0
vda,21.60,0.00,0.09,0,0
vda,2.00,0.00,0.01,0,0
vda,0.00,0.00,0.00,0,0
vda,30.00,0.33,0.01,1,0
vda,11.00,0.00,0.05,0,0
vda,0.20,0.00,0.00,0,0
vda,351.80,4.38,0.00,21,0
vda,167.60,1.84,0.04,9,0
vda,356.20,4.79,0.02,23,0
vda,155.40,1.45,0.02,7,0
vda,5.80,0.03,0.02,0,0
vda,5.20,0.00,0.02,0,0
vda,11.00,0.00,0.04,0,0
vda,9.60,0.00,0.05,0,0
vda,7.20,0.09,0.03,0,0
vda,14.60,0.00,0.08,0,0
vda,0.00,0.00,0.00,0,0
vda,0.80,0.00,0.00,0,0
vda,0.00,0.00,0.00,0,0
vda,1.40,0.00,0.01,0,0
vda,8.20,0.00,0.03,0,0
vda,0.40,0.00,0.00,0,0
vda,2.00,0.00,0.01,0,0
vda,1.00,0.00,0.00,0,0
vda,0.40,0.00,0.00,0,0
vda,2.00,0.00,0.01,0,0
vda,1.00,0.00,0.00,0,0
vda,0.60,0.00,0.00,0,0
vda,0.60,0.00,0.00,0,0
