vda,1.00,0.00,0.01,0,0
vda,25.60,0.00,0.11,0,0
vda,1.80,0.00,0.01,0,0
vda,0.00,0.00,0.00,0,0
vda,0.60,0.00,0.00,0,0
vda,0.60,0.00,0.00,0,0
vda,2.60,0.00,0.01,0,0
vda,373.00,4.59,0.02,22,0
vda,399.40,5.35,0.01,26,0
vda,129.60,1.70,0.03,8,0
vda,46.40,0.54,0.01,2,0
vda,99.60,0.79,0.02,3,0
vda,18.60,0.00,0.08,0,0
vda,10.00,0.00,0.04,0,0
vda,8.20,0.09,0.05,0,0
vda,0.20,0.00,0.00,0,0
vda,14.40,0.00,0.09,0,0
vda,8.40,0.00,0.03,0,0
vda,0.80,0.00,0.01,0,0
vda,1.00,0.00,0.00,0,0
vda,1.00,0.00,0.00,0,0
vda,0.60,0.00,0.00,0,0
vda,1.40,0.00,0.01,0,0
vda,11.60,0.00,0.05,0,0
vda,2.00,0.00,0.01,0,0
vda,1.20,0.00,0.00,0,0
vda,0.80,0.00,0.00,0,0
vda,0.00,0.00,0.00,0,0
vda,0.60,0.00,0.00,0,0
