vda,21.80,0.00,0.10,0,0
vda,1.60,0.00,0.01,0,0
vda,1.00,0.00,0.00,0,0
vda,0.00,0.00,0.00,0,0
vda,0.60,0.00,0.00,0,0
vda,1.60,0.00,0.01,0,0
vda,21.60,0.00,0.10,0,0
vda,6.80,0.00,0.03,0,0
vda,5.20,0.00,0.02,0,0
vda,0.00,0.00,0.00,0,0
vda,2.80,0.00,0.01,0,0
vda,1.00,0.00,0.00,0,0
vda,0.00,0.00,0.00,0,0
vda,4.20,0.00,0.03,0,0
vda,20.60,0.00,0.15,0,0
vda,1.80,0.00,0.01,0,0
vda,0.00,0.00,0.00,0,0
vda,3.00,0.00,0.01,0,0
vda,2.20,0.00,0.01,0,0
vda,4.20,0.00,0.02,0,0
vda,4.80,0.00,0.02,0,0
vda,0.00,0.00,0.00,0,0
vda,5.60,0.00,0.03,0,0
vda,4.40,0.00,0.02,0,0
vda,4.20,0.00,0.02,0,0
vda,6.20,0.00,2.04,0,10
vda,5.00,0.00,2.04,0,10
vda,0.40,0.00,0.00,0,0
vda,3.00,0.00,0.01,0,0
vda,13.20,0.00,0.07,0,0
vda,1.00,0.00,1.60,0,8
vda,17.00,0.00,0.52,0,2
vda,1.40,0.00,0.01,0,0
vda,1.40,0.00,0.01,0,0
vda,4.80,0.00,0.02,0,0
vda,9.80,0.00,0.07,0,0
vda,2.20,0.00,0.01,0,0
vda,8.60,0.00,0.04,0,0
vda,4.60,0.00,0.02,0,0
vda,5.20,0.00,0.82,0,4
vda,2.40,0.00,2.87,0,14
vda,8.80,0.00,0.51,0,2
vda,10.80,0.00,0.05,0,0
vda,4.40,0.00,0.02,0,0
vda,4.20,0.00,1.61,0,8
vda,4.60,0.00,1.29,0,6
vda,0.80,0.00,1.27,0,6
vda,2.40,0.00,0.01,0,0
vda,3.00,0.00,0.01,0,0
vda,19.80,0.00,2.15,0,10
vda,9.80,0.00,1.07,0,5
vda,1.80,0.00,0.01,0,0
vda,3.20,0.00,0.01,0,0
vda,2.80,0.00,0.01,0,0
vda,0.00,0.00,0.00,0,0
vda,1.60,0.00,0.01,0,0
vda,2.60,0.00,0.02,0,0
vda,9.00,0.00,0.05,0,0
vda,13.20,0.00,2.12,0,10
vda,5.20,0.00,0.02,0,0
vda,0.80,0.00,0.00,0,0
vda,4.00,0.00,0.02,0,0
vda,1.00,0.00,0.01,0,0
vda,6.40,0.00,2.10,0,10
vda,8.20,0.00,0.04,0,0
vda,5.20,0.00,0.02,0,0
vda,0.00,0.00,0.00,0,0
vda,0.60,0.00,0.00,0,0
vda,7.80,0.00,0.04,0,0
vda,7.80,0.00,0.03,0,0
vda,2.40,0.00,0.01,0,0
vda,7.60,0.00,0.04,0,0
vda,0.00,0.00,0.00,0,0
vda,0.60,0.00,0.00,0,0
vda,8.80,0.00,0.04,0,0
vda,0.20,0.00,0.00,0,0
vda,1.20,0.00,0.01,0,0
vda,2.40,0.00,0.01,0,0
