vda,8.60,0.00,0.03,0,0
vda,3.60,0.00,0.01,0,0
vda,117.80,0.00,0.47,0,2
vda,18.60,0.00,0.07,0,0
vda,8.60,0.00,0.05,0,0
vda,0.40,0.00,0.00,0,0
vda,11.00,0.25,0.03,1,0
vda,76.60,1.04,0.04,5,0
vda,16.20,0.00,0.27,0,1
vda,9.00,0.00,0.04,0,0
vda,21.40,0.02,0.08,0,0
vda,186.00,0.31,0.73,1,3
vda,6.20,0.01,0.02,0,0
vda,18.40,5.65,0.02,28,0
vda,19.80,5.75,0.07,28,0
vda,10.40,1.52,0.03,7,0
vda,8.80,2.15,0.01,10,0
vda,49.20,9.64,0.10,48,0
vda,23.95,6.51,0.02,32,0
vda,36.80,13.17,0.01,65,0
vda,214.60,10.66,0.93,53,4
vda,64.60,22.18,0.03,110,0
vda,4.00,0.41,0.01,2,0
vda,5.80,0.00,0.05,0,0
vda,52.00,0.00,0.26,0,1
vda,105.20,0.00,0.43,0,2
vda,5.20,0.00,0.02,0,0
vda,0.20,0.00,0.00,0,0
vda,150.20,4.07,0.59,20,2
vda,18.40,6.03,0.01,30,0
vda,5.40,0.00,0.02,0,0
vda,1.20,0.00,0.00,0,0
vda,15.60,0.00,0.26,0,1
vda,4.20,0.00,0.02,0,0
vda,38.60,10.33,0.06,51,0
vda,23.80,7.36,0.01,36,0
vda,205.80,5.43,0.75,27,3
vda,15.80,4.00,0.01,20,0
vda,20.20,4.14,0.03,20,0
vda,6.80,0.00,0.06,0,0
vda,110.40,0.00,0.45,0,2
vda,34.80,0.00,0.17,0,0
vda,7.40,0.01,0.03,0,0
vda,1.40,0.00,0.01,0,0
vda,1.80,0.00,0.01,0,0
vda,11.60,0.00,0.24,0,1
vda,11.20,0.00,0.05,0,0
vda,27.40,0.00,0.13,0,0
vda,177.00,0.00,0.74,0,3
vda,0.00,0.00,0.00,0,0
vda,1.00,0.00,0.00,0,0
vda,6.60,0.00,0.03,0,0
vda,138.20,0.00,0.57,0,2
vda,3.60,0.00,0.01,0,0
vda,5.40,0.00,0.02,0,0
vda,1.40,0.00,0.01,0,0
vda,1.40,0.00,0.01,0,0
vda,11.00,0.00,0.24,0,1
vda,5.80,0.00,0.03,0,0
vda,8.00,0.00,0.03,0,0
vda,191.80,0.00,0.75,0,3
vda,1.20,0.00,0.00,0,0
vda,6.60,0.00,0.03,0,0
vda,0.80,0.00,0.00,0,0
vda,4.20,0.00,0.02,0,0
vda,1.20,0.00,0.00,0,0
vda,6.00,0.00,0.02,0,0
vda,21.20,0.00,0.10,0,0
vda,0.80,0.00,0.00,0,0
vda,192.00,0.00,0.99,0,4
vda,11.60,0.00,0.05,0,0
vda,1.60,0.00,0.01,0,0
vda,4.80,0.00,0.02,0,0
vda,21.40,0.00,0.10,0,0
vda,118.40,0.01,0.48,0,2
vda,6.40,0.00,0.03,0,0
vda,1.60,0.00,0.01,0,0
vda,0.60,0.00,0.00,0,0
vda,5.00,0.00,0.02,0,0
vda,11.00,3.67,0.00,18,0
vda,39.00,7.66,0.09,38,0
vda,196.00,0.00,0.96,0,4
vda,4.80,0.01,0.01,0,0
vda,2.00,0.00,0.01,0,0
vda,5.20,0.00,0.02,0,0
vda,139.80,0.00,0.57,0,2
vda,5.80,0.00,0.02,0,0
vda,0.00,0.00,0.00,0,0
vda,136.40,0.00,0.57,0,2
vda,1.80,0.00,0.01,0,0
vda,5.80,0.00,0.02,0,0
vda,199.40,2.91,0.78,14,3
vda,2.20,0.00,0.01,0,0
vda,27.40,0.54,0.33,2,1
vda,8.40,0.00,0.04,0,0
vda,0.00,0.00,0.00,0,0
vda,5.20,0.00,0.02,0,0
vda,141.20,0.00,0.59,0,2
vda,4.00,0.00,0.02,0,0
vda,5.00,0.00,0.02,0,0
vda,32.14,11.97,0.01,59,0
vda,27.80,0.38,0.12,1,0
vda,173.80,0.00,0.68,0,3
vda,5.20,0.02,0.01,0,0
vda,1.40,0.00,0.01,0,0
vda,10.40,0.00,0.24,0,1
vda,2.60,0.00,0.01,0,0
vda,4.40,0.00,0.03,0,0
vda,13.60,0.00,0.07,0,0
vda,19.00,0.00,0.08,0,0
vda,2.20,0.00,0.05,0,0
vda,123.00,2.45,0.45,12,2
vda,24.40,9.25,0.00,46,0
vda,5.60,0.03,0.02,0,0
vda,273.40,0.00,1.10,0,5
vda,3.80,0.00,0.01,0,0
vda,1.60,0.00,0.01,0,0
vda,9.40,1.20,0.02,6,0
vda,7.20,0.00,0.22,0,1
vda,13.00,2.84,0.01,14,0
vda,7.00,0.00,0.04,0,0
vda,14.80,0.00,0.06,0,0
vda,9.00,0.00,0.05,0,0
vda,118.80,0.00,0.47,0,2
vda,2.60,0.00,0.01,0,0
vda,3.00,0.00,0.01,0,0
vda,3.40,0.00,0.02,0,0
vda,5.60,0.00,0.02,0,0
vda,19.00,0.00,0.16,0,0
vda,59.60,0.58,0.06,2,0
vda,17.00,0.00,0.26,0,1
vda,2.40,0.00,0.01,0,0
vda,179.20,0.00,0.71,0,3
vda,2.40,0.00,0.01,0,0
vda,1.20,0.00,0.00,0,0
vda,20.20,0.00,0.13,0,0
vda,12.60,0.00,0.06,0,0
vda,0.80,0.00,0.00,0,0
vda,205.80,0.00,0.81,0,4
vda,2.20,0.00,0.01,0,0
vda,1.40,0.00,0.01,0,0
vda,5.60,0.00,0.02,0,0
vda,8.20,0.00,0.23,0,1
vda,2.40,0.00,0.01,0,0
vda,7.00,0.00,0.04,0,0
vda,18.20,0.00,0.09,0,0
vda,1.80,0.00,0.01,0,0
vda,119.40,0.00,0.49,0,2
vda,9.00,0.00,0.04,0,0
vda,1.20,0.00,0.00,0,0
vda,8.20,0.00,0.04,0,0
vda,0.00,0.00,0.00,0,0
vda,2.40,0.00,0.01,0,0
vda,28.20,0.00,0.12,0,0
vda,193.00,0.00,0.99,0,4
vda,3.60,0.00,0.01,0,0
vda,5.40,0.00,0.02,0,0
vda,1.20,0.00,0.00,0,0
vda,0.00,0.00,0.00,0,0
vda,1.60,0.00,0.01,0,0
vda,36.00,0.00,0.16,0,0
vda,4.00,0.00,0.02,0,0
vda,173.80,0.00,0.68,0,3
vda,8.40,0.00,0.03,0,0
vda,0.00,0.00,0.00,0,0
vda,1.40,0.00,0.01,0,0
vda,13.80,0.00,0.26,0,1
vda,15.00,0.00,0.06,0,0
vda,12.40,0.00,0.07,0,0
vda,3.20,0.00,0.01,0,0
vda,1.60,0.00,0.03,0,0
vda,118.20,0.00,0.46,0,2
vda,4.00,0.00,0.02,0,0
vda,1.60,0.00,0.01,0,0
vda,0.20,0.00,0.00,0,0
vda,31.00,0.00,0.14,0,0
vda,1.60,0.00,0.01,0,0
vda,3.80,0.00,0.01,0,0
vda,14.20,0.00,0.26,0,1
vda,3.60,0.00,0.01,0,0
vda,192.00,2.97,0.68,14,3
vda,11.40,0.08,0.04,0,0
vda,21.40,0.00,0.11,0,0
vda,6.59,0.00,0.07,0,0
vda,3.00,0.00,0.02,0,0
vda,142.80,0.00,0.57,0,2
vda,6.00,0.00,0.02,0,0
vda,0.00,0.00,0.00,0,0
vda,1.20,0.00,0.00,0,0
vda,5.00,0.00,0.02,0,0
