vda,0.40,0.00,0.00,0,0
vda,1.80,0.00,0.01,0,0
vda,0.00,0.00,0.00,0,0
vda,24.15,0.00,0.12,0,0
vda,2.20,0.00,0.01,0,0
vda,0.00,0.00,0.00,0,0
vda,0.60,0.00,0.00,0,0
vda,369.20,4.59,0.00,22,0
vda,170.60,1.83,0.02,9,0
vda,334.20,4.43,0.01,22,0
vda,26.60,0.30,0.02,1,0
vda,150.40,1.39,0.02,6,0
vda,7.40,0.04,0.02,0,0
vda,5.40,0.00,0.03,0,0
vda,7.40,0.00,0.03,0,0
vda,6.20,0.00,0.08,0,0
vda,10.80,0.00,0.04,0,0
vda,5.00,0.00,0.02,0,0
vda,7.00,0.00,0.06,0,0
vda,3.20,0.00,0.02,0,0
vda,0.40,0.00,0.01,0,0
vda,8.80,0.00,0.04,0,0
vda,4.20,0.00,0.02,0,0
vda,16.60,0.01,1.04,0,5
vda,3.60,0.00,0.01,0,0
vda,6.80,0.00,0.03,0,0
vda,3.40,0.00,0.01,0,0
vda,1.60,0.00,0.01,0,0
vda,15.00,0.08,0.06,0,0
vda,0.80,0.00,0.01,0,0
vda,8.40,0.00,0.04,0,0
vda,1.20,0.00,0.00,0,0
vda,0.80,0.00,0.00,0,0
vda,0.00,0.00,0.00,0,0
vda,4.00,0.00,0.02,0,0
vda,2.20,0.00,0.01,0,0
vda,0.00,0.00,0.00,0,0
