vda,0.60,0.00,0.00,0,0
vda,1.60,0.00,0.01,0,0
vda,0.60,0.00,0.00,0,0
vda,0.00,0.00,0.00,0,0
vda,28.20,0.27,0.00,1,0
vda,4.00,0.07,0.01,0,0
vda,25.60,0.00,0.12,0,0
vda,380.40,4.65,0.02,23,0
vda,166.80,1.90,0.01,9,0
vda,325.00,4.33,0.02,21,0
vda,82.00,27.86,0.00,139,0
vda,31.20,6.97,0.01,34,0
vda,32.80,11.30,0.01,56,0
vda,4.20,0.00,0.02,0,0
vda,10.40,0.40,0.05,2,0
vda,2.00,0.00,0.06,0,0
vda,4.40,0.43,0.01,2,0
vda,3.40,1.20,0.01,6,0
vda,7.78,2.02,0.01,10,0
vda,137.00,1.30,0.00,6,0
vda,32.40,0.11,0.07,0,0
vda,6.20,0.00,0.02,0,0
vda,9.60,0.00,0.05,0,0
vda,20.80,0.00,0.08,0,0
vda,5.20,0.00,0.02,0,0
vda,7.40,0.02,0.03,0,0
vda,11.20,0.00,0.04,0,0
vda,6.40,0.00,0.03,0,0
vda,13.80,0.18,0.03,0,0
vda,33.60,0.00,0.17,0,0
vda,4.60,0.00,0.02,0,0
vda,1.60,0.09,0.00,0,0
vda,6.60,0.00,0.03,0,0
vda,11.00,0.00,0.04,0,0
vda,0.40,0.00,0.00,0,0
vda,1.80,0.00,0.01,0,0
vda,8.00,0.00,0.04,0,0
vda,0.40,0.00,0.00,0,0
vda,1.60,0.00,0.01,0,0
vda,3.20,0.00,0.02,0,0
