vda,2.40,0.00,0.01,0,0
vda,0.80,0.00,0.00,0,0
vda,0.80,0.00,0.00,0,0
vda,0.00,0.00,0.00,0,0
vda,1.80,0.00,0.01,0,0
vda,1.80,0.00,0.01,0,0
vda,15.00,0.00,0.08,0,0
vda,2.80,0.00,0.01,0,0
vda,6.00,0.00,0.02,0,0
vda,2.00,0.00,0.01,0,0
vda,8.60,0.38,0.01,1,0
vda,32.40,8.38,0.03,41,0
vda,12.00,4.80,0.00,24,0
vda,2.80,0.00,0.01,0,0
vda,8.60,0.00,0.06,0,0
vda,11.20,0.00,0.09,0,0
vda,4.00,0.00,0.02,0,0
vda,6.00,0.00,0.03,0,0
vda,10.00,0.00,0.05,0,0
vda,0.00,0.00,0.00,0,0
vda,5.80,0.00,0.03,0,0
vda,7.60,0.00,0.07,0,0
vda,11.20,0.00,5.29,0,26
vda,13.40,0.00,0.06,0,0
vda,5.80,0.00,0.02,0,0
vda,3.00,0.00,0.01,0,0
vda,9.40,0.00,0.04,0,0
vda,4.40,0.00,0.03,0,0
vda,15.20,0.00,4.06,0,20
vda,10.40,0.00,2.72,0,13
vda,11.40,0.00,5.35,0,26
vda,5.80,0.00,1.37,0,6
vda,20.40,0.00,5.40,0,27
vda,3.80,0.00,1.35,0,6
vda,12.00,0.00,5.36,0,26
vda,14.60,0.01,1.42,0,7
vda,12.20,0.00,4.03,0,20
vda,2.40,0.02,0.00,0,0
vda,1.00,0.00,0.00,0,0
vda,0.00,0.00,0.00,0,0
vda,0.60,0.00,0.00,0,0
vda,0.60,0.00,0.01,0,0
vda,18.80,0.00,0.10,0,0
vda,2.20,0.00,0.01,0,0
vda,0.20,0.00,0.00,0,0
