vda,1.40,0.00,0.01,0,0
vda,23.00,0.00,0.11,0,0
vda,33.00,0.34,0.02,1,0
vda,2.00,0.00,0.01,0,0
vda,2.00,0.00,0.01,0,0
vda,12.40,0.00,0.05,0,0
vda,2.00,0.00,0.01,0,0
vda,2.00,0.00,0.01,0,0
vda,0.00,0.00,0.00,0,0
vda,1.80,0.00,0.01,0,0
vda,1.80,0.00,0.01,0,0
vda,0.80,0.00,0.01,0,0
vda,265.40,3.30,0.03,16,0
vda,345.00,4.07,0.02,20,0
vda,289.40,8.71,0.00,43,0
vda,50.80,0.48,0.07,2,0
vda,113.20,0.89,0.04,4,0
vda,9.98,0.00,0.97,0,4
vda,8.62,0.00,0.03,0,0
vda,9.58,0.00,0.04,0,0
vda,5.60,0.00,0.02,0,0
vda,7.20,0.00,0.03,0,0
vda,11.00,0.09,0.08,0,0
vda,7.40,0.00,0.03,0,0
vda,2.00,0.00,0.01,0,0
vda,1.80,0.00,0.01,0,0
vda,0.00,0.00,0.00,0,0
vda,1.80,0.00,0.01,0,0
vda,2.80,0.00,0.01,0,0
vda,14.20,0.00,0.06,0,0
vda,1.80,0.00,0.01,0,0
vda,2.00,0.00,0.01,0,0
