vda,0.60,0.00,0.00,0,0
vda,2.00,0.00,0.01,0,0
vda,32.00,0.34,0.01,1,0
vda,2.80,0.00,0.01,0,0
vda,1.40,0.00,0.01,0,0
vda,23.40,0.00,0.10,0,0
vda,2.20,0.00,0.01,0,0
vda,2.00,0.00,0.01,0,0
vda,1.80,0.00,0.01,0,0
vda,0.80,0.00,0.01,0,0
vda,1.80,0.00,0.01,0,0
vda,2.20,0.00,0.01,0,0
vda,361.60,4.41,0.01,22,0
vda,162.40,1.81,0.02,9,0
vda,356.80,4.62,0.01,23,0
vda,161.20,1.54,0.02,7,0
vda,9.00,0.04,0.03,0,0
vda,8.20,0.00,0.03,0,0
vda,12.40,0.00,0.05,0,0
vda,11.80,0.00,0.09,0,0
vda,9.00,0.00,0.04,0,0
vda,6.60,0.00,0.07,0,0
vda,9.20,0.00,0.04,0,0
vda,2.80,0.00,0.01,0,0
vda,4.60,0.00,0.02,0,0
vda,4.40,0.09,0.02,0,0
vda,18.20,0.00,0.10,0,0
vda,0.20,0.00,0.00,0,0
vda,2.60,0.00,0.01,0,0
vda,2.20,0.00,0.01,0,0
vda,1.80,0.00,0.01,0,0
vda,8.20,0.00,0.04,0,0
vda,2.20,0.00,0.01,0,0
vda,5.80,0.00,0.03,0,0
