3582152.0,51051.2,2499.2
3457000.0,79576.0,3568.0
3457000.0,79576.0,3568.0
2909712.8,248612.8,3827.2
720564.0,924760.0,4864.0
720564.0,924760.0,4864.0
565531.46667,829423.46667,4720.0
139192.0,567248.0,4324.0
137276.26667,544454.4,4346.4
132008.0,481772.0,4408.0
132008.0,481772.0,4408.0
198142.66667,417465.33333,4429.3333333
330412.0,288852.0,4472.0
330412.0,288852.0,4472.0
266754.66667,342418.66667,4496.0
139440.0,449552.0,4544.0
144798.4,448108.8,4569.6
152836.0,445944.0,4608.0
152836.0,445944.0,4608.0
221735.2,379297.6,4881.6
325084.0,279328.0,5292.0
325084.0,279328.0,5292.0
229075.73333,366167.2,5321.8666667
119352.0,465412.0,5356.0
119352.0,465412.0,5356.0
114317.6,461014.13333,5385.8666667
108564.0,455988.0,5420.0
170488.8,399941.33333,5455.4666667
241260.0,335888.0,5496.0
241260.0,335888.0,5496.0
193924.0,382408.0,5484.8
122920.0,452188.0,5468.0
126182.66667,449834.66667,4270.6666667
132708.0,445128.0,1876.0
132708.0,445128.0,1876.0
232442.66667,341541.33333,1896.0
431912.0,134368.0,1936.0
431912.0,134368.0,1936.0
364542.66667,194252.0,1957.3333333
229804.0,314020.0,2000.0
196168.0,341460.0,2060.0
128896.0,396340.0,2180.0
128896.0,396340.0,2180.0
228823.46667,297005.6,2197.0666667
503624.0,23836.0,2244.0
503624.0,23836.0,2244.0
