vda,1.00,0.00,0.01,0,0
vda,22.80,0.00,0.10,0,0
vda,1.60,0.00,0.01,0,0
vda,0.00,0.00,0.00,0,0
vda,1.80,0.00,0.01,0,0
vda,1.00,0.00,0.00,0,0
vda,1.00,0.00,0.01,0,0
vda,1.40,0.00,0.01,0,0
vda,0.00,0.00,0.00,0,0
vda,2.60,0.00,0.01,0,0
vda,0.00,0.00,0.00,0,0
vda,7.80,0.00,0.03,0,0
vda,234.80,2.88,0.01,14,0
vda,291.60,3.36,0.02,16,0
vda,226.20,3.34,0.01,16,0
vda,277.80,2.77,0.02,13,0
vda,10.60,0.04,0.03,0,0
vda,21.40,0.01,0.08,0,0
vda,9.00,0.09,0.05,0,0
vda,0.20,0.00,0.00,0,0
vda,16.20,0.00,0.08,0,0
vda,1.60,0.00,0.01,0,0
vda,0.00,0.00,0.00,0,0
vda,11.60,0.00,0.05,0,0
vda,1.40,0.00,0.01,0,0
vda,2.60,0.00,0.01,0,0
vda,0.80,0.00,0.00,0,0
