vda,1.20,0.00,0.01,0,0
vda,30.40,0.00,0.13,0,0
vda,2.00,0.00,0.01,0,0
vda,2.40,0.00,0.01,0,0
vda,4.80,0.00,0.02,0,0
vda,13.00,0.00,0.06,0,0
vda,0.00,0.00,0.00,0,0
vda,412.60,4.98,0.01,24,0
vda,416.00,5.41,0.02,27,0
vda,52.20,0.53,0.02,2,0
vda,13.40,0.11,0.01,0,0
vda,141.60,1.30,0.02,6,0
vda,12.20,0.03,0.05,0,0
vda,9.00,0.00,0.05,0,0
vda,11.80,0.00,0.09,0,0
vda,5.00,0.00,0.02,0,0
vda,10.00,0.00,0.04,0,0
vda,1.00,0.00,0.01,0,0
vda,4.40,0.00,0.02,0,0
vda,12.20,0.00,0.09,0,0
vda,10.80,0.09,0.05,0,0
vda,7.00,0.00,0.03,0,0
vda,0.00,0.00,0.00,0,0
vda,5.00,0.00,0.02,0,0
vda,2.60,0.00,0.01,0,0
vda,0.00,0.00,0.00,0,0
vda,2.00,0.00,0.01,0,0
vda,7.00,0.00,0.03,0,0
vda,2.60,0.00,0.01,0,0
vda,9.40,0.00,0.04,0,0
vda,2.40,0.00,0.01,0,0
vda,2.00,0.00,0.01,0,0
vda,4.00,0.00,0.02,0,0
vda,0.40,0.00,0.00,0,0
vda,4.20,0.00,0.02,0,0
