vda,4.40,0.07,0.01,0,0
vda,30.00,0.00,0.14,0,0
vda,2.80,0.00,0.01,0,0
vda,2.00,0.00,0.01,0,0
vda,0.00,0.00,0.00,0,0
vda,1.80,0.00,0.01,0,0
vda,4.80,0.00,0.02,0,0
vda,442.80,5.44,0.03,27,0
vda,436.00,5.58,0.02,27,0
vda,86.20,15.56,0.04,77,0
vda,12.80,0.17,0.01,0,0
vda,134.00,1.16,0.02,5,0
vda,37.60,0.00,2.41,0,12
vda,14.00,0.00,0.05,0,0
vda,11.20,0.08,0.05,0,0
vda,6.39,0.00,0.02,0,0
vda,1.80,0.00,0.01,0,0
vda,1.80,0.00,0.01,0,0
vda,2.80,0.00,0.01,0,0
vda,0.20,0.00,0.00,0,0
vda,10.00,0.00,0.08,0,0
vda,2.40,0.00,0.01,0,0
vda,2.00,0.00,0.01,0,0
vda,9.80,0.00,0.04,0,0
vda,4.20,0.00,0.02,0,0
vda,0.00,0.00,0.00,0,0
vda,2.00,0.00,0.01,0,0
vda,2.00,0.00,0.01,0,0
vda,0.00,0.00,0.00,0,0
