vda,13.20,0.00,0.25,0,1
vda,20.60,0.00,0.08,0,0
vda,10.20,0.00,0.06,0,0
vda,53.60,0.00,0.21,0,1
vda,3.00,0.00,0.02,0,0
vda,1.20,0.00,0.00,0,0
vda,122.80,0.00,0.48,0,2
vda,2.60,0.00,0.01,0,0
vda,7.00,0.00,0.03,0,0
vda,19.40,0.00,0.09,0,0
vda,3.00,0.00,0.01,0,0
vda,2.40,0.00,0.01,0,0
vda,74.60,0.00,0.49,0,2
vda,10.20,0.00,0.04,0,0
vda,5.40,0.00,0.02,0,0
vda,118.20,0.00,0.46,0,2
vda,24.80,0.00,0.11,0,0
vda,18.80,0.00,0.10,0,0
vda,5.00,0.00,0.03,0,0
vda,6.20,0.00,0.16,0,0
vda,11.80,0.00,0.05,0,0
vda,39.20,0.00,0.15,0,0
vda,3.40,0.00,0.02,0,0
vda,0.40,0.00,0.00,0,0
vda,146.00,0.00,0.62,0,3
vda,7.40,0.00,0.22,0,1
vda,7.80,0.00,0.05,0,0
vda,2.80,0.00,0.01,0,0
vda,9.00,0.00,0.04,0,0
