vda,3.20,0.00,0.01,0,0
vda,21.20,0.00,0.09,0,0
vda,2.00,0.00,0.01,0,0
vda,1.80,0.00,0.01,0,0
vda,2.80,0.00,0.01,0,0
vda,2.20,0.00,0.01,0,0
vda,1.00,0.00,0.01,0,0
vda,415.00,5.13,0.01,25,0
vda,100.00,1.05,0.04,5,0
vda,361.60,4.72,0.02,23,0
vda,158.20,1.40,0.05,6,0
vda,6.20,0.03,0.02,0,0
vda,7.40,0.00,0.03,0,0
vda,18.20,0.00,0.08,0,0
vda,6.40,0.00,0.03,0,0
vda,14.80,0.09,0.14,0,0
vda,3.80,0.00,0.01,0,0
vda,0.00,0.00,0.00,0,0
vda,2.20,0.00,0.01,0,0
vda,9.80,0.00,0.04,0,0
vda,2.40,0.00,0.01,0,0
vda,1.80,0.00,0.01,0,0
vda,6.40,0.00,0.03,0,0
vda,2.80,0.00,0.01,0,0
vda,2.40,0.00,0.01,0,0
vda,2.40,0.00,0.01,0,0
vda,11.00,0.00,0.05,0,0
vda,2.20,0.00,0.01,0,0
vda,2.00,0.00,0.01,0,0
vda,0.00,0.00,0.00,0,0
