vda,0.00,0.00,0.00,0,0
vda,144.40,0.00,0.58,0,2
vda,5.80,0.00,0.02,0,0
vda,0.00,0.00,0.00,0,0
vda,200.40,0.00,0.80,0,4
vda,5.20,0.00,0.02,0,0
vda,1.40,0.00,0.01,0,0
vda,0.00,0.00,0.00,0,0
vda,129.20,0.00,0.51,0,2
vda,5.40,0.00,0.02,0,0
vda,7.20,0.00,0.22,0,1
vda,8.60,0.00,0.03,0,0
vda,7.40,0.00,0.03,0,0
vda,149.60,0.00,0.67,0,3
vda,5.60,0.00,0.02,0,0
vda,15.17,3.53,0.01,17,0
vda,0.20,0.00,0.00,0,0
vda,206.79,0.00,0.95,0,4
vda,8.40,0.00,0.03,0,0
vda,0.60,0.00,0.00,0,0
vda,5.20,0.00,0.02,0,0
vda,135.00,0.00,0.56,0,2
vda,8.60,0.00,0.23,0,1
vda,0.00,0.00,0.00,0,0
vda,6.80,0.00,0.03,0,0
vda,75.60,0.00,0.31,0,1
