vda,3.80,1.23,0.00,6,0
vda,32.20,0.80,0.13,4,0
vda,4.20,1.20,0.00,6,0
vda,2.60,0.81,0.00,4,0
vda,16.40,1.24,0.06,6,0
vda,3.00,0.80,0.00,4,0
vda,3.20,1.23,0.00,6,0
vda,3.00,0.80,0.00,4,0
vda,14.40,1.25,0.04,6,0
vda,4.80,0.83,0.01,4,0
vda,11.00,1.20,0.09,6,0
vda,13.60,0.91,0.01,4,0
vda,6.20,1.20,0.01,6,0
vda,2.20,0.80,0.00,4,0
vda,16.40,1.20,0.07,6,0
vda,5.40,0.80,0.01,4,0
vda,6.60,1.22,0.01,6,0
vda,3.40,0.83,0.00,4,0
vda,7.20,1.20,0.03,6,0
vda,7.60,0.83,0.03,4,0
vda,3.60,0.80,0.01,4,0
vda,5.40,1.20,0.01,6,0
vda,13.00,0.83,0.05,4,0
vda,3.20,1.20,0.00,6,0
vda,2.60,0.80,0.00,4,0
vda,3.20,1.20,0.00,6,0
vda,2.80,0.80,0.00,4,0
vda,3.00,1.20,0.00,6,0
vda,5.00,0.80,0.02,4,0
vda,7.20,1.22,0.01,6,0
vda,3.60,0.83,0.01,4,0
vda,4.40,1.20,0.01,6,0
vda,4.20,0.83,0.01,4,0
vda,3.00,1.20,0.00,6,0
vda,3.20,0.80,0.01,4,0
vda,4.40,1.23,0.00,6,0
vda,6.40,0.80,0.02,4,0
vda,13.60,1.36,0.01,6,0
vda,141.20,1.94,0.04,9,0
vda,13.40,1.20,3.42,6,17
vda,8.00,0.81,0.02,4,0
vda,8.60,1.20,0.02,6,0
vda,10.20,0.82,0.03,4,0
vda,4.80,0.83,0.01,4,0
vda,29.40,1.20,17.27,6,86
vda,16.00,0.83,0.05,4,0
vda,3.00,1.20,0.00,6,0
vda,2.60,0.80,0.00,4,0
vda,9.00,1.23,0.02,6,0
vda,5.80,0.80,0.01,4,0
vda,22.80,1.20,11.86,6,59
vda,9.80,0.80,0.03,4,0
vda,4.00,1.20,0.00,6,0
vda,4.80,0.80,0.01,4,0
vda,38.00,1.20,18.79,6,93
vda,7.20,0.82,0.02,4,0
vda,8.40,1.23,0.02,6,0
vda,7.80,0.80,0.02,4,0
vda,34.80,1.23,18.55,6,92
vda,8.20,0.80,0.02,4,0
vda,14.57,1.20,0.05,6,0
vda,6.60,0.83,0.02,4,0
vda,20.40,1.20,0.07,6,0
vda,5.60,0.80,0.01,4,0
vda,32.80,1.20,14.02,6,70
vda,9.40,0.80,0.03,4,0
vda,5.40,0.80,0.01,4,0
vda,4.20,1.20,0.01,6,0
vda,10.00,0.82,0.03,4,0
vda,3.20,1.23,0.00,6,0
vda,3.00,0.80,0.01,4,0
vda,9.40,1.23,0.03,6,0
vda,3.20,0.80,0.00,4,0
vda,12.40,1.20,0.04,6,0
vda,3.40,0.83,0.00,4,0
vda,3.00,1.20,0.00,6,0
vda,4.20,0.80,0.01,4,0
