vda,0.60,0.00,0.00,0,0
vda,3.60,0.00,0.02,0,0
vda,0.00,0.00,0.00,0,0
vda,0.60,0.00,0.00,0,0
vda,15.60,0.00,0.08,0,0
vda,1.20,0.00,0.00,0,0
vda,0.40,0.00,0.00,0,0
vda,59.20,0.95,0.01,4,0
vda,205.80,15.55,0.15,77,0
vda,46.60,15.56,0.01,77,0
vda,62.00,22.73,0.01,113,0
vda,64.00,24.21,0.00,121,0
vda,66.40,20.20,0.06,101,0
vda,60.00,20.50,0.01,102,0
vda,45.00,16.18,0.01,80,0
vda,65.20,25.35,0.00,126,0
vda,71.80,25.41,0.01,127,0
vda,55.20,20.00,0.01,100,0
vda,66.20,23.22,0.03,116,0
vda,66.40,22.15,0.04,110,0
vda,41.80,15.27,0.00,76,0
vda,7.40,0.00,0.04,0,0
vda,59.80,0.71,0.01,3,0
vda,5.00,0.01,0.02,0,0
vda,14.40,0.00,9.26,0,46
vda,8.40,0.00,0.03,0,0
vda,19.00,0.00,14.36,0,71
vda,5.20,0.00,0.02,0,0
vda,9.80,0.05,0.03,0,0
vda,4.00,0.00,0.02,0,0
vda,27.80,0.00,13.08,0,65
vda,0.00,0.00,0.00,0,0
vda,19.40,0.00,12.22,0,61
vda,7.40,0.00,0.03,0,0
vda,4.80,0.00,0.02,0,0
vda,17.60,0.00,0.07,0,0
vda,16.00,0.02,0.06,0,0
vda,4.60,0.04,0.01,0,0
vda,29.60,0.00,12.02,0,60
vda,8.40,0.00,0.03,0,0
vda,17.60,0.00,13.41,0,67
vda,6.60,0.00,0.03,0,0
vda,2.20,0.00,0.01,0,0
vda,20.20,0.00,13.52,0,67
vda,12.80,0.02,0.03,0,0
vda,23.60,0.01,14.33,0,71
vda,18.80,0.09,0.00,0,0
vda,3.40,0.00,0.01,0,0
vda,0.80,0.00,0.00,0,0
vda,22.20,0.00,12.99,0,64
vda,22.40,0.00,12.97,0,64
vda,8.80,0.00,0.03,0,0
vda,4.80,0.00,0.02,0,0
vda,3.00,0.00,0.01,0,0
vda,29.80,0.09,12.66,0,63
vda,25.00,0.00,5.32,0,26
vda,13.00,0.00,7.56,0,37
vda,17.40,0.00,7.39,0,36
vda,35.40,0.00,6.06,0,30
vda,20.00,0.00,0.08,0,0
vda,34.60,0.00,13.59,0,67
vda,9.20,0.00,0.04,0,0
vda,10.00,0.00,13.10,0,65
vda,8.00,0.00,0.03,0,0
vda,4.00,0.00,0.02,0,0
vda,7.40,0.06,0.02,0,0
vda,25.60,0.00,13.07,0,65
vda,13.20,0.00,2.28,0,11
vda,10.40,0.00,11.86,0,59
vda,2.60,0.00,0.01,0,0
vda,2.20,0.00,0.01,0,0
vda,7.60,0.00,7.52,0,37
vda,7.20,0.00,4.96,0,24
vda,14.60,0.00,7.03,0,35
vda,9.60,0.01,5.99,0,29
vda,7.20,0.00,0.03,0,0
vda,3.60,0.00,0.01,0,0
vda,17.60,0.00,7.45,0,37
vda,53.80,0.00,6.50,0,32
vda,19.00,0.00,6.04,0,30
vda,26.80,0.00,12.42,0,62
vda,3.80,0.00,0.01,0,0
vda,4.80,0.00,0.02,0,0
vda,0.80,0.00,0.00,0,0
vda,0.00,0.00,0.00,0,0
vda,2.40,0.00,0.01,0,0
vda,2.60,0.00,0.63,0,3
vda,10.60,0.11,4.54,0,22
vda,11.80,0.00,0.05,0,0
vda,0.00,0.00,0.00,0,0
vda,0.60,0.00,0.00,0,0
vda,0.80,0.00,0.00,0,0
vda,6.60,0.00,0.03,0,0
vda,1.20,0.00,0.01,0,0
vda,6.40,0.00,0.05,0,0
vda,2.40,0.06,0.01,0,0
vda,8.40,0.00,0.03,0,0
