712804.8,2618982.1333,36314.4
566320.0,2624664.0,36420.0
566320.0,2624664.0,36420.0
450915.2,2302780.2667,36753.866667
133552.0,1417600.0,37672.0
139034.66667,1178158.9333,37694.4
154112.0,519696.0,37756.0
154112.0,519696.0,37756.0
141885.33333,405876.0,25848.0
117432.0,178236.0,2032.0
117432.0,178236.0,2032.0
122255.46667,187257.86667,1841.0666667
135520.0,212068.0,1316.0
132848.8,214128.8,1379.2
122164.0,222372.0,1632.0
122164.0,222372.0,1632.0
121521.86667,217488.8,1557.3333333
119756.0,204060.0,1352.0
119756.0,204060.0,1352.0
168405.33333,148337.33333,1217.3333333
265704.0,36892.0,948.0
206838.4,86084.0,1106.4
118540.0,159872.0,1344.0
118540.0,159872.0,1344.0
123548.0,164158.66667,1122.6666667
133564.0,172732.0,680.0
133564.0,172732.0,680.0
183742.66667,124066.66667,974.66666667
284100.0,26736.0,1564.0
1315738.6667,30692.0,1612.0
