vda,0.60,0.00,0.00,0,0
vda,2.00,0.00,0.01,0,0
vda,1.80,0.00,0.01,0,0
vda,33.20,0.34,0.02,1,0
vda,0.80,0.00,0.01,0,0
vda,5.00,0.00,0.02,0,0
vda,24.60,0.00,0.10,0,0
vda,448.60,5.52,0.02,27,0
vda,438.40,10.29,0.02,51,0
vda,45.00,10.99,0.01,54,0
vda,84.00,2.95,0.02,14,0
vda,69.00,0.55,0.02,2,0
vda,9.00,0.00,0.05,0,0
vda,10.40,0.00,0.05,0,0
vda,7.00,0.00,0.08,0,0
vda,5.00,0.00,0.02,0,0
vda,7.20,0.00,0.03,0,0
vda,7.60,0.00,0.03,0,0
vda,11.80,0.00,0.05,0,0
vda,10.20,0.00,0.07,0,0
vda,8.98,0.09,0.04,0,0
vda,8.80,0.00,0.04,0,0
vda,2.60,0.00,0.01,0,0
vda,2.00,0.00,0.01,0,0
vda,1.80,0.00,0.01,0,0
vda,1.80,0.00,0.01,0,0
vda,6.80,0.00,0.04,0,0
vda,2.00,0.00,0.01,0,0
vda,4.80,0.00,0.02,0,0
vda,3.40,0.03,0.01,0,0
vda,2.20,0.00,0.01,0,0
vda,1.80,0.00,0.01,0,0
vda,1.80,0.00,0.01,0,0
vda,2.40,0.00,0.01,0,0
