3225488.0,161146.66667,5625.8666667
3224688.0,161552.0,5660.0
3224688.0,161552.0,5660.0
2205600.0,438484.8,5746.4
676968.0,853884.0,5876.0
487729.33333,772682.66667,5349.3333333
109252.0,610280.0,4296.0
109252.0,610280.0,4296.0
114514.93333,548479.46667,4314.1333333
128988.0,378528.0,4364.0
139268.53333,379556.26667,4381.0666667
167540.0,382384.0,4428.0
167540.0,382384.0,4428.0
151813.06667,397733.33333,4445.0666667
108564.0,439944.0,4492.0
108564.0,439944.0,4492.0
112620.0,435988.8,4506.4
128844.0,420168.0,4564.0
140398.13333,402495.46667,4585.3333333
172172.0,353896.0,4644.0
172172.0,353896.0,4644.0
790886.4,304646.4,4655.2
3265744.0,107648.0,4700.0
