vda,33.20,0.34,0.02,1,0
vda,33.40,0.00,0.15,0,0
vda,0.20,0.00,0.00,0,0
vda,2.20,0.00,0.01,0,0
vda,5.00,0.00,0.02,0,0
vda,2.20,0.00,0.01,0,0
vda,3.00,0.00,0.02,0,0
vda,2.40,0.00,0.01,0,0
vda,4.20,0.00,0.02,0,0
vda,2.00,0.00,0.01,0,0
vda,12.00,0.00,0.05,0,0
vda,2.60,0.00,0.01,0,0
vda,374.00,4.49,0.06,22,0
vda,393.20,5.25,0.02,26,0
vda,139.20,5.02,0.02,25,0
vda,142.80,1.63,0.01,8,0
vda,7.60,0.00,0.03,0,0
vda,13.00,0.00,0.05,0,0
vda,7.00,0.09,0.04,0,0
vda,11.38,0.00,0.08,0,0
vda,2.40,0.00,0.01,0,0
vda,2.20,0.00,0.01,0,0
vda,0.00,0.00,0.00,0,0
vda,1.80,0.00,0.01,0,0
vda,3.00,0.00,0.01,0,0
vda,9.00,0.00,0.04,0,0
vda,2.00,0.00,0.01,0,0
vda,2.80,0.00,0.01,0,0
