3837020.0,3694252.0,21944.0
3837020.0,3694252.0,21944.0
1974953.3333,3778182.6667,22066.666667
1043920.0,3820148.0,22128.0
1043920.0,3820148.0,22128.0
600602.66667,3912148.0,22165.333333
378944.0,3958148.0,22184.0
259829.6,3979335.2,22222.4
180420.0,3993460.0,22248.0
180420.0,3993460.0,22248.0
196825.33333,3973037.6,22284.266667
211180.0,3955168.0,22316.0
211180.0,3955168.0,22316.0
171199.2,4000733.8667,22352.266667
136216.0,4040604.0,22384.0
152056.0,4020601.8667,22416.0
165916.0,4003100.0,22444.0
165916.0,4003100.0,22444.0
2195742.1333,3764768.2667,22476.0
