7562816.0,80512.0,14756.0
7562816.0,80512.0,14756.0
6317156.8,284600.0,14786.4
4448668.0,590732.0,14832.0
3796546.6667,916094.66667,14856.0
2492304.0,1566820.0,14904.0
2492304.0,1566820.0,14904.0
1862840.0,1915378.4,14929.6
918644.0,2438216.0,14968.0
918644.0,2438216.0,14968.0
608784.8,2411331.2,14990.4
143996.0,2371004.0,15024.0
144316.0,2159464.8,15051.2
144796.0,1842156.0,15092.0
144796.0,1842156.0,15092.0
165511.2,1848992.8,15120.8
196584.0,1859248.0,15164.0
196584.0,1859248.0,15164.0
170915.2,1883068.8,15186.4
132412.0,1918800.0,15220.0
132412.0,1918800.0,15220.0
135816.8,1851937.8667,15246.133333
139708.0,1775524.0,15276.0
378301.6,1524007.4667,15305.866667
650980.0,1236560.0,15340.0
650980.0,1236560.0,15340.0
543641.06667,1340596.8,15371.733333
420968.0,1459496.0,15408.0
420968.0,1459496.0,15408.0
301548.0,1574913.8667,15430.4
165068.0,1706820.0,15456.0
153005.6,1696908.0,15489.6
139220.0,1685580.0,15528.0
139220.0,1685580.0,15528.0
141079.2,1681186.4,15553.6
143868.0,1674596.0,15592.0
143868.0,1674596.0,15592.0
142215.2,1673224.8,15616.0
139736.0,1671168.0,15652.0
140411.2,1668585.6,15674.4
141424.0,1664712.0,15708.0
141424.0,1664712.0,15708.0
393095.46667,1392871.2,15734.133333
680720.0,1082196.0,15764.0
680720.0,1082196.0,15764.0
583830.4,1176252.0,15791.2
438496.0,1317336.0,15832.0
348390.66667,1404445.3333,15860.0
168180.0,1578664.0,15916.0
168180.0,1578664.0,15916.0
159039.2,1558697.6,15941.6
145328.0,1528748.0,15980.0
139709.33333,1533506.6667,15998.666667
128472.0,1543024.0,16036.0
128472.0,1543024.0,16036.0
127380.0,1543578.6667,16057.333333
125196.0,1544688.0,16100.0
125196.0,1544688.0,16100.0
125337.33333,1542682.6667,16118.666667
125620.0,1538672.0,16156.0
345116.0,1325036.0,16177.333333
784108.0,897764.0,16220.0
784108.0,897764.0,16220.0
717215.2,963545.33333,16238.133333
533260.0,1144444.0,16288.0
533260.0,1144444.0,16288.0
468391.73333,1207561.8667,16307.2
290004.0,1381136.0,16360.0
246670.66667,1402489.3333,16378.666667
160004.0,1445196.0,16416.0
160004.0,1445196.0,16416.0
151928.0,1453001.3333,16432.0
135776.0,1468612.0,16464.0
135776.0,1468612.0,16464.0
136509.33333,1467566.6667,16485.333333
137976.0,1465476.0,16528.0
137976.0,1465476.0,16528.0
151886.4,1463047.2,16552.0
172752.0,1459404.0,16588.0
441680.8,1192769.3333,16617.866667
749028.0,888044.0,16652.0
749028.0,888044.0,16652.0
622936.8,990727.2,16676.0
433800.0,1144752.0,16712.0
433800.0,1144752.0,16712.0
330670.4,1245038.4,16736.0
175976.0,1395468.0,16772.0
162657.33333,1412125.3333,16796.0
136020.0,1445440.0,16844.0
136020.0,1445440.0,16844.0
135197.6,1445968.0,16860.0
132936.0,1447420.0,16904.0
135130.66667,1444569.3333,16926.666667
139520.0,1438868.0,16972.0
139520.0,1438868.0,16972.0
140140.0,1437674.6667,16993.333333
141380.0,1435288.0,17036.0
141380.0,1435288.0,17036.0
338860.0,1247264.0,17052.0
733820.0,871216.0,17084.0
733820.0,871216.0,17084.0
617239.2,987681.06667,17113.866667
484004.0,1120784.0,17148.0
364057.6,1237390.9333,17177.866667
226976.0,1370656.0,17212.0
226976.0,1370656.0,17212.0
180765.86667,1383415.4667,17241.866667
140332.0,1394580.0,17268.0
140332.0,1394580.0,17268.0
860231.73333,692681.33333,17302.133333
1490144.0,78520.0,17332.0
5131505.6,78287.2,17368.0
7559080.0,78132.0,17392.0
