vda,21.20,0.00,151.20,0,756
vda,0.40,0.00,17.60,0,88
vda,54.00,0.00,245.60,0,1228
vda,28.40,0.00,121.60,0,608
vda,11.60,0.00,52.80,0,264
vda,20.00,0.00,147.20,0,736
vda,5.80,0.00,36.00,0,180
vda,16.40,0.00,132.00,0,660
vda,71.80,0.00,312.80,0,1564
vda,30.80,0.00,159.20,0,796
vda,9.00,0.00,99.20,0,496
vda,37.60,0.00,159.20,0,796
vda,38.80,0.00,164.80,0,824
vda,11.20,0.00,306.40,0,1532
vda,39.00,0.00,188.00,0,940
vda,14.20,0.00,62.40,0,312
vda,0.40,0.00,6.40,0,32
vda,47.60,0.00,224.80,0,1124
vda,23.40,0.00,97.60,0,488
