vda,0.60,0.00,0.00,0,0
vda,2.00,0.00,0.01,0,0
vda,32.80,0.34,0.02,1,0
vda,3.20,0.00,0.01,0,0
vda,1.80,0.00,0.01,0,0
vda,23.20,0.00,0.10,0,0
vda,2.20,0.00,0.01,0,0
vda,2.00,0.00,0.01,0,0
vda,2.00,0.00,0.01,0,0
vda,2.60,0.00,0.01,0,0
vda,2.20,0.00,0.01,0,0
vda,5.20,0.00,0.02,0,0
vda,361.20,4.47,0.01,22,0
vda,379.80,5.11,0.02,25,0
vda,137.00,4.02,0.02,20,0
vda,145.00,2.12,0.02,10,0
vda,9.20,0.00,0.04,0,0
vda,14.60,0.09,0.07,0,0
vda,15.20,0.00,0.11,0,0
vda,15.00,0.09,0.00,0,0
vda,2.80,0.00,0.01,0,0
vda,2.80,0.00,0.01,0,0
vda,3.40,0.00,0.01,0,0
vda,0.00,0.00,0.00,0,0
vda,2.00,0.00,0.01,0,0
vda,17.60,0.00,0.08,0,0
vda,2.40,0.00,0.01,0,0
