vda,0.60,0.00,0.00,0,0
vda,20.80,0.00,0.10,0,0
vda,30.40,0.27,0.01,1,0
vda,3.80,0.07,0.01,0,0
vda,2.00,0.00,0.01,0,0
vda,11.60,0.00,0.05,0,0
vda,2.00,0.00,0.01,0,0
vda,4.20,0.00,0.02,0,0
vda,3.80,0.00,0.02,0,0
vda,2.00,0.00,0.01,0,0
vda,1.80,0.00,0.01,0,0
vda,2.00,0.00,0.01,0,0
vda,323.35,3.96,0.03,19,0
vda,325.00,3.66,0.01,18,0
vda,256.60,3.80,0.14,19,0
vda,143.20,1.33,0.02,6,0
vda,9.20,0.00,0.04,0,0
vda,8.20,0.09,0.04,0,0
vda,1.80,0.00,0.01,0,0
vda,1.80,0.00,0.01,0,0
vda,2.20,0.00,0.01,0,0
vda,7.60,0.00,0.05,0,0
vda,2.00,0.00,0.01,0,0
vda,11.60,0.00,0.05,0,0
vda,2.60,0.00,0.01,0,0
vda,9.20,0.00,0.04,0,0
