vda,2.00,0.00,0.01,0,0
vda,0.00,0.00,0.00,0,0
vda,0.60,0.00,0.00,0,0
vda,1.80,0.00,0.01,0,0
vda,2.00,0.00,0.01,0,0
vda,15.20,0.00,0.06,0,0
vda,1.60,0.00,0.01,0,0
vda,338.80,4.15,0.01,20,0
vda,216.00,2.42,0.01,12,0
vda,337.00,4.58,0.03,22,0
vda,145.40,1.34,0.02,6,0
vda,16.60,0.00,0.07,0,0
vda,12.00,0.09,0.06,0,0
vda,6.20,0.00,0.02,0,0
vda,14.80,0.00,0.09,0,0
vda,1.80,0.00,0.01,0,0
vda,0.80,0.00,0.00,0,0
vda,0.00,0.00,0.00,0,0
vda,0.60,0.00,0.00,0,0
vda,0.00,0.00,0.00,0,0
vda,3.80,0.00,0.02,0,0
vda,2.80,0.00,0.01,0,0
vda,1.00,0.00,0.00,0,0
vda,1.20,0.00,0.00,0,0
vda,0.00,0.00,0.00,0,0
vda,0.60,0.00,0.00,0,0
vda,16.80,0.00,0.07,0,0
