vda,0.40,0.00,0.00,0,0
vda,2.60,0.00,0.01,0,0
vda,1.80,0.00,0.01,0,0
vda,2.00,0.00,0.01,0,0
vda,3.00,0.00,0.01,0,0
vda,4.40,0.00,0.02,0,0
vda,23.80,0.00,0.10,0,0
vda,430.40,5.28,0.02,26,0
vda,448.80,5.65,0.02,28,0
vda,17.80,0.15,0.02,0,0
vda,145.40,1.32,0.03,6,0
vda,8.20,0.09,0.04,0,0
vda,9.00,0.00,0.04,0,0
vda,11.20,0.00,0.05,0,0
vda,2.80,0.00,0.01,0,0
vda,3.60,0.00,0.01,0,0
vda,3.60,0.00,0.02,0,0
vda,10.60,0.00,0.04,0,0
vda,2.00,0.00,0.01,0,0
vda,15.20,0.19,0.02,0,0
vda,2.60,0.00,0.01,0,0
vda,14.20,0.00,0.06,0,0
vda,3.00,0.00,0.01,0,0
vda,2.20,0.00,0.01,0,0
