vda,28.80,0.00,0.13,0,0
vda,3.40,0.00,0.01,0,0
vda,19.40,0.08,0.01,0,0
vda,2.00,0.00,0.01,0,0
vda,0.00,0.00,0.00,0,0
vda,1.80,0.00,0.01,0,0
vda,5.60,0.00,0.03,0,0
vda,4.00,0.00,0.02,0,0
vda,0.00,0.00,0.00,0,0
vda,1.80,0.00,0.01,0,0
vda,1.80,0.00,0.01,0,0
vda,1.80,0.00,0.01,0,0
vda,280.00,3.47,0.01,17,0
vda,339.40,3.92,0.05,19,0
vda,294.40,10.92,0.04,54,0
vda,142.20,1.32,0.02,6,0
vda,7.80,0.00,0.03,0,0
vda,22.20,0.00,0.09,0,0
vda,9.00,0.09,0.05,0,0
vda,0.20,0.00,0.00,0,0
vda,3.20,0.00,0.01,0,0
vda,2.40,0.00,0.01,0,0
vda,8.80,0.00,0.06,0,0
vda,1.80,0.00,0.01,0,0
vda,9.40,0.00,0.04,0,0
vda,2.20,0.00,0.01,0,0
vda,20.20,0.09,0.02,0,0
vda,2.20,0.00,0.01,0,0
