vda,0.60,0.00,0.00,0,0
vda,1.60,0.00,0.01,0,0
vda,0.00,0.00,0.00,0,0
vda,0.60,0.00,0.00,0,0
vda,0.00,0.00,0.00,0,0
vda,1.40,0.00,0.01,0,0
vda,29.00,0.00,0.12,0,0
vda,177.00,2.08,0.01,10,0
vda,372.60,4.51,0.03,22,0
vda,245.20,3.84,0.00,19,0
vda,131.60,1.55,0.08,7,0
vda,4.80,0.82,0.01,4,0
vda,4.20,0.84,0.00,4,0
vda,26.20,4.06,0.09,20,0
vda,14.80,4.88,0.01,24,0
vda,26.80,6.84,0.04,34,0
vda,16.60,5.26,0.06,26,0
vda,17.20,6.15,0.01,30,0
vda,14.60,5.11,0.00,25,0
vda,18.80,6.18,0.01,30,0
vda,23.60,8.75,0.01,43,0
vda,14.00,4.83,0.01,24,0
vda,0.60,0.00,0.00,0,0
vda,0.80,0.00,0.01,0,0
vda,22.40,4.96,0.00,24,0
vda,141.20,1.30,0.02,6,0
vda,8.60,0.01,0.03,0,0
vda,3.20,0.00,0.01,0,0
vda,6.20,0.00,0.03,0,0
vda,1.80,0.00,0.01,0,0
vda,1.40,0.03,0.00,0,0
vda,3.60,0.00,0.02,0,0
vda,4.00,0.00,0.02,0,0
vda,3.60,0.00,2.14,0,10
vda,2.00,0.00,0.01,0,0
vda,12.80,0.00,0.06,0,0
vda,4.40,0.00,2.17,0,10
vda,4.40,0.00,0.01,0,0
vda,3.60,0.00,2.16,0,10
vda,2.20,0.00,0.01,0,0
vda,3.80,0.00,0.01,0,0
vda,9.60,0.00,2.21,0,11
vda,6.20,0.00,0.04,0,0
vda,0.00,0.00,0.00,0,0
vda,0.80,0.00,0.01,0,0
vda,3.00,0.00,0.01,0,0
vda,9.80,0.00,0.04,0,0
vda,3.60,0.00,0.02,0,0
vda,5.00,0.00,2.17,0,10
vda,6.00,0.00,0.03,0,0
vda,0.40,0.00,0.00,0,0
vda,8.40,0.00,0.03,0,0
vda,3.00,0.00,0.01,0,0
vda,3.40,0.00,2.17,0,10
vda,9.00,0.00,0.04,0,0
vda,4.80,0.00,2.21,0,11
vda,7.00,0.00,0.05,0,0
vda,2.20,0.00,2.16,0,10
vda,14.00,0.00,0.06,0,0
vda,0.60,0.00,0.01,0,0
vda,3.00,0.00,0.01,0,0
vda,1.20,0.00,0.00,0,0
vda,5.40,0.00,2.17,0,10
vda,7.00,0.00,0.03,0,0
vda,0.00,0.00,0.00,0,0
vda,5.60,0.00,0.03,0,0
vda,13.60,0.06,0.02,0,0
vda,3.60,0.00,0.02,0,0
vda,22.80,0.00,0.10,0,0
vda,0.00,0.00,0.00,0,0
vda,2.80,0.00,0.01,0,0
vda,0.00,0.00,0.00,0,0
vda,2.40,0.02,0.00,0,0
vda,3.00,0.00,0.01,0,0
vda,0.80,0.00,0.01,0,0
vda,5.00,0.00,0.03,0,0
vda,3.00,0.08,0.01,0,0
vda,6.00,0.00,0.02,0,0
vda,0.00,0.00,0.00,0,0
vda,0.60,0.00,0.00,0,0
vda,0.60,0.00,0.01,0,0
vda,0.80,0.00,0.00,0,0
vda,11.80,0.00,0.06,0,0
vda,0.40,0.00,0.00,0,0
vda,1.60,0.00,0.01,0,0
