3364575.2,112205.06667,3092.2666667
2937172.0,154668.0,5560.0
2937172.0,154668.0,5560.0
2908873.3333,165089.33333,5577.6
2512692.0,310988.0,5824.0
2512692.0,310988.0,5824.0
1772104.0,474020.0,5920.0
1772104.0,474020.0,5920.0
1772104.0,474020.0,5920.0
1430304.0,508244.0,6044.0
1430304.0,508244.0,6044.0
1489324.8,514206.66667,6137.8666667
1489324.8,514206.66667,6137.8666667
1540968.0,519424.0,6220.0
1505632.0,552784.0,6300.0
1505632.0,552784.0,6300.0
1505632.0,552784.0,6300.0
1536704.0,519772.0,6380.0
1536704.0,519772.0,6380.0
1532745.0667,519037.33333,6384.5333333
1477320.0,508752.0,6448.0
1477320.0,508752.0,6448.0
1487654.4,507323.73333,6476.8
1554828.0,498040.0,6664.0
1750698.9333,495084.26667,6669.8666667
3023860.0,475872.0,6708.0
