vda,8.00,0.00,0.03,0,0
vda,1.20,0.00,0.00,0,0
vda,129.00,0.00,0.51,0,2
vda,7.20,0.00,0.03,0,0
vda,1.60,0.00,0.01,0,0
vda,8.20,0.00,0.03,0,0
vda,6.00,0.00,0.02,0,0
vda,2.00,0.00,0.01,0,0
vda,1.60,0.00,0.01,0,0
vda,37.40,0.00,0.17,0,0
vda,1.20,0.00,0.00,0,0
vda,235.80,0.00,1.12,0,5
vda,10.00,0.00,0.04,0,0
vda,10.00,0.00,0.04,0,0
vda,7.20,0.00,0.04,0,0
vda,3.80,0.00,0.01,0,0
vda,9.80,0.00,0.06,0,0
vda,15.17,0.00,0.07,0,0
vda,11.20,0.00,0.14,0,0
vda,12.80,0.00,0.05,0,0
vda,175.00,0.00,0.69,0,3
vda,7.40,0.00,0.03,0,0
vda,3.40,0.00,0.01,0,0
vda,23.40,0.02,0.34,0,1
vda,23.60,0.00,0.09,0,0
vda,4.20,0.00,0.07,0,0
vda,7.00,0.00,0.03,0,0
vda,0.00,0.00,0.00,0,0
vda,1.60,0.00,0.01,0,0
vda,120.20,0.00,0.47,0,2
vda,12.80,0.00,0.07,0,0
vda,1.60,0.00,0.01,0,0
vda,19.20,0.00,0.08,0,0
