811316.0,5082696.0,171836.0
811316.0,5082696.0,171836.0
811316.0,5082696.0,171836.0
473024.0,5123528.0,171864.0
473024.0,5123528.0,171864.0
244958.4,5202514.1333,171875.2
228668.0,5208156.0,171876.0
228668.0,5208156.0,171876.0
139044.26667,5168906.4,171893.33333
125256.0,5162868.0,171896.0
125256.0,5162868.0,171896.0
137975.46667,4880142.6667,171910.93333
138884.0,4859948.0,171912.0
149706.93333,4414027.2,171912.0
151372.0,4345424.0,171912.0
151372.0,4345424.0,171912.0
137696.0,4145296.8,171918.93333
135592.0,4114508.0,171920.0
135592.0,4114508.0,171920.0
132295.46667,4003101.6,171942.4
132060.0,3995144.0,171944.0
146018.93333,3947278.9333,171966.4
147016.0,3943860.0,171968.0
147016.0,3943860.0,171968.0
151324.26667,3920832.8,171997.86667
151632.0,3919188.0,172000.0
151632.0,3919188.0,172000.0
