vda,0.40,0.00,0.00,0,0
vda,33.60,0.34,0.02,1,0
vda,23.80,0.00,0.11,0,0
vda,0.80,0.00,0.01,0,0
vda,2.20,0.00,0.01,0,0
vda,3.60,0.00,0.01,0,0
vda,0.80,0.00,0.00,0,0
vda,2.80,0.00,0.01,0,0
vda,1.80,0.00,0.01,0,0
vda,0.40,0.00,0.00,0,0
vda,4.40,0.00,0.02,0,0
vda,2.20,0.00,0.01,0,0
vda,270.20,3.29,0.02,16,0
vda,345.20,4.12,0.02,20,0
vda,293.20,8.02,0.02,40,0
vda,139.60,1.28,0.02,6,0
vda,10.80,0.04,0.03,0,0
vda,24.00,0.00,0.09,0,0
vda,10.80,0.11,0.05,0,0
vda,9.20,0.00,0.06,0,0
vda,2.40,0.00,0.01,0,0
vda,5.40,0.00,0.02,0,0
vda,0.20,0.00,0.00,0,0
vda,2.20,0.00,0.01,0,0
vda,2.00,0.00,0.01,0,0
vda,2.00,0.00,0.01,0,0
vda,3.20,0.00,0.01,0,0
