vda,7.00,0.00,0.03,0,0
vda,0.80,0.00,0.00,0,0
vda,0.00,0.00,0.00,0,0
vda,1.20,0.00,0.01,0,0
vda,0.20,0.00,0.00,0,0
vda,14.60,0.00,0.08,0,0
vda,1.60,0.00,0.01,0,0
vda,5.00,0.06,0.00,0,0
vda,29.80,0.28,0.04,1,0
vda,37.80,0.50,0.01,2,0
vda,80.80,1.54,0.03,7,0
vda,21.20,0.25,0.00,1,0
vda,36.00,0.35,0.02,1,0
vda,37.80,2.19,0.00,10,0
vda,121.00,7.38,0.02,36,0
vda,133.20,7.27,0.14,36,0
vda,72.60,4.34,0.00,21,0
vda,89.00,3.18,0.01,15,0
vda,23.60,0.30,0.00,1,0
vda,5.60,0.05,0.01,0,0
vda,6.40,0.02,0.02,0,0
vda,7.80,0.07,0.02,0,0
vda,19.80,0.17,0.01,0,0
vda,52.80,0.42,0.01,2,0
vda,7.80,0.03,0.02,0,0
vda,18.00,0.08,0.05,0,0
vda,42.40,0.35,0.00,1,0
vda,1.80,0.00,0.01,0,0
vda,5.40,0.00,0.68,0,3
vda,5.20,0.00,0.02,0,0
vda,4.20,0.00,0.02,0,0
vda,3.00,0.00,0.01,0,0
vda,7.00,0.00,0.05,0,0
vda,1.40,0.00,0.01,0,0
vda,19.60,0.06,6.78,0,33
vda,5.80,0.00,0.02,0,0
vda,0.00,0.00,0.00,0,0
vda,0.60,0.00,0.00,0,0
vda,1.20,0.00,0.00,0,0
vda,0.20,0.00,0.00,0,0
vda,9.00,0.00,0.04,0,0
vda,0.60,0.00,0.00,0,0
vda,5.20,0.00,0.02,0,0
vda,0.80,0.00,0.00,0,0
