vda,1.20,0.00,0.01,0,0
vda,26.80,0.00,0.11,0,0
vda,1.80,0.00,0.01,0,0
vda,32.40,0.34,0.01,1,0
vda,1.80,0.00,0.01,0,0
vda,0.20,0.00,0.00,0,0
vda,3.00,0.00,0.01,0,0
vda,2.40,0.00,0.01,0,0
vda,10.40,0.00,0.04,0,0
vda,1.80,0.00,0.01,0,0
vda,2.00,0.00,0.01,0,0
vda,24.60,0.11,0.01,0,0
vda,368.00,4.52,0.02,22,0
vda,147.20,1.66,0.02,8,0
vda,360.00,4.77,0.03,23,0
vda,148.40,1.34,0.04,6,0
vda,8.40,0.00,0.03,0,0
vda,13.20,0.00,0.05,0,0
vda,8.60,0.09,0.05,0,0
vda,0.00,0.00,0.00,0,0
vda,9.20,0.00,0.04,0,0
vda,2.40,0.00,0.01,0,0
vda,7.40,0.00,0.06,0,0
vda,4.60,0.00,0.02,0,0
vda,2.80,0.00,0.01,0,0
vda,2.40,0.00,0.01,0,0
vda,2.00,0.00,0.01,0,0
vda,0.40,0.00,0.00,0,0
