vda,1.80,0.00,0.01,0,0
vda,0.00,0.00,0.00,0,0
vda,2.20,0.00,0.01,0,0
vda,0.60,0.00,0.00,0,0
vda,0.00,0.00,0.00,0,0
vda,3.00,0.00,0.01,0,0
vda,18.00,0.00,0.09,0,0
vda,0.60,0.00,0.00,0,0
vda,4.40,0.00,0.02,0,0
vda,11.20,0.00,0.05,0,0
vda,3.00,0.00,0.01,0,0
vda,0.60,0.00,0.01,0,0
vda,3.20,0.00,0.01,0,0
vda,7.80,0.00,1.70,0,8
vda,6.20,0.00,0.23,0,1
vda,4.40,0.00,0.02,0,0
vda,6.20,0.00,0.02,0,0
vda,4.00,0.00,0.02,0,0
vda,0.00,0.00,0.00,0,0
vda,18.00,0.00,4.90,0,24
vda,4.00,0.00,0.70,0,3
vda,4.80,0.00,0.02,0,0
vda,4.40,0.00,0.02,0,0
vda,3.20,0.00,0.01,0,0
vda,10.80,0.00,0.04,0,0
vda,3.40,0.00,0.02,0,0
vda,9.00,0.00,0.08,0,0
vda,4.20,0.00,0.02,0,0
vda,7.80,0.00,0.03,0,0
vda,2.60,0.00,0.01,0,0
vda,2.20,0.00,1.84,0,9
vda,4.20,0.00,1.85,0,9
vda,7.00,0.00,0.03,0,0
vda,0.40,0.00,0.00,0,0
vda,5.40,0.00,0.03,0,0
vda,1.40,0.00,0.01,0,0
vda,1.00,0.00,0.00,0,0
vda,0.60,0.00,0.01,0,0
vda,1.20,0.00,0.00,0,0
vda,0.60,0.00,0.00,0,0
vda,0.20,0.00,0.00,0,0
