vda,25.20,0.02,0.11,0,0
vda,3.40,0.00,0.01,0,0
vda,2.20,0.00,0.01,0,0
vda,4.80,0.00,0.02,0,0
vda,2.40,0.00,0.01,0,0
vda,2.00,0.00,0.01,0,0
vda,14.40,0.00,0.06,0,0
vda,9.80,0.22,0.02,1,0
vda,15.40,0.68,0.00,3,0
vda,99.80,14.60,0.02,72,0
vda,121.00,44.51,0.01,222,0
vda,18.80,5.81,0.01,29,0
vda,38.40,12.90,0.02,64,0
vda,38.60,12.90,0.03,64,0
vda,19.80,4.07,0.09,20,0
vda,28.60,9.55,0.01,47,0
vda,9.40,2.03,0.01,10,0
vda,27.60,9.30,0.01,46,0
vda,19.40,4.93,0.02,24,0
vda,7.20,1.47,0.01,7,0
vda,2.20,0.00,0.01,0,0
vda,5.00,0.00,0.02,0,0
vda,15.40,1.57,0.04,7,0
vda,3.40,0.00,0.01,0,0
vda,3.40,0.00,0.02,0,0
vda,2.60,0.00,0.01,0,0
vda,9.20,1.86,0.01,9,0
vda,4.80,0.40,0.01,2,0
vda,3.80,0.00,0.02,0,0
vda,17.60,2.05,0.05,10,0
vda,3.80,0.00,0.02,0,0
vda,4.40,0.01,0.02,0,0
vda,3.60,0.00,0.01,0,0
vda,4.60,0.00,0.02,0,0
vda,8.60,0.00,0.03,0,0
vda,6.80,0.00,0.03,0,0
vda,17.20,0.00,9.60,0,48
vda,13.00,0.00,13.15,0,65
vda,5.00,0.00,0.02,0,0
vda,3.40,0.00,0.01,0,0
vda,2.00,0.00,0.01,0,0
vda,2.00,0.00,0.01,0,0
vda,4.20,0.00,1.35,0,6
vda,8.40,0.00,4.05,0,20
vda,4.20,0.00,2.03,0,10
vda,2.80,0.00,0.01,0,0
vda,3.60,0.00,0.01,0,0
vda,2.00,0.00,0.01,0,0
vda,14.20,0.00,0.06,0,0
vda,5.00,0.00,0.02,0,0
vda,16.80,0.00,0.09,0,0
vda,3.60,0.00,4.82,0,24
vda,18.20,0.01,15.26,0,76
vda,4.20,0.00,0.02,0,0
vda,0.00,0.00,0.00,0,0
vda,2.00,0.00,0.01,0,0
vda,1.80,0.00,0.01,0,0
vda,2.80,0.00,0.02,0,0
vda,15.00,0.00,4.20,0,20
vda,8.80,0.00,6.07,0,30
vda,2.80,0.00,0.01,0,0
vda,3.20,0.00,0.01,0,0
vda,2.00,0.00,0.01,0,0
vda,5.80,0.00,0.03,0,0
vda,4.20,0.00,0.02,0,0
vda,13.40,0.02,0.04,0,0
vda,23.00,0.00,8.08,0,40
vda,14.00,0.00,12.06,0,60
vda,5.00,0.00,0.02,0,0
vda,0.20,0.00,0.00,0,0
vda,2.00,0.00,0.01,0,0
vda,1.80,0.00,0.01,0,0
vda,2.60,0.00,0.02,0,0
vda,15.20,0.11,4.19,0,20
vda,6.00,0.00,6.07,0,30
vda,4.00,0.00,0.02,0,0
vda,2.20,0.00,0.01,0,0
vda,4.60,0.00,0.02,0,0
vda,0.40,0.00,0.01,0,0
vda,12.20,0.00,0.05,0,0
vda,16.80,0.00,7.27,0,36
vda,16.20,0.00,12.89,0,64
vda,4.80,0.00,0.02,0,0
vda,7.00,0.02,0.02,0,0
vda,2.20,0.00,0.01,0,0
vda,0.00,0.00,0.00,0,0
vda,2.40,0.00,0.02,0,0
vda,11.00,0.00,8.19,0,40
vda,4.80,0.00,2.04,0,10
vda,9.80,0.00,0.04,0,0
vda,2.80,0.00,0.01,0,0
vda,12.60,0.00,0.05,0,0
vda,8.80,0.08,0.03,0,0
vda,5.20,0.00,0.02,0,0
vda,28.00,0.00,8.14,0,40
vda,12.60,0.00,12.08,0,60
vda,3.80,0.00,0.01,0,0
vda,0.00,0.00,0.00,0,0
vda,1.80,0.00,0.01,0,0
vda,1.80,0.00,0.01,0,0
vda,2.60,0.00,0.02,0,0
vda,11.78,0.00,8.16,0,40
vda,6.00,0.00,0.03,0,0
vda,8.00,0.04,2.05,0,10
vda,3.00,0.00,0.01,0,0
vda,2.20,0.00,0.01,0,0
vda,5.00,0.00,0.03,0,0
vda,5.40,0.00,0.02,0,0
vda,0.20,0.00,0.00,0,0
vda,21.80,0.00,8.81,0,44
vda,10.40,0.00,12.08,0,60
vda,7.60,0.04,0.03,0,0
vda,2.00,0.00,0.01,0,0
vda,2.40,0.06,0.00,0,0
vda,2.40,0.00,0.01,0,0
vda,6.20,0.00,3.45,0,17
vda,5.60,0.00,4.04,0,20
vda,7.60,0.00,2.06,0,10
vda,15.20,0.00,0.06,0,0
vda,2.20,0.00,0.01,0,0
vda,5.80,0.00,0.02,0,0
vda,4.60,0.00,0.03,0,0
vda,8.60,0.05,0.03,0,0
vda,31.80,0.00,22.23,0,111
vda,5.60,0.00,0.02,0,0
vda,0.20,0.00,0.00,0,0
vda,1.80,0.00,0.01,0,0
vda,1.80,0.00,0.01,0,0
vda,1.80,0.00,0.01,0,0
vda,10.40,0.00,4.08,0,20
vda,5.20,0.00,4.08,0,20
vda,2.60,0.00,0.01,0,0
vda,2.80,0.00,0.01,0,0
vda,20.60,0.09,0.07,0,0
vda,3.80,0.00,0.01,0,0
vda,5.20,0.00,0.03,0,0
vda,9.80,0.00,0.07,0,0
vda,20.80,0.00,8.31,0,41
vda,15.00,0.00,12.08,0,60
vda,4.80,0.00,0.02,0,0
vda,1.80,0.00,0.01,0,0
vda,1.80,0.00,0.01,0,0
vda,5.20,0.04,0.02,0,0
vda,6.20,0.00,1.85,0,9
vda,9.20,0.00,6.11,0,30
vda,1.00,0.00,2.03,0,10
vda,3.20,0.00,0.01,0,0
vda,2.00,0.00,0.01,0,0
vda,10.80,0.00,0.04,0,0
vda,5.60,0.00,0.03,0,0
vda,14.00,0.00,8.06,0,40
vda,9.40,0.00,12.08,0,60
vda,8.60,0.04,0.03,0,0
vda,2.20,0.00,0.01,0,0
vda,0.00,0.00,0.00,0,0
vda,2.00,0.00,0.01,0,0
vda,4.40,0.00,0.03,0,0
vda,7.80,0.00,4.18,0,20
vda,8.20,0.00,6.06,0,30
vda,10.00,0.00,0.04,0,0
vda,2.20,0.00,0.01,0,0
vda,3.80,0.00,0.01,0,0
vda,10.60,0.04,0.05,0,0
vda,9.00,0.00,0.04,0,0
vda,18.00,0.00,8.49,0,42
vda,7.60,0.00,3.23,0,16
vda,8.60,0.00,8.88,0,44
vda,2.00,0.00,0.01,0,0
vda,1.80,0.00,0.01,0,0
vda,2.00,0.00,0.01,0,0
vda,6.40,0.00,1.66,0,8
vda,13.00,0.00,6.14,0,30
vda,2.20,0.00,2.03,0,10
vda,9.80,0.00,0.04,0,0
vda,13.20,0.00,0.05,0,0
vda,1.80,0.00,0.01,0,0
vda,2.60,0.00,0.02,0,0
vda,2.20,0.00,0.01,0,0
vda,14.80,0.00,0.10,0,0
vda,2.20,0.00,0.01,0,0
vda,2.20,0.00,0.01,0,0
vda,10.40,0.03,0.04,0,0
vda,3.00,0.00,0.02,0,0
vda,0.00,0.00,0.00,0,0
vda,2.20,0.00,0.01,0,0
vda,6.20,0.00,0.03,0,0
vda,2.00,0.00,0.01,0,0
vda,11.80,0.00,0.05,0,0
vda,3.00,0.00,0.01,0,0
vda,4.80,0.00,0.02,0,0
vda,2.40,0.00,0.01,0,0
vda,5.20,0.04,0.01,0,0
