vda,56.40,412.80,268.80,2064,1344
vda,21.60,0.00,106.40,0,532
vda,0.60,0.00,9.60,0,48
vda,29.20,0.80,124.80,4,624
vda,44.40,0.00,220.00,0,1100
vda,50.80,0.00,212.80,0,1064
vda,20.80,0.80,115.20,4,576
vda,49.90,0.00,293.01,0,1468
vda,45.80,0.00,228.80,0,1144
vda,9.80,0.00,63.20,0,316
vda,3.20,0.00,92.80,0,464
vda,0.20,0.00,0.80,0,4
vda,3.60,0.00,100.80,0,504
vda,34.20,0.00,157.60,0,788
vda,42.60,0.00,176.80,0,884
vda,15.00,1.60,461.60,8,2308
vda,68.80,0.00,367.20,0,1836
vda,49.40,0.00,216.80,0,1084
vda,2.60,2.40,44.80,12,224
vda,4.20,0.00,42.40,0,212
vda,0.40,0.00,4.80,0,24
