vda,0.00,0.00,0.00,0,0
vda,2.40,0.00,0.01,0,0
vda,1.40,0.00,0.00,0,0
vda,12.20,0.00,0.24,0,1
vda,0.20,0.00,0.00,0,0
vda,3.80,0.00,0.02,0,0
vda,180.20,0.00,0.72,0,3
vda,19.40,0.00,0.08,0,0
vda,2.00,0.00,0.01,0,0
vda,5.20,0.00,0.02,0,0
vda,7.60,0.00,0.03,0,0
vda,8.20,0.00,0.04,0,0
vda,0.20,0.00,0.00,0,0
vda,142.40,0.00,0.65,0,3
vda,6.00,0.92,0.01,4,0
vda,5.20,0.00,0.02,0,0
vda,12.20,0.00,0.24,0,1
vda,2.00,0.00,0.01,0,0
vda,9.40,0.00,0.04,0,0
vda,207.00,0.00,0.94,0,4
vda,6.20,0.00,0.02,0,0
vda,7.40,0.00,0.03,0,0
vda,2.60,0.00,0.01,0,0
vda,8.80,0.00,0.03,0,0
vda,5.00,0.00,0.02,0,0
vda,4.80,0.00,0.02,0,0
vda,12.40,0.00,0.14,0,0
vda,182.80,0.00,0.75,0,3
vda,7.20,0.00,0.22,0,1
vda,3.40,0.00,0.01,0,0
vda,5.00,0.00,0.02,0,0
