vda,31.20,0.03,0.14,0,0
vda,1.60,0.00,0.01,0,0
vda,0.60,0.00,0.01,0,0
vda,1.00,0.00,0.00,0,0
vda,2.80,0.02,0.01,0,0
vda,1.00,0.00,0.00,0,0
vda,2.20,0.00,0.01,0,0
vda,408.80,7.34,0.00,36,0
vda,349.10,4.35,0.02,21,0
vda,176.40,26.53,0.02,132,0
vda,82.20,24.61,0.03,123,0
vda,74.40,26.31,0.01,131,0
vda,81.20,27.44,0.01,137,0
vda,73.40,23.90,0.07,119,0
vda,68.40,23.32,0.03,116,0
vda,75.40,27.12,0.07,135,0
vda,74.20,25.26,0.01,126,0
vda,76.00,26.63,0.01,133,0
vda,70.80,26.20,0.01,131,0
vda,68.00,24.98,0.02,124,0
vda,78.00,26.23,0.04,131,0
vda,70.20,24.58,0.03,122,0
vda,72.80,27.43,0.00,137,0
vda,107.80,19.77,41.42,98,207
vda,1454.00,34.64,35.81,173,179
vda,259.20,14.86,19.17,74,95
vda,76.60,0.72,4.75,3,23
vda,23.00,0.05,6.98,0,34
vda,17.80,0.05,3.71,0,18
vda,26.80,0.01,10.19,0,50
vda,23.00,0.03,6.75,0,33
vda,31.80,0.34,6.90,1,34
vda,23.80,0.00,7.12,0,35
vda,27.20,0.03,6.89,0,34
vda,64.40,2.26,0.15,11,0
vda,69.00,1.38,0.01,6,0
vda,992.40,22.74,0.01,113,0
vda,765.00,17.75,0.00,88,0
vda,17.60,0.01,0.06,0,0
vda,24.40,0.00,4.04,0,20
vda,29.20,0.00,8.87,0,44
vda,20.80,0.00,8.34,0,41
vda,12.60,0.00,4.41,0,22
vda,18.60,0.00,4.00,0,20
vda,58.00,1.51,8.57,7,42
vda,27.80,0.00,8.13,0,40
vda,19.00,0.00,4.37,0,21
vda,0.80,0.00,0.31,0,1
vda,455.00,9.87,0.01,49,0
vda,870.40,20.12,0.01,100,0
vda,0.80,0.00,0.00,0,0
vda,19.40,0.00,4.35,0,21
vda,30.20,0.04,8.44,0,42
vda,33.60,0.01,8.81,0,44
vda,31.80,0.00,8.21,0,41
vda,214.20,3.73,9.46,18,47
vda,32.00,0.00,8.26,0,41
vda,16.60,0.00,4.21,0,21
vda,4.80,0.00,0.33,0,1
vda,472.20,10.85,0.00,54,0
vda,1248.00,28.27,0.01,141,0
vda,40.00,0.56,3.93,2,19
vda,20.60,0.00,3.94,0,19
vda,42.60,0.03,11.04,0,55
vda,40.20,0.36,4.13,1,20
vda,48.80,0.21,7.69,1,38
vda,24.60,0.00,7.76,0,38
vda,28.20,0.00,7.52,0,37
vda,24.60,0.03,3.65,0,18
vda,3.40,0.00,0.29,0,1
vda,305.00,6.66,0.00,33,0
vda,1055.40,24.50,0.01,122,0
vda,392.00,8.57,0.00,42,0
vda,78.40,2.03,3.91,10,19
vda,59.40,0.17,8.24,0,41
vda,30.20,0.00,9.79,0,48
vda,23.60,0.00,10.33,0,51
vda,11.98,0.02,3.85,0,19
vda,27.40,0.00,7.93,0,39
vda,27.00,0.00,8.06,0,40
vda,1.00,0.00,0.35,0,1
vda,180.80,4.15,0.01,20,0
vda,1089.40,24.83,0.02,124,0
vda,122.80,2.81,0.00,14,0
vda,46.20,0.06,7.77,0,38
vda,30.00,0.01,7.50,0,37
vda,27.60,0.00,7.90,0,39
vda,28.40,0.00,8.01,0,40
vda,25.60,0.01,7.51,0,37
vda,28.20,0.00,7.59,0,37
vda,10.40,0.00,3.78,0,18
vda,73.40,1.44,0.18,7,0
vda,185.20,4.32,0.01,21,0
vda,1330.80,31.05,0.01,155,0
vda,228.80,4.63,3.43,23,17
vda,27.60,0.04,7.24,0,36
vda,48.80,0.10,7.37,0,36
vda,28.20,0.00,7.21,0,36
vda,28.60,0.02,6.99,0,34
vda,30.60,0.00,7.45,0,37
vda,36.60,0.00,10.54,0,52
vda,54.80,1.60,3.38,8,16
vda,0.60,0.00,0.16,0,0
vda,1.80,0.00,0.01,0,0
vda,976.60,22.61,0.03,113,0
vda,847.40,19.78,0.01,98,0
vda,47.80,0.00,6.29,0,31
vda,27.60,0.00,6.25,0,31
vda,26.60,0.00,9.15,0,45
vda,17.20,0.00,6.13,0,30
vda,38.80,0.59,9.81,2,49
vda,49.80,1.02,6.79,5,33
vda,25.60,0.00,6.24,0,31
vda,5.40,0.00,0.18,0,0
vda,1.60,0.00,0.01,0,0
vda,1116.80,26.05,0.00,130,0
vda,624.80,13.83,0.01,69,0
vda,27.60,0.03,7.91,0,39
vda,41.40,0.00,11.37,0,56
vda,19.60,0.00,3.85,0,19
vda,129.60,2.47,7.33,12,36
vda,32.60,0.07,7.74,0,38
vda,30.40,0.00,7.61,0,38
vda,29.20,0.00,7.89,0,39
vda,4.80,0.00,0.37,0,1
vda,1.40,0.00,0.01,0,0
vda,665.20,15.09,0.00,75,0
vda,1122.60,25.85,0.01,129,0
vda,1.20,0.00,0.00,0,0
vda,61.80,1.59,7.58,7,37
vda,54.80,0.20,7.29,0,36
vda,24.60,0.00,7.96,0,39
vda,44.20,0.01,11.23,0,56
vda,25.60,0.00,7.71,0,38
vda,30.00,0.00,7.47,0,37
vda,0.80,0.00,0.15,0,0
vda,4.20,0.01,0.01,0,0
vda,927.00,21.51,0.00,107,0
vda,793.40,18.20,0.01,90,0
vda,82.80,2.22,0.08,11,0
vda,25.60,0.24,0.02,1,0
vda,9.00,0.00,0.10,0,0
vda,1.60,0.00,0.01,0,0
vda,0.00,0.00,0.00,0,0
vda,72.00,2.03,0.00,10,0
vda,11.20,0.00,0.04,0,0
vda,7.80,0.00,0.04,0,0
vda,1.00,0.00,0.00,0,0
vda,8.20,0.00,0.04,0,0
vda,2.60,0.04,0.01,0,0
vda,1.00,0.00,0.00,0,0
vda,0.60,0.00,0.00,0,0
vda,2.40,0.00,0.01,0,0
vda,1.00,0.00,0.00,0,0
vda,72.20,1.22,0.00,6,0
