vda,52.20,1.14,0.35,5,1
vda,20.20,0.76,0.03,3,0
vda,19.00,1.13,0.01,5,0
vda,15.40,0.76,0.02,3,0
vda,23.00,1.13,0.02,5,0
vda,218.00,0.76,0.84,3,4
vda,12.00,0.76,0.00,3,0
vda,21.20,1.13,0.01,5,0
vda,23.60,0.76,0.05,3,0
vda,18.60,1.14,0.01,5,0
vda,329.60,12.48,0.63,62,3
vda,25.20,1.53,0.03,7,0
vda,21.80,0.76,0.24,3,1
vda,31.40,1.91,0.03,9,0
vda,14.60,0.76,0.01,3,0
vda,18.60,1.53,0.00,7,0
vda,21.40,1.13,0.03,5,0
vda,282.00,0.76,1.06,3,5
vda,28.80,1.13,0.06,5,0
vda,14.00,0.76,0.01,3,0
vda,25.80,1.13,0.03,5,0
vda,14.40,0.76,0.01,3,0
vda,164.80,1.13,0.65,5,3
vda,11.60,0.76,0.00,3,0
vda,21.20,0.76,0.23,3,1
vda,19.20,0.76,0.03,3,0
vda,20.80,1.13,0.01,5,0
vda,15.40,0.76,0.01,3,0
vda,223.20,1.14,0.88,5,4
vda,12.00,0.76,0.00,3,0
vda,21.60,1.13,0.02,5,0
vda,17.40,0.76,0.02,3,0
vda,158.40,1.13,0.58,5,2
vda,12.00,0.76,0.00,3,0
vda,19.20,1.13,0.01,5,0
vda,17.80,0.76,0.02,3,0
vda,30.80,1.14,0.25,5,1
vda,13.20,0.38,0.03,1,0
vda,21.60,1.13,0.03,5,0
vda,12.40,0.76,0.00,3,0
vda,42.60,1.13,0.12,5,0
vda,190.40,0.76,0.70,3,3
vda,13.40,0.76,0.05,3,0
vda,21.20,1.13,0.01,5,0
vda,20.60,0.76,0.04,3,0
vda,21.20,1.13,0.01,5,0
vda,155.40,0.76,0.63,3,3
vda,23.60,1.13,0.02,5,0
vda,20.40,0.76,0.23,3,1
vda,22.20,1.14,0.02,5,0
vda,12.00,0.38,0.02,1,0
vda,19.60,1.14,0.01,5,0
vda,215.80,0.76,0.83,3,4
vda,25.40,1.13,0.03,5,0
vda,13.20,0.76,0.00,3,0
vda,20.40,1.14,0.01,5,0
vda,150.60,0.76,0.61,3,3
vda,20.60,1.14,0.01,5,0
vda,13.60,0.76,0.01,3,0
vda,23.20,1.13,0.02,5,0
vda,21.20,0.76,0.23,3,1
vda,32.80,1.13,0.06,5,0
vda,15.40,0.76,0.02,3,0
vda,28.34,0.45,0.08,2,0
vda,24.80,1.06,0.05,5,0
vda,188.00,0.76,0.69,3,3
vda,19.20,1.13,0.01,5,0
vda,18.40,0.76,0.03,3,0
vda,22.00,1.13,0.02,5,0
vda,146.00,0.76,0.59,3,2
vda,24.80,1.13,0.03,5,0
vda,13.20,0.76,0.01,3,0
vda,29.40,1.14,0.24,5,1
vda,11.80,0.76,0.00,3,0
vda,24.40,1.14,0.03,5,0
vda,217.60,0.76,0.87,3,4
vda,21.00,1.13,0.01,5,0
vda,18.20,0.76,0.02,3,0
vda,19.20,1.13,0.01,5,0
vda,12.80,0.76,0.00,3,0
vda,23.00,1.13,0.02,5,0
vda,148.20,0.76,0.57,3,2
vda,25.80,1.13,0.03,5,0
vda,11.60,0.76,0.00,3,0
vda,18.60,1.13,0.00,5,0
vda,20.40,0.76,0.23,3,1
vda,24.80,1.14,0.03,5,0
vda,217.40,0.76,0.85,3,4
vda,14.60,0.76,0.01,3,0
vda,17.60,0.76,0.02,3,0
vda,13.80,0.76,0.01,3,0
vda,150.40,1.14,0.56,5,2
vda,18.40,0.76,0.03,3,0
vda,19.80,1.13,0.01,5,0
vda,13.00,0.76,0.01,3,0
vda,159.40,1.13,0.58,5,2
vda,14.80,0.76,0.01,3,0
vda,24.60,1.13,0.22,5,1
vda,19.00,0.76,0.03,3,0
vda,214.60,1.13,0.80,5,3
vda,22.00,0.76,0.04,3,0
vda,21.00,1.13,0.01,5,0
vda,11.60,0.76,0.00,3,0
vda,20.40,1.13,0.01,5,0
vda,17.40,0.76,0.02,3,0
vda,157.60,1.13,0.61,5,3
vda,15.00,0.76,0.01,3,0
vda,17.40,0.76,0.02,3,0
vda,18.40,1.13,0.00,5,0
vda,26.40,1.13,0.23,5,1
vda,19.80,0.77,0.03,3,0
vda,216.80,0.76,0.86,3,4
vda,21.80,1.14,0.02,5,0
vda,16.80,0.76,0.02,3,0
vda,18.80,1.13,0.01,5,0
vda,142.60,0.76,0.53,3,2
vda,24.80,1.14,0.03,5,0
vda,12.57,0.75,0.00,3,0
vda,147.80,1.13,0.53,5,2
vda,21.00,0.76,0.04,3,0
vda,26.20,1.13,0.03,5,0
vda,18.60,0.76,0.22,3,1
vda,24.60,1.13,0.03,5,0
vda,13.20,0.76,0.01,3,0
vda,18.40,1.14,0.01,5,0
vda,221.00,0.76,0.85,3,4
vda,13.60,0.76,0.01,3,0
vda,25.80,1.13,0.03,5,0
