vda,1.20,0.00,0.01,0,0
vda,28.60,0.00,0.12,0,0
vda,2.00,0.00,0.01,0,0
vda,1.80,0.00,0.01,0,0
vda,0.00,0.00,0.00,0,0
vda,3.40,0.00,0.01,0,0
vda,3.00,0.00,0.02,0,0
vda,2.40,0.00,0.01,0,0
vda,1.80,0.00,0.01,0,0
vda,2.00,0.00,0.01,0,0
vda,2.00,0.00,0.01,0,0
vda,9.20,0.00,0.04,0,0
vda,365.80,4.47,0.01,22,0
vda,376.00,5.04,0.02,25,0
vda,173.40,8.04,0.03,40,0
vda,139.20,1.28,0.01,6,0
vda,12.80,0.04,0.04,0,0
vda,14.80,0.00,0.06,0,0
vda,13.00,0.00,0.06,0,0
vda,6.40,0.00,0.04,0,0
vda,8.80,0.09,0.03,0,0
vda,1.80,0.00,0.01,0,0
vda,1.00,0.00,0.00,0,0
vda,8.40,0.00,0.07,0,0
vda,2.60,0.00,0.01,0,0
vda,2.20,0.00,0.01,0,0
vda,2.00,0.00,0.01,0,0
vda,2.20,0.00,0.01,0,0
vda,0.00,0.00,0.00,0,0
