3108260.0,350415.46667,21464.0
1553812.0,567968.0,21520.0
1553812.0,567968.0,21520.0
1553812.0,567968.0,21520.0
131360.0,988728.0,18644.0
131360.0,988728.0,18644.0
131360.0,988728.0,18644.0
139147.73333,288877.33333,18733.6
139704.0,238888.0,18740.0
129737.33333,220344.8,15751.733333
128204.0,217492.0,15292.0
128204.0,217492.0,15292.0
131239.2,181551.2,14056.266667
131456.0,178984.0,13968.0
131456.0,178984.0,13968.0
229288.8,112687.46667,3013.3333333
244340.0,102488.0,1328.0
144576.26667,182262.93333,554.93333333
129228.0,194536.0,436.0
129228.0,194536.0,436.0
120309.06667,197175.46667,592.8
119672.0,197364.0,604.0
119672.0,197364.0,604.0
127937.6,195766.13333,495.73333333
128528.0,195652.0,488.0
3513568.0,30844.0,2732.0
3513568.0,30844.0,2732.0
