vda,0.20,0.00,0.00,0,0
vda,1.80,0.00,0.01,0,0
vda,0.80,0.00,0.00,0,0
vda,0.00,0.00,0.00,0,0
vda,1.20,0.00,0.01,0,0
vda,1.00,0.00,0.00,0,0
vda,13.20,0.00,0.08,0,0
vda,4.60,0.00,0.02,0,0
vda,4.40,0.00,0.02,0,0
vda,9.20,0.00,0.11,0,0
vda,13.20,0.58,0.01,2,0
vda,176.00,11.13,0.01,55,0
vda,4.79,0.40,0.01,2,0
vda,2.80,0.00,0.01,0,0
vda,3.20,0.00,0.01,0,0
vda,6.80,0.00,0.04,0,0
vda,10.80,0.00,0.06,0,0
vda,0.20,0.00,0.00,0,0
vda,6.60,0.00,0.03,0,0
vda,5.60,0.00,0.02,0,0
vda,6.40,0.00,0.03,0,0
vda,11.00,0.00,3.97,0,19
vda,15.60,0.00,4.59,0,22
vda,20.00,0.00,0.13,0,0
vda,7.00,0.00,0.03,0,0
vda,3.60,0.00,0.01,0,0
vda,7.60,0.00,0.03,0,0
vda,8.80,0.00,2.69,0,13
vda,15.60,0.00,5.95,0,29
vda,11.40,0.00,2.69,0,13
vda,20.40,0.00,6.00,0,30
vda,14.20,0.00,2.72,0,13
vda,14.20,0.00,5.96,0,29
vda,12.00,0.00,2.71,0,13
vda,15.00,0.00,4.02,0,20
vda,5.80,0.00,3.26,0,16
vda,0.20,0.00,0.01,0,0
vda,17.40,0.02,0.08,0,0
vda,1.20,0.00,0.00,0,0
vda,8.80,0.00,0.06,0,0
vda,1.20,0.00,0.00,0,0
vda,0.00,0.00,0.00,0,0
vda,2.20,0.00,0.01,0,0
vda,8.00,0.00,0.04,0,0
vda,1.20,0.00,0.00,0,0
