vda,46.40,1.13,0.12,5,0
vda,14.20,0.76,0.01,3,0
vda,33.80,1.13,0.06,5,0
vda,18.40,0.76,0.05,3,0
vda,21.00,1.15,0.02,5,0
vda,14.80,0.76,0.01,3,0
vda,126.80,1.14,0.43,5,2
vda,18.80,0.76,0.03,3,0
vda,24.60,1.13,0.03,5,0
vda,29.00,1.91,0.02,9,0
vda,53.40,1.13,0.35,5,1
vda,26.60,1.16,0.06,5,0
vda,19.60,1.13,0.01,5,0
vda,7.00,0.38,0.02,1,0
vda,35.00,2.07,0.06,10,0
vda,99.40,1.36,0.31,6,1
vda,19.20,0.96,0.02,4,0
vda,31.00,1.21,0.06,6,0
vda,43.60,1.62,0.07,8,0
vda,15.40,0.76,0.02,3,0
vda,22.80,1.13,0.02,5,0
vda,154.20,1.51,0.54,7,2
vda,21.20,0.76,0.23,3,1
vda,24.20,1.13,0.03,5,0
vda,13.00,0.76,0.01,3,0
vda,116.40,1.13,0.44,5,2
vda,10.00,0.38,0.02,1,0
vda,22.00,1.14,0.02,5,0
vda,94.20,0.76,0.34,3,1
vda,22.60,1.13,0.02,5,0
vda,14.80,0.76,0.01,3,0
vda,197.20,1.13,0.74,5,3
vda,19.00,0.76,0.03,3,0
vda,19.80,1.13,0.01,5,0
vda,21.40,0.76,0.24,3,1
vda,23.80,1.13,0.02,5,0
vda,13.60,0.76,0.01,3,0
vda,115.20,1.13,0.42,5,2
vda,14.20,0.76,0.01,3,0
vda,17.80,0.76,0.02,3,0
vda,25.80,0.98,0.02,4,0
vda,24.80,1.16,0.02,5,0
vda,31.40,0.76,0.09,3,0
vda,15.60,0.76,0.02,3,0
vda,140.80,1.13,0.48,5,2
vda,23.00,0.76,0.10,3,0
vda,26.60,1.14,0.23,5,1
vda,11.80,0.76,0.00,3,0
vda,25.40,1.13,0.03,5,0
vda,109.20,0.78,0.44,3,2
vda,22.80,1.13,0.02,5,0
vda,11.80,0.76,0.00,3,0
vda,100.60,0.76,0.36,3,1
vda,14.17,0.75,0.01,3,0
vda,22.20,1.14,0.02,5,0
vda,138.80,0.76,0.53,3,2
vda,20.80,1.13,0.01,5,0
vda,17.80,0.76,0.02,3,0
vda,105.00,1.13,0.38,5,1
vda,24.40,0.76,0.25,3,1
vda,23.60,1.19,0.02,5,0
vda,13.20,0.76,0.01,3,0
vda,21.40,1.14,0.02,5,0
vda,107.40,0.76,0.41,3,2
vda,23.20,1.13,0.02,5,0
vda,12.80,0.76,0.00,3,0
vda,144.40,0.76,0.55,3,2
vda,20.80,1.13,0.01,5,0
vda,16.60,0.77,0.02,3,0
vda,111.60,1.13,0.38,5,1
vda,14.20,0.76,0.01,3,0
vda,29.60,1.13,0.24,5,1
vda,16.40,0.76,0.02,3,0
vda,19.00,1.13,0.01,5,0
vda,108.20,0.76,0.43,3,2
vda,18.40,1.14,0.01,5,0
vda,13.20,0.76,0.01,3,0
vda,148.40,1.13,0.52,5,2
vda,5.80,0.38,0.00,1,0
vda,23.80,1.13,0.02,5,0
vda,16.60,0.76,0.02,3,0
vda,18.60,1.13,0.00,5,0
vda,108.40,0.76,0.43,3,2
vda,27.80,1.13,0.24,5,1
vda,15.00,0.76,0.01,3,0
vda,19.20,1.13,0.01,5,0
vda,105.00,0.76,0.39,3,1
vda,21.20,1.13,0.01,5,0
vda,11.60,0.76,0.00,3,0
vda,139.20,0.76,0.52,3,2
vda,26.00,1.15,0.03,5,0
vda,8.60,0.38,0.01,1,0
vda,21.80,1.13,0.02,5,0
vda,13.60,0.76,0.01,3,0
vda,114.40,1.13,0.42,5,2
vda,21.60,0.76,0.24,3,1
vda,20.60,1.13,0.01,5,0
vda,13.40,0.76,0.01,3,0
vda,111.00,1.13,0.40,5,1
vda,13.20,0.76,0.01,3,0
vda,20.00,1.13,0.01,5,0
vda,149.80,0.76,0.57,3,2
vda,22.00,1.13,0.02,5,0
vda,13.20,0.76,0.01,3,0
vda,103.00,0.76,0.38,3,1
vda,11.80,0.76,0.00,3,0
vda,19.40,1.13,0.01,5,0
vda,108.80,0.76,0.39,3,1
vda,27.20,1.13,0.23,5,1
vda,16.40,0.76,0.02,3,0
vda,22.40,1.13,0.02,5,0
vda,13.20,0.76,0.01,3,0
vda,13.60,0.76,0.01,3,0
vda,23.40,1.13,0.03,5,0
vda,20.20,0.76,0.04,3,0
