2675619.2,3812126.4,68424.266667
2669040.0,3811544.0,68452.0
2368962.1333,3813476.0,68468.8
2026016.0,3815684.0,68488.0
2026016.0,3815684.0,68488.0
1888308.8,3821164.0,68491.2
1681748.0,3829384.0,68496.0
1681748.0,3829384.0,68496.0
1641376.8,3826676.8,68502.4
1606052.0,3824308.0,68508.0
1606052.0,3824308.0,68508.0
1344522.4,3823164.5333,68522.933333
1115684.0,3822164.0,68536.0
1071214.4,3820905.8667,68549.066667
1020392.0,3819468.0,68564.0
1020392.0,3819468.0,68564.0
1013720.5333,3818138.9333,68573.333333
1006096.0,3816620.0,68584.0
951126.4,3815854.6667,68597.066667
888304.0,3814980.0,68612.0
888304.0,3814980.0,68612.0
789613.86667,3814081.8667,68618.4
703260.0,3813296.0,68624.0
703260.0,3813296.0,68624.0
604042.93333,3811403.2,68635.2
490652.0,3809240.0,68648.0
490652.0,3809240.0,68648.0
481365.6,3807729.6,68667.2
473240.0,3806408.0,68684.0
472493.33333,3804409.0667,68696.8
471840.0,3802660.0,68708.0
471840.0,3802660.0,68708.0
407057.33333,3801694.9333,68722.933333
333020.0,3800592.0,68740.0
1664199.7333,3572509.6,68754.933333
3185548.0,3311844.0,68772.0
