vda,1.40,0.00,0.01,0,0
vda,28.00,0.00,0.12,0,0
vda,3.00,0.00,0.01,0,0
vda,1.80,0.00,0.01,0,0
vda,28.60,0.24,0.01,1,0
vda,12.20,0.00,0.05,0,0
vda,2.40,0.00,0.01,0,0
vda,2.20,0.00,0.01,0,0
vda,1.80,0.00,0.01,0,0
vda,1.80,0.00,0.01,0,0
vda,1.80,0.00,0.01,0,0
vda,3.00,0.00,0.01,0,0
vda,409.60,4.85,0.05,24,0
vda,438.00,5.67,0.02,28,0
vda,72.20,3.44,0.13,17,0
vda,145.40,1.30,0.03,6,0
vda,9.00,0.03,0.03,0,0
vda,39.20,0.00,0.71,0,3
vda,14.00,0.00,0.05,0,0
vda,13.60,0.00,0.05,0,0
vda,15.60,0.09,0.07,0,0
vda,7.80,0.00,0.03,0,0
vda,1.80,0.00,0.01,0,0
vda,3.60,0.00,0.02,0,0
vda,7.00,0.00,0.04,0,0
vda,1.80,0.00,0.01,0,0
vda,8.40,0.05,0.00,0,0
vda,2.20,0.00,0.01,0,0
vda,2.40,0.00,0.01,0,0
