vda,32.40,3.20,160.80,16,804
vda,44.40,0.00,221.60,0,1108
vda,36.60,0.00,162.40,0,812
vda,1.80,0.80,7.20,4,36
vda,10.20,0.00,74.40,0,372
vda,1.20,0.00,11.20,0,56
vda,31.20,107.20,196.80,536,984
vda,39.60,0.80,198.40,4,992
vda,37.80,0.00,174.40,0,872
vda,20.60,0.00,95.20,0,476
vda,5.80,0.00,27.20,0,136
vda,18.80,0.00,124.00,0,620
vda,4.20,0.00,16.80,0,84
vda,9.20,0.00,44.80,0,224
vda,7.00,0.00,60.00,0,300
vda,5.60,0.00,23.20,0,116
vda,3.60,0.00,14.40,0,72
vda,31.60,0.00,177.60,0,888
vda,24.41,0.00,146.28,0,1672
vda,28.60,0.00,128.80,0,644
vda,22.80,0.00,104.80,0,524
vda,29.14,0.00,145.21,0,1500
vda,16.80,1.60,72.80,8,364
vda,39.20,0.00,193.60,0,968
vda,21.76,0.00,95.36,0,1008
vda,33.40,0.00,171.20,0,856
vda,28.60,1180.80,100.00,5904,500
vda,11.80,1305.60,12.80,6528,64
vda,29.20,1459.20,112.00,7296,560
vda,57.60,947.20,254.40,4736,1272
vda,39.60,2406.40,96.00,12032,480
vda,29.40,3260.00,67.20,16300,336
vda,18.78,2221.53,25.89,97836,1140
vda,53.00,4457.60,119.20,22288,596
vda,17.80,2464.80,20.00,12324,100
vda,22.60,3240.80,50.40,16204,252
vda,37.60,4521.60,5.60,22608,28
vda,35.80,3045.68,80.49,49340,1304
vda,24.80,1220.80,72.80,6104,364
vda,15.20,1013.60,77.60,5068,388
vda,11.40,1494.40,7.20,7472,36
vda,25.00,1028.00,90.40,5140,452
vda,37.20,560.80,183.20,2804,916
vda,56.80,0.00,257.60,0,1288
vda,18.00,1566.99,37.13,33424,792
vda,18.35,862.18,71.09,17804,1468
vda,52.20,0.00,237.60,0,1188
vda,26.80,0.00,135.20,0,676
vda,57.00,4.00,235.20,20,1176
vda,20.20,0.00,129.60,0,648
vda,0.60,0.00,14.37,0,72
vda,25.40,7.20,840.80,36,4204
vda,24.80,1.60,124.00,8,620
vda,17.20,5.60,80.80,28,404
vda,38.60,0.00,192.00,0,960
vda,58.80,0.00,252.00,0,1260
vda,38.00,0.00,176.80,0,884
vda,43.20,0.00,253.60,0,1268
vda,24.60,0.00,180.00,0,900
vda,35.00,0.80,157.60,4,788
vda,29.60,0.00,189.60,0,948
vda,33.60,0.00,145.60,0,728
vda,9.20,1.60,44.80,8,224
vda,45.00,0.00,222.40,0,1112
vda,34.00,0.00,244.80,0,1224
vda,6.40,0.00,54.40,0,272
vda,7.20,2.40,34.40,12,172
vda,54.60,2.40,263.20,12,1316
vda,26.20,0.00,120.80,0,604
vda,14.40,0.00,92.00,0,460
vda,37.20,0.80,180.80,4,904
vda,1.60,0.00,76.80,0,384
vda,0.60,0.00,42.40,0,212
vda,68.20,0.00,278.40,0,1392
vda,48.80,2.40,240.80,12,1204
vda,42.00,0.00,220.80,0,1104
vda,11.40,0.00,56.80,0,284
vda,0.80,0.00,14.40,0,72
vda,14.40,0.80,102.40,4,512
vda,32.80,0.00,134.40,0,672
vda,12.00,4.00,208.80,20,1044
vda,25.80,0.00,104.00,0,520
vda,58.20,0.00,286.40,0,1432
vda,11.40,0.00,48.80,0,244
vda,22.00,0.80,138.40,4,692
vda,54.00,0.00,236.80,0,1184
vda,34.20,6.40,256.80,32,1284
vda,11.60,0.80,85.60,4,428
vda,19.40,0.00,80.80,0,404
vda,5.80,0.00,38.40,0,192
vda,10.80,3.20,94.40,16,472
vda,51.80,0.00,220.00,0,1100
vda,11.00,0.80,45.60,4,228
vda,38.00,0.00,212.80,0,1064
vda,52.80,0.00,226.40,0,1132
vda,39.80,0.00,284.00,0,1420
vda,7.00,0.80,64.80,4,324
vda,48.60,0.00,216.80,0,1084
vda,1.40,0.00,23.20,0,116
vda,0.80,1.60,29.60,8,148
vda,54.80,0.00,249.60,0,1248
vda,22.60,0.00,112.80,0,564
vda,12.00,2.40,220.00,12,1100
vda,52.40,0.00,214.40,0,1072
vda,20.00,0.00,92.80,0,464
vda,38.00,18.40,164.00,92,820
vda,35.20,144.80,136.00,724,680
vda,4.20,0.00,32.80,0,164
vda,12.60,0.00,83.20,0,416
vda,59.00,0.00,253.60,0,1268
vda,45.40,0.00,221.60,0,1108
vda,34.40,0.80,152.80,4,764
vda,21.60,0.00,222.40,0,1112
vda,0.60,0.00,15.20,0,76
vda,18.80,1.60,76.80,8,384
vda,30.80,24.00,162.40,120,812
vda,2.20,0.00,24.00,0,120
vda,11.00,0.00,110.40,0,552
vda,28.60,0.00,115.20,0,576
vda,45.00,0.00,200.00,0,1000
vda,51.30,0.00,330.54,0,1656
vda,55.71,0.00,246.09,0,1228
vda,18.80,6.40,92.80,32,464
vda,1.00,0.00,4.00,0,20
vda,33.80,0.00,178.40,0,892
vda,0.40,0.00,9.60,0,48
vda,33.00,0.80,164.80,4,824
vda,27.40,0.00,112.80,0,564
vda,47.60,0.00,312.00,0,1560
vda,56.09,0.80,253.89,4,1272
vda,27.60,0.00,149.60,0,748
vda,1.20,0.00,19.20,0,96
vda,10.20,0.00,76.80,0,384
vda,24.80,0.00,112.80,0,564
vda,46.00,0.00,189.60,0,948
vda,29.00,0.80,241.60,4,1208
vda,56.60,0.00,256.80,0,1284
vda,30.40,0.00,161.60,0,808
vda,1.40,3.20,34.40,16,172
vda,3.80,0.00,30.40,0,152
vda,33.00,0.00,153.60,0,768
vda,65.20,0.00,307.20,0,1536
vda,37.32,0.36,184.53,4,2052
vda,28.20,0.80,156.00,4,780
vda,34.80,0.00,181.60,0,908
vda,7.00,0.00,46.40,0,232
vda,37.20,0.00,197.60,0,988
vda,17.60,0.00,192.80,0,964
vda,19.40,0.00,89.60,0,448
vda,21.00,3.20,116.00,16,580
vda,43.20,0.00,192.00,0,960
vda,26.40,0.00,120.80,0,604
vda,42.80,0.80,219.20,4,1096
vda,20.60,0.00,119.20,0,596
vda,1.20,0.80,116.80,4,584
vda,24.20,0.00,130.40,0,652
vda,62.40,0.00,267.20,0,1336
vda,6.20,0.00,36.00,0,180
vda,17.80,1.60,121.60,8,608
vda,8.20,0.00,51.20,0,256
vda,43.40,0.00,192.00,0,960
vda,27.60,1.60,140.80,8,704
vda,37.20,0.00,193.60,0,968
vda,29.80,0.80,308.00,4,1540
vda,25.60,0.00,116.00,0,580
vda,6.40,0.00,27.20,0,136
vda,62.40,0.00,272.00,0,1360
vda,14.20,0.00,105.60,0,528
vda,26.80,0.00,126.40,0,632
vda,57.00,0.00,235.20,0,1176
vda,45.40,0.00,220.80,0,1104
vda,40.40,0.00,181.60,0,908
vda,16.60,0.00,195.20,0,976
vda,28.60,0.00,153.60,0,768
vda,33.60,0.00,167.20,0,836
vda,16.00,0.80,84.80,4,424
vda,31.00,0.00,164.00,0,820
vda,51.20,0.00,216.80,0,1084
vda,6.20,0.00,192.80,0,964
vda,32.40,0.80,164.00,4,820
vda,45.71,0.00,200.40,0,1004
vda,5.80,0.00,74.40,0,372
vda,31.60,0.00,156.80,0,784
vda,16.60,0.00,69.60,0,348
vda,2.80,0.80,39.20,4,196
vda,10.80,1.60,144.80,8,724
vda,47.40,0.00,228.00,0,1140
vda,14.20,0.00,76.80,0,384
vda,59.00,0.80,279.20,4,1396
vda,31.60,0.80,164.80,4,824
vda,14.80,0.80,68.80,4,344
vda,30.40,0.80,160.80,4,804
vda,37.80,0.00,273.60,0,1368
vda,17.00,0.00,86.40,0,432
vda,29.60,0.00,154.40,0,772
vda,15.20,0.00,63.20,0,316
vda,17.00,0.00,132.80,0,664
vda,22.80,4.00,124.80,20,624
vda,41.00,0.00,179.20,0,896
vda,8.40,0.00,156.80,0,784
vda,39.00,0.80,160.80,4,804
vda,23.20,0.00,130.40,0,652
vda,35.20,0.00,188.80,0,944
vda,19.20,0.80,117.60,4,588
vda,46.40,0.00,202.40,0,1012
vda,15.60,0.00,80.80,0,404
vda,31.60,0.80,270.40,4,1352
vda,23.20,0.00,102.40,0,512
vda,11.60,0.00,59.20,0,296
vda,14.80,0.00,104.00,0,520
vda,44.20,0.00,221.60,0,1108
vda,25.40,0.00,120.00,0,600
vda,4.60,0.80,62.40,4,312
vda,42.20,0.00,177.60,0,888
vda,32.40,0.00,265.60,0,1328
vda,52.80,0.80,270.40,4,1352
vda,12.40,0.00,52.80,0,264
vda,18.20,0.00,77.60,0,388
vda,13.60,62.40,108.00,312,540
vda,27.40,136.00,120.80,680,604
vda,24.20,0.00,112.80,0,564
vda,20.20,1.60,221.60,8,1108
vda,59.80,0.00,270.40,0,1352
vda,18.00,1.60,76.00,8,380
vda,33.00,0.00,169.60,0,848
vda,24.80,0.00,117.60,0,588
vda,24.00,0.80,136.00,4,680
vda,35.60,0.00,144.80,0,724
vda,36.60,0.00,196.80,0,984
vda,4.80,0.00,178.40,0,892
vda,23.20,0.00,95.20,0,476
vda,38.80,0.00,199.20,0,996
vda,16.00,1.60,87.20,8,436
vda,34.60,0.00,141.60,0,708
vda,36.40,0.00,183.20,0,916
vda,3.80,3.20,30.40,16,152
vda,46.80,0.00,348.00,0,1740
vda,19.20,0.00,79.20,0,396
vda,17.80,0.00,80.00,0,400
vda,36.40,0.00,188.80,0,944
vda,42.60,0.00,188.00,0,940
vda,9.40,0.80,72.80,4,364
vda,12.60,0.00,56.00,0,280
vda,37.40,0.00,306.40,0,1532
vda,1.00,1.60,9.60,8,48
vda,66.20,0.00,307.20,0,1536
vda,24.20,2.40,109.60,12,548
vda,0.60,0.00,13.60,0,68
vda,25.40,0.00,136.80,0,684
vda,16.40,0.00,79.20,0,396
vda,48.00,0.00,399.20,0,1996
vda,28.00,0.00,150.40,0,752
vda,41.40,0.00,180.00,0,900
vda,12.20,0.80,60.00,4,300
vda,24.00,0.00,98.40,0,492
vda,25.20,8.00,152.00,40,760
vda,5.60,0.80,74.40,4,372
vda,18.20,0.00,111.20,0,556
vda,51.30,0.00,219.56,0,1100
vda,25.40,1.60,272.80,8,1364
vda,17.20,0.00,73.60,0,368
vda,46.40,0.00,226.40,0,1132
vda,12.80,0.00,61.60,0,308
vda,21.60,2.40,153.60,12,768
vda,22.60,0.00,97.60,0,488
vda,42.20,0.80,180.80,4,904
vda,50.60,0.00,349.60,0,1748
vda,0.40,0.00,12.80,0,64
vda,18.00,0.00,87.20,0,436
vda,29.60,2.40,123.20,12,616
vda,44.60,0.00,232.00,0,1160
vda,0.60,0.00,13.60,0,68
vda,46.40,0.00,190.40,0,952
vda,34.80,0.00,310.40,0,1552
vda,0.00,0.00,0.00,0,0
vda,53.80,1.60,242.40,8,1212
vda,37.20,0.00,195.20,0,976
vda,6.40,0.00,63.20,0,316
vda,0.60,0.80,30.40,4,152
vda,53.20,0.00,228.80,0,1144
vda,19.40,0.00,196.00,0,980
vda,5.40,1.60,55.20,8,276
vda,31.40,0.00,136.80,0,684
vda,66.00,0.00,280.80,0,1404
vda,40.00,0.00,164.80,0,824
vda,13.20,0.00,73.60,0,368
vda,42.20,2.40,247.20,12,1236
vda,5.00,0.80,47.20,4,236
vda,30.00,0.00,135.20,0,676
vda,48.00,0.00,202.40,0,1012
vda,52.20,1.60,384.80,8,1924
vda,18.00,0.80,117.60,4,588
vda,24.00,0.00,97.60,0,488
vda,62.60,0.00,304.00,0,1520
vda,30.80,0.00,152.00,0,760
vda,18.80,0.00,100.00,0,500
vda,0.80,0.80,11.20,4,56
vda,51.80,0.00,269.60,0,1348
vda,45.80,0.00,338.40,0,1692
vda,11.40,0.80,44.80,4,224
vda,46.60,0.00,240.00,0,1200
vda,6.20,0.00,42.40,0,212
vda,8.20,0.00,32.80,0,164
vda,31.20,0.00,170.40,0,852
vda,2.60,0.00,26.40,0,132
vda,7.60,129.60,141.60,648,708
vda,40.40,0.00,200.80,0,1004
vda,42.20,0.00,189.60,0,948
vda,30.60,0.00,160.00,0,800
vda,33.20,0.80,136.80,4,684
vda,32.20,0.00,148.00,0,740
vda,25.20,0.00,179.20,0,896
vda,41.20,0.00,176.00,0,880
vda,7.00,0.00,177.60,0,888
vda,12.60,0.00,50.40,0,252
vda,50.40,0.00,261.60,0,1308
vda,17.80,0.00,77.60,0,388
vda,1.20,0.80,44.80,4,224
vda,51.40,0.00,220.00,0,1100
vda,37.60,0.00,200.80,0,1004
vda,2.00,0.80,158.40,4,792
vda,47.00,0.00,202.40,0,1012
vda,1.40,0.00,18.40,0,92
vda,26.35,0.80,140.52,4,704
vda,52.60,0.00,226.40,0,1132
vda,32.60,0.00,153.60,0,768
vda,4.40,0.00,44.00,0,220
vda,24.60,0.00,146.40,0,732
vda,28.60,0.00,259.20,0,1296
vda,16.00,2.40,91.20,12,456
vda,32.40,0.00,140.00,0,700
vda,24.80,0.00,120.80,0,604
vda,1.80,0.80,41.60,4,208
vda,26.40,0.00,105.60,0,528
vda,39.40,0.00,169.60,0,848
vda,25.60,0.00,147.20,0,736
vda,65.40,0.00,418.40,0,2092
vda,21.60,0.00,142.40,0,712
vda,13.00,0.80,80.80,4,404
vda,34.60,0.00,155.20,0,776
vda,0.60,0.00,10.40,0,52
vda,0.80,0.00,14.40,0,72
vda,56.00,0.00,337.60,0,1688
vda,56.40,0.00,254.40,0,1272
vda,32.60,0.80,167.20,4,836
vda,33.20,0.80,148.80,4,744
vda,24.00,0.00,104.00,0,520
vda,0.40,0.00,33.60,0,168
vda,25.20,0.00,101.60,0,508
vda,25.20,0.00,309.60,0,1548
vda,1.80,1.60,44.00,8,220
vda,39.60,0.00,160.00,0,800
vda,18.00,0.80,93.60,4,468
vda,58.00,1.60,275.20,8,1376
vda,19.00,0.00,78.40,0,392
vda,19.80,0.00,132.00,0,660
vda,26.20,2.40,109.60,12,548
vda,22.80,0.80,230.40,4,1152
vda,1.00,0.00,17.60,0,88
vda,23.00,0.80,104.80,4,524
vda,40.20,0.00,203.20,0,1016
vda,45.80,0.00,200.80,0,1004
vda,35.40,0.00,181.60,0,908
vda,25.80,0.00,141.60,0,708
vda,51.00,0.00,222.40,0,1112
vda,19.60,0.80,249.60,4,1248
vda,13.20,0.00,87.20,0,436
vda,32.20,0.00,146.40,0,732
vda,0.60,0.80,9.60,4,48
vda,29.20,0.00,168.80,0,844
vda,30.00,0.00,125.60,0,628
vda,46.40,0.00,200.00,0,1000
vda,50.60,0.80,251.20,4,1256
vda,21.00,0.00,232.00,0,1160
vda,1.60,2.40,46.40,12,232
vda,12.60,0.00,50.40,0,252
vda,34.40,0.00,172.80,0,864
vda,0.40,0.00,14.40,0,72
vda,22.20,0.00,125.60,0,628
vda,54.40,0.00,236.80,0,1184
vda,36.60,0.00,280.00,0,1400
vda,44.20,0.00,213.60,0,1068
vda,45.40,0.00,195.20,0,976
vda,5.00,0.00,60.80,0,304
vda,28.74,0.00,149.30,0,748
vda,0.40,0.00,10.40,0,52
vda,10.00,0.00,176.00,0,880
vda,22.40,0.00,91.20,0,456
vda,26.20,0.80,132.80,4,664
vda,35.60,0.00,156.80,0,784
vda,61.40,0.00,288.00,0,1440
vda,48.40,0.00,225.60,0,1128
vda,12.60,0.00,198.40,0,992
vda,40.40,0.00,198.40,0,992
vda,4.80,0.00,28.00,0,140
vda,1.20,0.80,16.00,4,80
vda,25.20,0.00,142.40,0,712
vda,48.00,0.00,242.40,0,1212
vda,8.20,1.60,67.20,8,336
vda,39.00,0.00,171.20,0,856
vda,49.40,0.00,208.80,0,1044
vda,27.20,0.80,264.00,4,1320
vda,14.00,0.00,93.60,0,468
vda,46.20,0.00,197.60,0,988
vda,23.00,0.00,124.00,0,620
vda,12.00,0.80,94.40,4,472
vda,51.00,0.00,216.00,0,1080
vda,48.40,102.40,209.60,512,1048
vda,53.00,370.40,126.40,1852,632
vda,50.20,89.60,334.40,448,1672
vda,26.40,2.40,129.60,12,648
vda,34.00,0.00,171.20,0,856
vda,26.20,0.00,147.20,0,736
vda,0.80,0.80,12.80,4,64
vda,51.20,0.00,210.40,0,1052
vda,28.60,0.00,152.00,0,760
vda,22.40,1.60,106.40,8,532
vda,46.80,0.00,220.80,0,1104
